3.186237644091162480e+01 1.482838119262018672e+01 2.192570322353562418e+01
2.006912856011497865e+02 1.235642213944211392e+02 1.578550728888628214e+02
1.969081043029360956e+02 1.186669404276537705e+02 1.624186489895286343e+02
1.417649957469275250e+02 7.717739711964333083e+01 9.913806353210335942e+01
1.942484527615639536e+02 1.169394157158360912e+02 1.612340803097409889e+02
2.376223858270026028e+02 1.683228815299328289e+02 2.358671281494735013e+02
2.416398967529991353e+02 1.726105652186665793e+02 2.526126917549057112e+02
2.316309213034933805e+02 1.668459214501510530e+02 2.081339864488311377e+02
2.348479159944856747e+02 1.703217962631625255e+02 2.128810899598157960e+02
2.337335963394245084e+02 1.673193470800457590e+02 2.451717507992842968e+02
2.294728389992080508e+02 1.618481066494588276e+02 2.032833279558853690e+02
2.332786202446249888e+02 1.701645205760713395e+02 2.091838500571964801e+02
2.310161470096500693e+02 1.700806470536473682e+02 2.069040712169653489e+02
2.294494177690434924e+02 1.663559675006599718e+02 2.057510046050508947e+02
2.296607808054439204e+02 1.644669580265743605e+02 2.023973542956032077e+02
2.348844484204968808e+02 1.767643357874050309e+02 2.100479717244008953e+02
2.358167805707916500e+02 1.730466811368902711e+02 2.111604581585662856e+02
2.369921538145660520e+02 1.768868536063121439e+02 2.148889068137154368e+02
2.394833396884991146e+02 1.750904437861144629e+02 2.157897955592057144e+02
2.407344616196873233e+02 1.789912592027689016e+02 2.148085530754113677e+02
2.401335171442818250e+02 1.800471064441380804e+02 2.164640835362097846e+02
2.402161000791951437e+02 1.819376558237761401e+02 2.157920834188836352e+02
2.421855659519549420e+02 1.835531194086762810e+02 2.189754641715308026e+02
2.409824010794004607e+02 1.835978353327662660e+02 2.173458774528495496e+02
2.443205790044877119e+02 1.830863080397735700e+02 2.224900272783269202e+02
2.449823570820989573e+02 1.840287889009474043e+02 2.198740650573431594e+02
2.437293432669463016e+02 1.822872290499516055e+02 2.195060422960725077e+02
2.425368110755873658e+02 1.810651306719854574e+02 2.200644560466957955e+02
2.406458950517701680e+02 1.798868829378464795e+02 2.179438741090546330e+02
2.393634910392162567e+02 1.813912973337635322e+02 2.167712286979731857e+02
2.426166515120405904e+02 1.854941923562021486e+02 2.197769190156336947e+02
2.470480890505382376e+02 1.922669316281934755e+02 2.238942451529639470e+02
2.502463115595576824e+02 1.979600944475405413e+02 2.301423312703487625e+02
2.521158155633121112e+02 2.154492271140703394e+02 2.423001935881266036e+02
2.367294165957821122e+02 1.817877276860352538e+02 2.142589094535535139e+02
2.275265743701052941e+02 1.623238054732643150e+02 2.014909952189599096e+02
2.219709617810107716e+02 1.535137124923004706e+02 1.934822397559616434e+02
2.469304989293989934e+02 1.537925527234329763e+02 2.007599947203238173e+02
1.702960285102513751e+02 3.946978851963746138e+01 9.704530255477664014e+01
1.714374651688029871e+02 5.928338661895404016e+01 1.077126242923767308e+02
1.871388408177631675e+02 5.388500571964919317e+01 1.120902677969084493e+02
1.993864429648315024e+02 6.784565746634206107e+01 1.222824040125538971e+02
2.128836858006042405e+02 4.524129586718681395e+01 1.366515560378963414e+02
2.201173408030974201e+02 4.527001143929838634e+01 1.511983545009239549e+02
2.092674742615786272e+02 5.048663948611152108e+01 1.428116328865162927e+02
1.887571788930278842e+02 4.462474701551638390e+01 1.257235942862171072e+02
1.816460710409761532e+02 4.753484586278707980e+01 1.220718769248819342e+02
1.646292640718035898e+02 3.910053383392484960e+01 1.021700495702930169e+02
1.878665121872525106e+02 6.112410172176106471e+01 1.114750535300501610e+02
2.280751473909600122e+02 1.067407385680344873e+02 1.484064470712463049e+02
2.363651336051388796e+02 1.240418121021910594e+02 1.672729739242659832e+02
2.454837649957469239e+02 1.364100255184348782e+02 1.838675974540228140e+02
2.510000000000000000e+02 2.530000000000000000e+02 2.500000000000000000e+02
2.510000000000000000e+02 2.530000000000000000e+02 2.500000000000000000e+02
2.510000000000000000e+02 2.530000000000000000e+02 2.500000000000000000e+02
2.510000000000000000e+02 2.530000000000000000e+02 2.500000000000000000e+02
2.510000000000000000e+02 2.530000000000000000e+02 2.500000000000000000e+02
2.510000000000000000e+02 2.530000000000000000e+02 2.500000000000000000e+02
2.510000000000000000e+02 2.530000000000000000e+02 2.500000000000000000e+02
2.510000000000000000e+02 2.530000000000000000e+02 2.500000000000000000e+02
2.518774235180242158e+02 2.289437127856158156e+02 2.371546065174669309e+02
2.519807878450121734e+02 2.209515149737482975e+00 9.922522218637256231e+01
2.519034992520458616e+02 2.908954917431730847e-01 9.308680667585721835e+01
2.525904144545801273e+02 1.040536180447599185e-01 8.914475112193119344e+01
2.521041709441821013e+02 1.826665297861731041e+00 7.944573666148475866e+01
2.525850467837972531e+02 1.316721907722993024e+00 9.138685360631214394e+01
2.516662951338984442e+02 3.111899803478719750e+00 1.069315401988678076e+02
1.982892675915877021e+02 6.247464288856949821e+01 1.046730413867949494e+02
1.608618191417592982e+02 4.377411785410495071e+01 8.320658199630422303e+01
1.442766843633590383e+02 3.979582318951104014e+01 7.340339659167571540e+01
1.492331417006423635e+02 4.215039744229020613e+01 7.891451324318775562e+01
1.576737306778517507e+02 4.649114187663156628e+01 8.915007479541255009e+01
1.582163787287713035e+02 4.788302584108174642e+01 8.202126536239110521e+01
1.601458510544686646e+02 5.474386237644090869e+01 9.380765846361423144e+01
1.744376264922418045e+02 6.235235972193705578e+01 1.159813158126301573e+02
1.782528671574810062e+02 6.066330331739653303e+01 1.175767459595811459e+02
1.832980963834218073e+02 6.917865837561963360e+01 1.331435485290235476e+02
1.912403425923210136e+02 8.046068107822719639e+01 1.365244771654005262e+02
1.889101721761065278e+02 8.119292816707242366e+01 1.429934150705423406e+02
1.914337547297099036e+02 6.967802774763147511e+01 1.390683718065291998e+02
1.835717595987446202e+02 6.903672308098437327e+01 1.385394655794444532e+02
1.850841081746986276e+02 7.615506115624909000e+01 1.404977121403220508e+02
1.840363564368052209e+02 7.131541665444520106e+01 1.454694658727597982e+02
1.776783063972076491e+02 7.412913207989909381e+01 1.454826064001407815e+02
1.798696653271932746e+02 6.924070923650016596e+01 1.424803478719971963e+02
1.798864282990643346e+02 7.003109142639252127e+01 1.419669433608071927e+02
1.782708180564925442e+02 7.421787463702226262e+01 1.410554365998885373e+02
1.797594227554043300e+02 7.393919572932860262e+01 1.454061244243686417e+02
1.817262047927727053e+02 7.149293110022584585e+01 1.494191329598451432e+02
1.956729827237262782e+02 8.668741383861789984e+01 1.728121021910656054e+02
2.347072859531282063e+02 1.218743877042208084e+02 2.151490481917109037e+02
2.521680696917255773e+02 2.146747426157862435e+02 2.351489161998064219e+02
2.521073240841228369e+02 2.242642477928020526e+02 2.416476696095972727e+02
2.520738568034493881e+02 2.258255653653242518e+02 2.381739653301264070e+02
2.508154899832810258e+02 4.846719267884903104e+01 2.120441146276361621e+02
2.500483677001143974e+02 3.281107558736397323e+01 2.012900888745490136e+02
2.507954418795647200e+02 2.585334232833719526e+01 1.939635702343589685e+02
2.511001085266770190e+02 6.563869416009151081e+00 1.832324377438183660e+02
2.519290763499838590e+02 1.730712756284281113e+02 2.002205731381808675e+02
2.522421611474496217e+02 2.078388818819112487e+02 2.121685096647405544e+02
2.510000000000000000e+02 2.530000000000000000e+02 2.500000000000000000e+02
2.515308861056522005e+02 1.252098671281494688e+02 1.657172146774997827e+02
2.499809198369166552e+02 8.941358929985626958e+01 1.220694717390666710e+02
2.408506731587129366e+02 1.021330918370340015e+02 1.333510838001935781e+02
2.518787581028363718e+02 1.892568709119173889e+02 2.180921156835714214e+02
2.519235766872965030e+02 2.384815797964391493e+02 2.520251517906901597e+02
2.527208957850585023e+02 2.349984014313788805e+02 2.513770715396122455e+02
2.510000000000000000e+02 2.530000000000000000e+02 2.500000000000000000e+02
2.520986272841932418e+02 2.504402516645645846e+02 2.462070952981550533e+02
2.520122605813510006e+02 2.301810928929692182e+02 2.369525122459155853e+02
2.520437919807585274e+02 2.034348399964802070e+02 2.252858358020708067e+02
2.517040888158859673e+02 1.743293491332531744e+02 2.117670636200979573e+02
2.242488487372774557e+02 9.291089079869767886e+01 1.366717801308186324e+02
1.630695450679025100e+02 3.571263895814389855e+01 7.404261871938521722e+01
1.893845950781685303e+02 4.274226380781978918e+01 8.907582201624967411e+01
2.182064940017012304e+02 6.449268178218402170e+01 1.167660516821634928e+02
2.298343061625553503e+02 7.094946176634499579e+01 1.406732467075352702e+02
2.516651365382923302e+02 1.376851699762414682e+02 2.073548968996568078e+02
2.519131346610741105e+02 2.432332003637110347e+02 2.440534567213210835e+02
2.516215352125069558e+02 1.613837151321385761e+02 2.052960431760185429e+02
2.490551579503123776e+02 1.409504150412108174e+02 1.938851523773208498e+02
2.509886046989118142e+02 1.608493385739008090e+02 2.060332179626316247e+02
2.520209573812806241e+02 2.008769102161733997e+02 2.519163024667820423e+02
2.521254803038746957e+02 1.806919015633707772e+02 2.518762502566509340e+02
2.519248526090399878e+02 1.778173085384096339e+02 2.516645792391400107e+02
2.520562872143841844e+02 2.168426363183058072e+02 2.521444578065878659e+02
2.520682251488575503e+02 2.148553662042061490e+02 2.521278268266212876e+02
2.520776992344469534e+02 2.145447452556243206e+02 2.522354442260874805e+02
2.523512157920980883e+02 2.223313876748892710e+02 2.524762561229577784e+02
2.473733024374504907e+02 1.761379462059660455e+02 2.515411081453670761e+02
2.516515120405948380e+02 1.788721438418443768e+02 2.514896606341477820e+02
2.511923415363857544e+02 2.521211539025606498e+02 2.503917959698471805e+02
2.057664183263426594e+02 1.184243539729563253e+02 1.707831666324465516e+02
2.082579121813862173e+02 1.238895374417035811e+02 1.723613351714428177e+02
1.941550464904819080e+02 1.064647288299650967e+02 1.565257677529111504e+02
1.833571847593347570e+02 9.470185961927668927e+01 1.567140322060246831e+02
2.034548587686621772e+02 1.190924089989147348e+02 1.861193646789663489e+02
2.125055436599888594e+02 1.294023259906725798e+02 1.834260258704132696e+02
2.186162848678614239e+02 1.425440706303346587e+02 1.957414718563928204e+02
2.236908456281348094e+02 1.426976798756342930e+02 2.220225412841345758e+02
2.510000000000000000e+02 2.530000000000000000e+02 2.500000000000000000e+02
2.510000000000000000e+02 2.530000000000000000e+02 2.500000000000000000e+02
2.510000000000000000e+02 2.530000000000000000e+02 2.500000000000000000e+02
2.510000000000000000e+02 2.530000000000000000e+02 2.500000000000000000e+02
2.510000000000000000e+02 2.530000000000000000e+02 2.500000000000000000e+02
2.510000000000000000e+02 2.530000000000000000e+02 2.500000000000000000e+02
2.510000000000000000e+02 2.530000000000000000e+02 2.500000000000000000e+02
2.273328689173730766e+02 1.440193734784266439e+02 2.469138092863637723e+02
1.801351303786701123e+02 9.959126506907576015e+01 1.464248086117384844e+02
1.704572492887103010e+02 8.920819523069252455e+01 1.557671662804681318e+02
2.389954682779456334e+02 1.479465139471445809e+02 2.511098319303082747e+02
2.516904936497228107e+02 2.373889654767840796e+02 2.522418385005719585e+02
2.510000000000000000e+02 2.530000000000000000e+02 2.500000000000000000e+02
2.100162496700202439e+02 1.381951720294488553e+02 2.327976710761739980e+02
1.537640864693632068e+02 7.221350423840671340e+01 1.368318716452057515e+02
2.195082274953802823e+02 1.177637051594168867e+02 2.445159270231425808e+02
2.312264541108145295e+02 1.281932508139500726e+02 2.508739037339043136e+02
1.773645029771507211e+02 8.171275628428122673e+01 2.021079253805766598e+02
1.238203736837473912e+02 5.885868066758572326e+01 1.116548265039744194e+02
1.955320593670254823e+02 1.241677910421494175e+02 2.320636640952688197e+02
2.224217141348663915e+02 1.648100049863608376e+02 2.519477458715865339e+02
1.306308333088904021e+02 4.353867362801748442e+01 2.165658639603437621e+02
1.621770744727656677e+02 6.573287771683337155e+01 2.477152494646994967e+02
1.532221130437333159e+02 6.459585545419881214e+01 2.291933094770187438e+02
1.323796380488663260e+02 5.352265861027190397e+01 2.094529375531633946e+02
1.147701287654357145e+02 5.110336432698794340e+01 1.915739887953538982e+02
1.211334291496788182e+02 5.336702548910333377e+01 1.975741647845598834e+02
1.538315489983280884e+02 6.948848737277447185e+01 2.291769278150940181e+02
1.708402311324905440e+02 7.932499340040477875e+01 2.405213386912269300e+02
1.704744815651306737e+02 7.560656146423019663e+01 2.324706391341331084e+02
1.733077904555187274e+02 8.342039421582143177e+01 2.330348605285542476e+02
1.823952570908984114e+02 9.597690141671310471e+01 2.405292728712638848e+02
1.864681459537148385e+02 9.624431701522306071e+01 2.447723726278121603e+02
1.827804241339864575e+02 9.319701991611181313e+01 2.398745196961253043e+02
1.797199865074942124e+02 9.272928460387763039e+01 2.286528466254069656e+02
1.861379315401988777e+02 9.155922036781744566e+01 2.329489191329598441e+02
1.983948757809521055e+02 1.032407092365001660e+02 2.487361775144457852e+02
2.337310298301704279e+02 1.880487783415950389e+02 2.516972399026193159e+02
2.510000000000000000e+02 2.530000000000000000e+02 2.500000000000000000e+02
2.208865896225031520e+02 1.293676267855571496e+02 2.511162262047927811e+02
2.096494001701229024e+02 1.132685301968145950e+02 2.510189775027131702e+02
2.319086469363212473e+02 1.368979995893585055e+02 2.507965564778693590e+02
1.717127856158155623e+02 9.380004693045492559e+01 1.357619745988912712e+02
1.770788724958202636e+02 1.020970873786407793e+02 1.405748687413838525e+02
1.819004341067081327e+02 1.040885372363828338e+02 1.445279236206845894e+02
1.787889302789428996e+02 9.496934854662247005e+01 1.399177837092658194e+02
2.146813128794767351e+02 1.456906696389288243e+02 1.806019417475728233e+02
2.519996920188895047e+02 2.115554365998885373e+02 2.347397852931686941e+02
2.510000000000000000e+02 2.530000000000000000e+02 2.500000000000000000e+02
2.510000000000000000e+02 2.530000000000000000e+02 2.500000000000000000e+02
2.510000000000000000e+02 2.530000000000000000e+02 2.500000000000000000e+02
2.351284721203766139e+02 1.699712550963540991e+02 2.063204763441175658e+02
2.139511483295691221e+02 1.422360161910069394e+02 1.791514533775261668e+02
2.015754847036048432e+02 1.243947144575132739e+02 1.681133077171266734e+02
1.888613498372099855e+02 1.080014079136479666e+02 1.553251107265421069e+02
2.514318335142111209e+02 2.463150646760332165e+02 2.510349191916229188e+02
2.496670577537911129e+02 2.168345408148300351e+02 2.522166427125802954e+02
2.483465520781392115e+02 2.091934121373889184e+02 2.520638547502419726e+02
2.522662716686709814e+02 2.229984747602147195e+02 2.523012055260610680e+02
2.226403513917813086e+02 1.362465168802980031e+02 2.510896225031531515e+02
2.129949843076291245e+02 1.256320065702636839e+02 2.364259818731117946e+02
1.854411609421288745e+02 1.045681958173232005e+02 1.626363329715777297e+02
1.778267826239990654e+02 1.052280380136684954e+02 1.376937347842665531e+02
1.839438154459859902e+02 1.072209397823600199e+02 1.449335200774352472e+02
1.886488428709705829e+02 1.108407297685741923e+02 1.504548734344293450e+02
2.079114627636171519e+02 1.312381280614789034e+02 1.759471592408998788e+02
2.177285953128208007e+02 1.494058311090253142e+02 1.840433520077435219e+02
2.191337664623236492e+02 1.502844718857243436e+02 1.905079195142697870e+02
2.246701228991288417e+02 1.603765729035285972e+02 1.933857243422403371e+02
2.238759129440061031e+02 1.570737541430792135e+02 1.922193852110403895e+02
2.221165928489719192e+02 1.521494441674244058e+02 1.876458803860030002e+02
1.300278942891502538e+02 6.467758777461648378e+01 1.086400727422051489e+02
7.225575631361276407e+01 2.756018830845041379e+01 6.355300208253893857e+01
1.869888246854193028e+02 1.115735488223388927e+02 1.549574106121491184e+02
2.365619921978118612e+02 1.762423957997242780e+02 2.102470301821488192e+02
2.481918575660692738e+02 1.953754143079224548e+02 2.238625524301176313e+02
2.510000000000000000e+02 2.530000000000000000e+02 2.500000000000000000e+02
2.519009327427917810e+02 2.059387410905464435e+02 2.323787434370692040e+02
2.497014783093303549e+02 1.965499222714340135e+02 2.232331417006423635e+02
2.467618719385210966e+02 1.932451382981843722e+02 2.294846009444754031e+02
2.437640424720617034e+02 1.906590355791511513e+02 2.180231279148212309e+02
2.510000000000000000e+02 2.530000000000000000e+02 2.500000000000000000e+02
2.510000000000000000e+02 2.530000000000000000e+02 2.500000000000000000e+02
2.387730325873346544e+02 1.825869533335288679e+02 2.141007831519666809e+02
2.418806059894993155e+02 1.858151966679376983e+02 2.197177866424192700e+02
2.439161851406446999e+02 1.870029771507347505e+02 2.205770539406916271e+02
2.350865133605138908e+02 1.747692928167072353e+02 2.515958554541988121e+02
2.392956472003050408e+02 1.762486580823042743e+02 2.516703868829378337e+02
2.379961722347696025e+02 1.755806910509488716e+02 2.495772592614319763e+02
2.088253893761182667e+02 1.364943243481066588e+02 2.187723579620449925e+02
2.188718505265010492e+02 1.513791100812483421e+02 1.938695626668231000e+02
2.111118704719443997e+02 1.411462176986478028e+02 1.786485495556272554e+02
2.143467280673451967e+02 1.455212506966239516e+02 1.958169712257648314e+02
1.794945003373126440e+02 1.136530079488457972e+02 1.600986419499604096e+02
1.194179890300061544e+02 1.015113806353210322e+02 2.214645381749919295e+02
1.189110227906021748e+02 1.176746986184847259e+02 2.442393306543865208e+02
1.119242659783533327e+02 1.181909776200393054e+02 2.448666001818555173e+02
9.909317161880737501e+01 1.115197401226058105e+02 2.472080632387880144e+02
1.024997066846566725e+02 1.022489220661132805e+02 2.464765347725339382e+02
8.080362537764349895e+01 9.514442847505353029e+01 2.442427477781362768e+02
8.873336168714985206e+01 4.688685360631214394e+01 1.018317983163699267e+02
1.009781333411550719e+02 1.053994808318423111e+02 2.510807790455518784e+02
1.037937113190391045e+02 1.007398879535388545e+02 2.470189628369460024e+02
9.411607954712110313e+01 6.326634499750682039e+01 1.735142257941512867e+02
1.303261813275452425e+02 1.184505177015809636e+02 2.498680227612706517e+02
1.279708444548734292e+02 1.286143783181298090e+02 2.502189892353268874e+02
8.387321444284751237e+01 4.920175695890652179e+01 1.375672278766902252e+02
1.259269498137447556e+02 1.140572404892499918e+02 2.479180330273076720e+02
1.304382717859971308e+02 1.286270495409614796e+02 2.510223652949285906e+02
9.421304959962455428e+01 6.650504502390519690e+01 1.749356319479071828e+02
1.254513243187751215e+02 1.061129557387146889e+02 2.279744082362948348e+02
1.336604874901006212e+02 1.323422696741266407e+02 2.503740210600416560e+02
1.177936966532719367e+02 9.647914527908955051e+01 2.176443698119848591e+02
1.137474848209309783e+02 8.923321502947818828e+01 1.994336520693397574e+02
1.377485260903997926e+02 1.221821048309037110e+02 2.487775936409233566e+02
1.237068899774147184e+02 1.088554248672748059e+02 2.345988619364678982e+02
1.089857302085472099e+02 8.665311060921597175e+01 2.006090399788812988e+02
1.301801249523362571e+02 1.151865485583550850e+02 2.399555480597190069e+02
1.248235561552224766e+02 1.192384213768222168e+02 2.407469568533130087e+02
1.139080163083330888e+02 9.109113307717126418e+01 2.001028363593699453e+02
1.260907077699234407e+02 1.167209544481271877e+02 2.280724048924999181e+02
1.320245358284691974e+02 1.253811192913501316e+02 2.420903264599771205e+02
1.189294869914645290e+02 9.150608629337401112e+01 2.018979409262898628e+02
1.234329774440500955e+02 1.066968439269058138e+02 2.216404247206171476e+02
1.330987299445633880e+02 1.206908749596691450e+02 2.408004722377027633e+02
1.169565599976534713e+02 1.018139794092628989e+02 2.117488340715102879e+02
1.196936761211978961e+02 9.997740005279676723e+01 2.148128794767254135e+02
1.320628134807731726e+02 1.189543161352770397e+02 2.370469304549320952e+02
1.210494383011175330e+02 1.038079811104918946e+02 2.188285865133605057e+02
1.211900683424750014e+02 1.045043850643827170e+02 2.128216496054908760e+02
1.307676502507846124e+02 1.110799137652890636e+02 2.326298360367230771e+02
1.293302144135159608e+02 1.077610653213269529e+02 2.250058223095650192e+02
1.225828175871879893e+02 1.027137828879828731e+02 2.155619042032088828e+02
1.314184436687883135e+02 1.149798785674478694e+02 2.307106737453436267e+02
1.278030974100255150e+02 1.120055436599888594e+02 2.265810723608952060e+02
1.203034787199718352e+02 1.049796879124747022e+02 2.155584137506232878e+02
1.351974452233596367e+02 1.143752236529492876e+02 2.306201419646261570e+02
1.287766550318247027e+02 1.116463936878538163e+02 2.275767019622796568e+02
1.224530548793007370e+02 1.092036488428709760e+02 2.157175813216789493e+02
1.241552664769894108e+02 1.156027776963012883e+02 2.288145073768808970e+02
1.253048719678526339e+02 1.093890241398527507e+02 2.283228228668641577e+02
1.224787493033760626e+02 1.022812014196462655e+02 2.178214736162848624e+02
1.304251899216847903e+02 1.091292054087349328e+02 2.282621212565629207e+02
1.288638283518610876e+02 1.022536444431408142e+02 2.271437831812982040e+02
1.238091983691666940e+02 1.063161352770363379e+02 2.173631977238729291e+02
1.294878420790191456e+02 1.087933300090927702e+02 2.290775232452409682e+02
1.284482151761358750e+02 1.093879682046167829e+02 2.279677353122341970e+02
1.269703458187897809e+02 1.089671780130818632e+02 2.186740973220309172e+02
1.273909746868858690e+02 1.122226996744199710e+02 2.262703634177103709e+02
1.249287683688733779e+02 1.048984688939078467e+02 2.249617516792303320e+02
1.229349279910832138e+02 1.054449447100577828e+02 2.208686093919573068e+02
1.222620332619599282e+02 1.079376264922418045e+02 2.246730560525621172e+02
1.269493004429061642e+02 1.117408998914733189e+02 2.251354970228492789e+02
1.232367934766667616e+02 1.142762737218783968e+02 2.221705628721438472e+02
1.221912269380811296e+02 1.113598539289590263e+02 2.248297597747338159e+02
1.247102924353972924e+02 1.108875428973689594e+02 2.256178834364825718e+02
1.291214472179039774e+02 1.075987006130290666e+02 2.216696829261138646e+02
1.266948493825712063e+02 1.105562578828498488e+02 2.244105534860528621e+02
1.199820930982899654e+02 1.096155369137359514e+02 2.263753556448537836e+02
1.228958290558179129e+02 1.054578212536297741e+02 2.232121256562930682e+02
1.209344733523010547e+02 1.085442759510749937e+02 2.255254011087319839e+02
1.274907898982195746e+02 1.142264834423488651e+02 2.287575748687413864e+02
1.193145513741823862e+02 1.073771741999824059e+02 2.223784941190273798e+02
1.246972252368521339e+02 1.112266887630892001e+02 2.251465256797582981e+02
1.241250696623940399e+02 1.183557035168509657e+02 2.307653183938051882e+02
1.218557181826181335e+02 1.113032587334643466e+02 2.211629220074502200e+02
1.243164432581468333e+02 1.074057577801894752e+02 2.212209691138943413e+02
1.268620977913354579e+02 1.184286363769688819e+02 2.298740210600416560e+02
1.226274161851406461e+02 1.039697151908016366e+02 2.232905288475640191e+02
1.239187516498988089e+02 1.145999178717038660e+02 2.215358138034200692e+02
1.283590326459977007e+02 1.138468747250168605e+02 2.283650016132343978e+02
1.237288152993283035e+02 1.062769043498665411e+02 2.209837503299797561e+02
1.229005514328454467e+02 1.136040096207432555e+02 2.232747044847916129e+02
1.248380166016484338e+02 1.131335318100489786e+02 2.294955709383157796e+02
1.246498108116035581e+02 1.001160942128882709e+02 2.198051652831959757e+02
1.267969671193500147e+02 1.098406711055055354e+02 2.274371131903909884e+02
1.276708268559528392e+02 1.104870354618250019e+02 2.273462880943302196e+02
1.227047194438741116e+02 1.074893379872701189e+02 2.180450239052004804e+02
1.258054439327721212e+02 1.138111635819669658e+02 2.272528231601795028e+02
1.246324025459771860e+02 1.109714457513272521e+02 2.242202651570703722e+02
1.253296571143636555e+02 1.002580001759892099e+02 2.185499956002698525e+02
1.270280262810547640e+02 1.102960578417857107e+02 2.293463320916317230e+02
1.293788754289736858e+02 1.124590091807702521e+02 2.260355498196110773e+02
1.209167277740298658e+02 1.108865456252016486e+02 2.188596926055201948e+02
1.258833778194937310e+02 1.142015369723990261e+02 2.283895227759363991e+02
1.271814448713812169e+02 1.130016718974569585e+02 2.278324142785909032e+02
1.177341976358783313e+02 1.107064793359340626e+02 2.207973630950635027e+02
1.241489308655735755e+02 1.093497932126829539e+02 2.258486346170768115e+02
1.191614114334320789e+02 1.074207315284662485e+02 2.248435162643357899e+02
1.166248056785850480e+02 9.918612325110726147e+01 2.163164579239139869e+02
1.139426128530783444e+02 1.103707065966620746e+02 2.230750593963570338e+02
1.170678145073768803e+02 9.738221922388760277e+01 2.234373625084328125e+02
1.463761475962807594e+02 3.630950635027718199e-01 4.210403895227759108e+01
1.526696242630451934e+02 1.834980787845012229e-01 5.472223036987064582e+00
1.672151908016308255e+02 1.127797495086968055e-01 6.592878303464054568e+00
1.761706801982811612e+02 1.835567418531663386e-01 1.134471885724342322e+01
2.154762561229577784e+02 4.750241985158243363e-02 4.367993429736309707e+01
2.242419998240108043e+02 7.739125333646203198e-02 6.146638606165488738e+01
2.339166837767283482e+02 2.889156131757252347e-02 6.686118851377115391e+01
2.399139999413369253e+02 3.802833426216525176e-02 4.834971988384712205e+01
2.427580441732906991e+02 5.433666735106913726e-02 3.395846654738509329e+01
2.503551168861643248e+02 3.059279030886105644e-02 3.076352917021089439e+01
2.494155691784237092e+02 2.848091983691666829e-02 1.182742791775437752e+01
2.372632798521690631e+02 5.792978030680785012e-03 1.348282638664828559e+00
2.351925175255917679e+02 4.888100196521279889e-02 2.638371513213856323e-01
2.312333763529170199e+02 4.220807790455518432e-02 4.872261167981696950e+00
2.250791511453964233e+02 4.055084621476549162e-02 4.989645968380606256e+00
2.192874637022262618e+02 2.022409292230076608e-02 3.085428093743583844e+00
2.134459126506907580e+02 1.121197899862141772e-01 1.143438535769806030e+01
2.091141583316223205e+02 1.520106766784970476e-01 1.054380664652567923e+01
2.090049130320007009e+02 8.792127416185140099e-02 7.120963247587480893e+00
2.094054351333118120e+02 1.179714310855600884e-01 1.046288094330214413e+01
2.118682280820109725e+02 1.498841404393863874e-01 1.532547737072126282e+01
2.115517994896312928e+02 1.248936731880444656e-01 7.892749244712990553e+00
2.084607104097615320e+02 1.741999824010793951e-01 1.497530284809198342e+01
2.066057401812688852e+02 1.782330683718065245e-01 1.710112046461150470e+01
2.028794913911946765e+02 1.756958906520399988e-01 2.301259789399583511e+01
2.039667527058340397e+02 2.106297480421200907e-01 2.468165019212154832e+01
2.033136127650837466e+02 2.176546505147684274e-01 3.121057108497345567e+01
2.041421259496084133e+02 2.161880737981403677e-01 2.282349749215381607e+01
2.023914293256680139e+02 2.246942187545830638e-01 2.953949491097879232e+01
2.071822661543425284e+02 1.206552664769894173e-01 2.973023787874343782e+01
2.080598509958055899e+02 1.471709735136244868e-01 3.104820637667556227e+01
2.061496788196990622e+02 1.830287742351802416e-01 3.487730619188689474e+01
2.071925761886604391e+02 2.364121667204411581e-01 3.441998357434077604e+01
2.046196579943096765e+02 1.502067873170445655e-01 4.538010735341566004e+01
2.053639163464640944e+02 1.860205907371014489e-01 2.711389434781333563e+01
2.035382923180711714e+02 1.484908925585897432e-01 3.109799665620508691e+01
2.032220543806646447e+02 1.838207256621594010e-01 3.830890505382336642e+01
2.038727451382981712e+02 1.570703663508638270e-01 4.329649781480069493e+01
2.037140908690933543e+02 1.741413193324142794e-01 3.635888598832605112e+01
2.038915613175725241e+02 8.858123368433402922e-02 3.993945971313759458e+01
2.031856539465579488e+02 1.107852051740826627e-01 5.377917754377731541e+01
2.033777754964362146e+02 1.568063825418707646e-01 4.259893526530373009e+01
2.019318481799782887e+02 9.686739213328249276e-02 5.147527351655764960e+01
2.017034875194321444e+02 8.755462998269439301e-02 3.947684275364444062e+01
2.039234593611591890e+02 1.443258146833660827e-01 4.287588361247176749e+01
2.023154753175138580e+02 2.378494119027366460e-01 4.673972663010002293e+01
2.040227466048748965e+02 8.721731733786994289e-02 4.035193441468923226e+01
2.040502449183116767e+02 1.271815328659842148e-01 5.268148886868272029e+01
2.049679992960431889e+02 2.121549878274132384e-01 4.789015340392455755e+01
2.049680286275774961e+02 9.672073446161968957e-02 4.527301792156747950e+01
2.036870765259730831e+02 1.150822749538028267e-01 5.228089343853577020e+01
2.021927961751679277e+02 1.869738656029096835e-01 4.414410582817587425e+01
2.024968615258264037e+02 4.936497228170005913e-02 4.998678614378317775e+01
2.023260346698735930e+02 1.500161323438829186e-01 5.356464670166896269e+01
2.000914117267474239e+02 9.267298272372627432e-02 4.934753468453934744e+01
2.013927932420144771e+02 1.601061801542838781e-01 4.983628604112281124e+01
2.006779250872613147e+02 1.371689203062212148e-01 5.437416771771331270e+01
1.989838823218842663e+02 1.891004018420203436e-01 5.094795119232686886e+01
2.002361775144457852e+02 1.121784530548793068e-01 4.817255741647845468e+01
1.996107558736397607e+02 9.353826298653682147e-02 4.944517936233244626e+01
1.991217258674801371e+02 1.915495849587891819e-01 5.047156307746458026e+01
1.996089226527439564e+02 1.243070425013932528e-01 5.499920804857302414e+01
1.988233948317836450e+02 9.915525181122224196e-02 4.631053295397882152e+01
1.972612706420672737e+02 1.219311882204558162e-01 6.028541049482298320e+01
1.976456310679611761e+02 1.864165664505910425e-01 3.855045023905200452e+01
1.942544070630334545e+02 1.571290294195289428e-01 5.119178423723344906e+01
1.964109054644648324e+02 1.756958906520399988e-01 5.259281964039539048e+01
1.950276009738069263e+02 1.959639808758396051e-01 5.002584108174698940e+01
1.938705306074560895e+02 1.602821693602792252e-01 5.210465491449857467e+01
1.951491655178482461e+02 2.278473586953333463e-01 5.851129264071803249e+01
1.934651248056785846e+02 2.497873463760889312e-01 4.620935382629865273e+01
1.952200305047957158e+02 1.528906227084738667e-01 5.303380459331827979e+01
1.940139911418766303e+02 2.347549350306514515e-01 5.502801161528759621e+01
1.943237614759628116e+02 1.580236412166720339e-01 5.909456486668817377e+01
1.958578447188572511e+02 9.944856715454784835e-02 5.827165400522101635e+01
1.936265069075763279e+02 2.171706801982811741e-01 5.496396621007244931e+01
1.959595518141553896e+02 1.328865162936673228e-01 5.482453876162261963e+01
1.949194702724899457e+02 1.496201566303933250e-01 5.096115038277652332e+01
1.944730149884140360e+02 1.914762561229577942e-01 6.194868448068518774e+01
1.938958583873522343e+02 2.743525063796087293e-01 5.281710321766931315e+01
1.957201624967001976e+02 2.097058047106444001e-01 5.474136919602264584e+01
1.953501891883964561e+02 1.132637198251840588e-01 5.884081776317719203e+01
1.935603936291907416e+02 1.525679758308157163e-01 5.760219106561464031e+01
1.939700965007479567e+02 1.248790074208781797e-01 5.847512685888598583e+01
1.953962396972985687e+02 3.231748452761564194e-01 4.958193764115800661e+01
1.923684627342856288e+02 1.575396709001847806e-01 6.277954418795647484e+01
1.952588507904848427e+02 1.242777109670606811e-01 5.052963951544305132e+01
1.931440031678057210e+02 1.504267738245387565e-01 5.940188601765758136e+01
1.935918370339952617e+02 1.406593728917959751e-01 5.984268031560731060e+01
1.943219722523685107e+02 1.789810224972868402e-01 6.066157275687091044e+01
1.950031091426392607e+02 2.075792684715337399e-01 6.784075910010852795e+01
1.941625406975038857e+02 1.208312556829847784e-01 6.944881647258968371e+01
1.951166075147390870e+02 1.088786554424661934e-01 6.092457395946382093e+01
1.944610330566391951e+02 2.376000938609098556e-01 5.983550875546299608e+01
1.948375619628662889e+02 1.488575367377467651e-01 5.576637432904114888e+01
1.959767107617399517e+02 1.269468805913237242e-01 6.371604141612647965e+01
1.964739242659783542e+02 1.055348605285542501e-01 5.835002786495761740e+01
1.969713284251899097e+02 2.274220514475112087e-01 6.459887660223506600e+01
1.977783122635144935e+02 1.383861789810224840e-01 6.213093596926055540e+01
2.005118646056375269e+02 1.122077845892118647e-01 5.229979761241310854e+01
1.978777021676003756e+02 1.671604141612647865e-01 5.590715102807028103e+01
1.993127914821224351e+02 6.010031384741736094e-02 6.307376880884638837e+01
1.989600944475405413e+02 5.675651893350541072e-02 6.437933006775584488e+01
1.979903499252045833e+02 2.735165576511307539e-01 6.666673510691344973e+01
1.982584694805385368e+02 1.155369137359575221e-01 5.490405655119819528e+01
1.985536913735957398e+02 6.213885548353034055e-02 6.327630305341272532e+01
1.988539582905581824e+02 6.779984160971459783e-02 6.182412812014196390e+01
1.975311354236940247e+02 2.102337723286304971e-01 5.714307922447423493e+01
1.983601325785351719e+02 1.641685976593435514e-01 5.803628310796937484e+01
1.972445076701962421e+02 8.044173290704836887e-02 6.528337195318687236e+01
1.991841140410054720e+02 1.544745255624321578e-01 5.767013756489601661e+01
1.993365793564661317e+02 1.415246531546065223e-01 5.702390520048103895e+01
1.978998914733229810e+02 1.571730267210277865e-01 5.925597630012025974e+01
1.986192473528290350e+02 1.412166720441146162e-01 5.761786877071539692e+01
1.996910656146422980e+02 9.889126800222919345e-02 6.048002522511952606e+01
2.000546006511600581e+02 1.551931481535799018e-01 6.269875047663743572e+01
1.984608570674332100e+02 1.551198193177485141e-01 5.883940984952922548e+01
2.003768808846390641e+02 1.355996832194291957e-01 6.503666441791570207e+01
1.996877511512627166e+02 1.541372129176077077e-01 5.927323790807496806e+01
1.995957967911301409e+02 1.710468424603291127e-01 7.247949725750153505e+01
2.010607162760684048e+02 1.137036928401724684e-01 5.361569823717479011e+01
1.994755814976681449e+02 1.639632769190156325e-01 6.732886516293667967e+01
1.981142169946909917e+02 1.653711905669785487e-01 7.292643651189393950e+01
1.967378934092042471e+02 1.117091485055583255e-01 7.269938110462558711e+01
1.991236910802804232e+02 1.883964450180388994e-01 5.742293139354119802e+01
1.974373331768984769e+02 1.891297333763529154e-01 5.335068782448009728e+01
1.975799870941249026e+02 2.671809462352975895e-01 6.509126506907576015e+01
1.983086997330830457e+02 2.294019300149590934e-01 5.433855923503358554e+01
1.964063004135746269e+02 1.489161998064118808e-01 5.686818408470946906e+01
1.949361892470595023e+02 1.171061508227495412e-01 6.207228756636259703e+01
1.952618719385210966e+02 1.683630070688997837e-01 6.851016337664623279e+01
1.963076584636142456e+02 9.633942451529639572e-02 5.218766315665972400e+01
1.976866072214237420e+02 1.366409526882351178e-01 6.424889273457894490e+01
1.965637520898718265e+02 1.547678409057577920e-01 6.324500630627988329e+01
1.974365998885401723e+02 7.956178687707153585e-02 6.378013081864312284e+01
1.971554278004282423e+02 1.306426539172264034e-01 5.825544833250227583e+01
1.993408030974100313e+02 1.646672337429971045e-01 5.644498870735927909e+01
1.980759393423869881e+02 1.394127826826621341e-01 5.853116475522834605e+01
1.974655501129263939e+02 1.091133077171266841e-01 6.779230340539113797e+01
1.991191886897603638e+02 1.672777402985950179e-01 6.171291760772005830e+01
1.969572492887103010e+02 2.087965271463350370e-01 6.831585662746017817e+01
2.005366790836828557e+02 1.433872055847241478e-01 6.265863960343765626e+01
1.977425571231631238e+02 1.370075968673921396e-01 6.125779485524887491e+01
1.986624820344352145e+02 1.231777784295896572e-01 5.079790572844865437e+01
1.975848707945912679e+02 1.005778312263514440e-01 5.687328777168333716e+01
1.965357258088170624e+02 2.788255653653242683e-01 6.534026046402487964e+01
1.979010647346962628e+02 1.562344176223858239e-01 5.602325990672571976e+01
1.975808230428533818e+02 1.370222626345584116e-01 5.706103892294606084e+01
1.947428651042735908e+02 1.756958906520399988e-01 6.219495204294136670e+01
1.943757076232657823e+02 1.579943096823394899e-01 6.446065174669287501e+01
1.960619628662775256e+02 2.060540286862405646e-01 6.276125597630012010e+01
1.946189100401842040e+02 1.358929985627548298e-01 5.750492769776786872e+01
1.934133693133487952e+02 1.796409820197694407e-01 5.580054556653858810e+01
1.922161440764966471e+02 1.495321620273956653e-01 5.799216848033320559e+01
1.920769659460886487e+02 2.092804974628222903e-01 4.468756049628956362e+01
1.916794943243480986e+02 1.848326635966327514e-01 6.456155222479688405e+01
1.914517642917901128e+02 1.932654797172440042e-01 5.457287419704924503e+01
1.919015047077112683e+02 1.806235884199102470e-01 6.095098700613029052e+01
1.919286657085032175e+02 1.655178482386413519e-01 5.172718739917284836e+01
1.923216349397237082e+02 2.764937083858856615e-01 5.032550670225559486e+01
1.933158566274601924e+02 1.950400375443639422e-01 4.504888100196521350e+01
1.933036107118763312e+02 1.867832106297480366e-01 5.793693720118499613e+01
1.925278649576159467e+02 2.428064412049394383e-01 5.682886516293667256e+01
1.924534508550142391e+02 1.683043440002346403e-01 4.982358548675681220e+01
1.937467075352711561e+02 2.301498841404393814e-01 5.169059631009297817e+01
1.916242630451998821e+02 1.695802657437010530e-01 6.573557621799196227e+01
1.936651218725251624e+02 2.005543659988854033e-01 5.327275393775848755e+01
1.957737512099257913e+02 2.550523567887836296e-01 5.786588155926436627e+01
1.952749684686006049e+02 2.698354500923943466e-01 5.320897251635233260e+01
1.935953568181151638e+02 2.371307893115889021e-01 5.874529962162320373e+01
1.949796585809403666e+02 2.948699146452350983e-01 5.963090663772621980e+01
1.930671252163200791e+02 1.896870325286715842e-01 5.082449476432112334e+01
1.902691608248027535e+02 2.772563282785322492e-01 5.647354295603202701e+01
1.917667849705217975e+02 2.440970287155721230e-01 5.609453553515384527e+01
1.895693690786964964e+02 1.254069750388642768e-01 6.524918604992227245e+01
1.893378699439767558e+02 2.190625641627313436e-01 5.736071920922183409e+01
1.917372041181474174e+02 2.529991493855043294e-01 5.744884580412401220e+01
1.914172117443463605e+02 2.183439415715835996e-01 5.202387586894670335e+01
1.905287009063443975e+02 1.456457337283313391e-01 5.469193089490511284e+01
1.874311295573871519e+02 3.135834335494089853e-01 5.442822573548822618e+01
1.888509958055905997e+02 2.683982049100988587e-01 5.584316428592379822e+01
1.886380635321033594e+02 3.492359135306367657e-01 5.847729739242659974e+01
1.899803918692986713e+02 2.661103452321590956e-01 5.809792332736925147e+01
1.906075440706303255e+02 2.023875868946704570e-01 4.914674566626580088e+01
1.903409790866160165e+02 1.927375120992579072e-01 5.486005924969935421e+01
1.900922036781743998e+02 1.832927580441733040e-01 5.696220631801249823e+01
1.910872759804065311e+02 1.734666940427653792e-01 5.798514357786055484e+01
1.913763089197195768e+02 1.550758220162496703e-01 5.776263455841375105e+01
1.918432962778283013e+02 1.871058575074062147e-01 6.199294576599302076e+01
1.941905523127914819e+02 2.178599712550963463e-01 4.984702138268853133e+01
1.935507728859296606e+02 3.972663010002053241e-01 4.897962924940603813e+01
1.925896371689203193e+02 1.897016982958378561e-01 6.025892411932068171e+01
1.935065116006218204e+02 2.579708444548734492e-01 5.015752500513301726e+01
1.937573402164667300e+02 7.137828879828703177e-02 6.489349719883847456e+01
1.940118646056375269e+02 2.005836975332179750e-01 5.924777813627430589e+01
1.926176047869064121e+02 1.769571466283401395e-01 6.315123339101868538e+01
1.967217757310884849e+02 1.432698794473938886e-01 5.520633267826239887e+01
1.955972926993811143e+02 1.605314874021060156e-01 5.849536561757545883e+01
1.958161646085706877e+02 2.125802950752353759e-01 5.904184143372539495e+01
1.959926231191153647e+02 1.540052210131112043e-01 5.849428035080514832e+01
1.945328219869181225e+02 2.075939342387000397e-01 6.281962572962191871e+01
1.946540052210131080e+02 1.812688821752265755e-01 6.515542780042824234e+01
1.926987651424045964e+02 2.846478749303376077e-01 5.840530314140733026e+01
1.944279617516792200e+02 2.646584342826973080e-01 5.451020737394772908e+01
1.940877892822573472e+02 2.103804300002933281e-01 5.329489924617956831e+01
1.916401754025752950e+02 2.661250109993253954e-01 5.549070190361657495e+01
1.932727246062241591e+02 1.880151350717156056e-01 6.108142433930719051e+01
1.937341096412753245e+02 1.961106385475024083e-01 5.606408940251664319e+01
1.940114832956911926e+02 1.387821546945120776e-01 6.090275129792039621e+01
1.951127797495086895e+02 1.962866277534977832e-01 5.711013991141876289e+01
1.931107412078725929e+02 2.231103159006247727e-01 6.199590825096061053e+01
1.957879330067755745e+02 9.830463731557798068e-02 5.151118998034787211e+01
1.948228961956999967e+02 3.085677411785410218e-01 6.379198075851347483e+01
1.957371454550787462e+02 2.457982577068606456e-01 6.173790807497140065e+01
1.959187076525973055e+02 1.685683278092277027e-01 5.743051359516616117e+01
1.935548206376675466e+02 2.058633737130789176e-01 5.942614319655061195e+01
1.936017217610653347e+02 2.359721937054527208e-01 5.176589035872466837e+01
1.898198457161294073e+02 2.735752207197958419e-01 6.781644325814683327e+01
1.958168832311618246e+02 1.426685829935764038e-01 4.884002581175021618e+01
1.945178335728741956e+02 2.579561786877071494e-01 6.017139882087231939e+01
1.940015839028539517e+02 2.628692106884111257e-01 6.073375766286334709e+01
1.958292464728829998e+02 2.270407415011879149e-01 5.472042648050919667e+01
1.955734901592702215e+02 2.199865074942070342e-01 5.926190127005543928e+01
1.950718329275804308e+02 2.422491420526207695e-01 6.484794532602001027e+01
1.946293080691050932e+02 2.192238876015604465e-01 5.730862640424720666e+01
1.938340128472120512e+02 2.179626316252603058e-01 5.614903352594374297e+01
1.932377027542310657e+02 2.513712492300472223e-01 5.565781832047634481e+01
1.937960578417857107e+02 2.177426451177661149e-01 4.900545566538585973e+01
1.925107500073328879e+02 1.937201184993987135e-01 6.030701316985891225e+01
1.939835156777050997e+02 2.413691960226439504e-01 4.438389112134455416e+01
1.938068958437215770e+02 1.812102191065614598e-01 5.853625377643504635e+01
1.917206318012495103e+02 2.211011057988443440e-01 6.380431466870032153e+01
1.911344117560789471e+02 2.688528436922535403e-01 5.482528671574809920e+01
1.910963834218167960e+02 1.977678702372921149e-01 5.670228492652450569e+01
1.907101897750271178e+02 1.277241662511365838e-01 6.410692810840934897e+01
1.904807585134778378e+02 2.280086821341624492e-01 6.433641803302731432e+01
1.923385592350335855e+02 1.832487607426744602e-01 5.864639368785380924e+01
1.910060276303053399e+02 1.201126330918370344e-01 5.890814830023758475e+01
1.924223447628545500e+02 1.531546065174669291e-01 6.550951808289092071e+01
1.936644619130026683e+02 1.232804387997536166e-01 5.413605432200158418e+01
1.934902912621359121e+02 1.768544862581761523e-01 5.370323820139031312e+01
1.920859267298272357e+02 8.630803977356055201e-02 6.413485172909395260e+01
1.923260200041064252e+02 1.423019388144193820e-01 6.097269234153638706e+01
1.931404540521514548e+02 1.871205232745724867e-01 5.424296776464376535e+01
1.942969231220485256e+02 2.921714134866394974e-01 4.928542516059015099e+01
1.932855571524946470e+02 2.074326107998709368e-01 5.924367172146774863e+01
1.941981931774851091e+02 2.415598509958055973e-01 5.164112867744111668e+01
1.943935411961399780e+02 1.178541049482298431e-01 5.331279148212242802e+01
1.942999736016190866e+02 1.307306485202240909e-01 6.106614260991992182e+01
1.938673628017481576e+02 2.493327075939342496e-01 4.542524858475346861e+01
1.934409262898542181e+02 1.914615903557915222e-01 6.043042560056316859e+01
1.956884844396210497e+02 1.042736045522541233e-01 5.287010530020825172e+01
1.933678614378318059e+02 1.526119731323145601e-01 7.278507318217816646e+01
1.945799137652890636e+02 1.531252749831343574e-01 6.417871703868829059e+01
1.944612823746810193e+02 1.914615903557915222e-01 6.329420995512275283e+01
1.962064940017012304e+02 1.307599800545566626e-01 6.142648050919543579e+01
1.971767958231895079e+02 1.648285571818261797e-01 6.081548998328102584e+01
1.961475082861584553e+02 1.353943624791012768e-01 5.408699733083037842e+01
1.951062388173525335e+02 1.332384947056580449e-01 6.681576863285718559e+01
1.951344264218461149e+02 1.351597102044407861e-01 6.130539993547062494e+01
1.983416390461385106e+02 2.556829847769336861e-01 4.834322294899246231e+01
1.959036752412518751e+02 1.405273809872994439e-01 7.446945120699264464e+01
1.975151057401812693e+02 2.114216994690992224e-01 6.527253395125099189e+01
1.978509371425219285e+02 1.419792919367612039e-01 6.315000146657671820e+01
1.966655618455401395e+02 1.796849793212682844e-01 6.486745079635115019e+01
1.956233830991699278e+02 1.758572140908691017e-01 5.624967002023876006e+01
1.968765142404599260e+02 1.794503270466078215e-01 6.319933710732408372e+01
1.941932214824157370e+02 2.206611327838559344e-01 5.839689965682104855e+01
1.968298477693368227e+02 9.246766198339835541e-02 6.126090399788812846e+01
1.991433725398175625e+02 1.202592907634998376e-01 5.881154489191329304e+01
1.971457043967969867e+02 1.321385621681870071e-01 7.097924793945971089e+01
1.962376440911624229e+02 1.539025606429472448e-01 6.824245446279294924e+01
1.971530959434487897e+02 1.670284222567682553e-01 6.582426011204645988e+01
1.998712052327457229e+02 1.742293139354119669e-01 6.432689995013639361e+01
2.004122693808113240e+02 1.975038864282990525e-01 6.369432141495321531e+01
2.006312439503710436e+02 1.359663273985862175e-01 5.995394949109788030e+01
1.993949637755551123e+02 1.810488956677323846e-01 6.139203062212184392e+01
1.988066318599125850e+02 1.742733112369108106e-01 6.709000381309945737e+01
1.987323644149825554e+02 8.866922828733171669e-02 5.434292963364913476e+01
1.980324260112046488e+02 1.152142668582993579e-01 5.247327897222303505e+01
1.985190801630833448e+02 1.597542017422931282e-01 5.431947907195025493e+01
1.981985891531986113e+02 1.803889361452497564e-01 6.952739565306660552e+01
1.977855718182618148e+02 1.807555803244067782e-01 6.191143343208283056e+01
1.949141905963101067e+02 1.967999296043176083e-01 7.083904320535006605e+01
1.959296189833690107e+02 1.416273135247704817e-01 6.019105094887513729e+01
1.920999618690053694e+02 1.702988883348487970e-01 5.700413574634089287e+01
1.929798932332150230e+02 1.794943243481066375e-01 5.216057548470360672e+01
1.919762561229577784e+02 2.665943155486463767e-01 5.358822925527234560e+01
1.905169682926113808e+02 1.575103393658522366e-01 6.530935969260552554e+01
1.916686709881794002e+02 1.135863667028422230e-01 5.685205174082656043e+01
1.908150793418003559e+02 1.395594403543249373e-01 6.482200158390286049e+01
1.896304373331769000e+02 3.889654767840906024e-01 4.965871293227348815e+01
1.921066641246003712e+02 1.555744580999031956e-01 6.304492124483032001e+01
1.904931217551990130e+02 1.812248848737277318e-01 5.514351919748921915e+01
1.875972193705452753e+02 3.259026779690845643e-01 6.227835626081600395e+01
1.901374915671838721e+02 2.447863197723872952e-01 5.890615375590297020e+01
1.883924852609040101e+02 3.065438653095943211e-01 5.608679201009005055e+01
1.907199131786583735e+02 1.691109611943800717e-01 4.803604845569471848e+01
1.894506496934854738e+02 2.511659284897193034e-01 5.130331739653301071e+01
1.876276508374153025e+02 1.051095532807321126e-01 5.256320945648666765e+01
1.891082186959199873e+02 2.569735722875663431e-01 4.956382541870765124e+01
1.886748599419235575e+02 1.818701786290440880e-01 6.066661778077611444e+01
1.891116211539025471e+02 2.100284515883025782e-01 6.300412108057372507e+01
1.915679611650485299e+02 2.377467515325726588e-01 5.747647610946528829e+01
1.913041093479599795e+02 2.592760977326724059e-01 5.324556360543220279e+01
1.915037397706273907e+02 1.782917314404716402e-01 5.015451852286393120e+01
1.902133722465022174e+02 1.621300560232305787e-01 7.331268882175226054e+01
1.897966298067051980e+02 3.202856891443991438e-01 5.821982518405538087e+01
1.884592584988120620e+02 2.059660340832429049e-01 6.054126946880591476e+01
1.903686680550259496e+02 1.240137271580676326e-01 5.808550142257941218e+01
1.903379726043469304e+02 2.182852785029184839e-01 5.312684422022115882e+01
1.871593728917959822e+02 1.381515267063620211e-01 6.669294283283959146e+01
1.889469099228580546e+02 3.445868653389258518e-01 5.499615756900243468e+01
1.875133605138884718e+02 1.887630891971958935e-01 4.979667380400668719e+01
1.863588419910245477e+02 1.914615903557915222e-01 4.799011527292992696e+01
1.880866893497198760e+02 3.043000029331534573e-01 5.477826826621300427e+01
1.877829466459390630e+02 3.070718329275804459e-01 6.043841844366878746e+01
1.886920335552752874e+02 2.236382835186108697e-01 6.094425541900096732e+01
1.900661719414542574e+02 2.914234593611592095e-01 5.331023963863549398e+01
1.885385269703458277e+02 3.908866922828733159e-01 5.461842606986771642e+01
1.894141759305429389e+02 1.915642507259554816e-01 5.767854104948229832e+01
1.909191769571466182e+02 1.569823717478661396e-01 6.155643387205584816e+01
1.885458305223946240e+02 3.472707007303552085e-01 6.640647640278062624e+01
1.900619482005103578e+02 4.328747836799343163e-01 5.115551579503123492e+01
1.901697855864840392e+02 1.739213328249200607e-01 6.323129381397941273e+01
1.911340891092013123e+02 2.412958671868125349e-01 5.044503270466078249e+01
1.911296453817499241e+02 1.624820344352213008e-01 5.187759950723022229e+01
1.911997624145718930e+02 2.029302202798228261e-01 4.987561962866277554e+01
1.923843897574282096e+02 1.888510838001935810e-01 6.130284809198369089e+01
1.899534361892470713e+02 1.580383069838383336e-01 5.913103862963071577e+01
1.922617106150822792e+02 2.019036165781832037e-01 5.023798140380723254e+01
1.893520664065937353e+02 1.760625348311970206e-01 6.035670078901827651e+01
1.908420936849206555e+02 2.380693984102308369e-01 6.068408470947115063e+01
1.906939254392397345e+02 1.821488282052034224e-01 4.806969172557416670e+01
1.935178629044085312e+02 9.611943800780219094e-02 5.478791834100842095e+01
1.918482386413633378e+02 2.923474026926348723e-01 5.643146687003196860e+01
1.931916375795617853e+02 2.160267503593112925e-01 5.555570058369753639e+01
1.938309477018742939e+02 1.017804241339864552e-01 6.449844542868036967e+01
1.964288710292435383e+02 2.001290587510632657e-01 6.238484439621036870e+01
1.972985070249024773e+02 1.336931334878127542e-01 5.038594432874783990e+01
1.952666969759188191e+02 1.713841551051535628e-01 6.523528290264863472e+01
1.945141964626169511e+02 2.751884551080867047e-01 6.073600152523978579e+01
1.948768222215704213e+02 1.551638166192473578e-01 4.424053324729416659e+01
1.971646965652773247e+02 1.941600915143871231e-01 5.716085413427976647e+01
1.954960255770979245e+02 1.579796439151731902e-01 6.046053442055553973e+01
1.942762590561112290e+02 2.258528143607192173e-01 6.933923386032323322e+01
1.942745578271199349e+02 1.521280028158273068e-01 5.919043498665415370e+01
1.929189569706391296e+02 1.066347930660252880e-01 6.780300941542252247e+01
1.922236236177514570e+02 1.646379022086645327e-01 5.752136802276127270e+01
1.928285865133605057e+02 1.446191300266916890e-01 6.513439709031179348e+01
1.931370369284017272e+02 1.838647229636582170e-01 5.771111371835860382e+01
1.940369870647933510e+02 2.608746663537969690e-01 5.526266388994808665e+01
1.927162760684011289e+02 3.262106590795764705e-01 5.551869885313701047e+01
1.943696506614261068e+02 2.908661602088405407e-01 5.311335171442818393e+01
1.924334614143665760e+02 1.196139970081834952e-01 5.375742821106972258e+01
1.949450913677294466e+02 2.029595518141553978e-01 4.935268236881471182e+01
1.930350365177602328e+02 1.910362831079693846e-01 6.368355674185316673e+01
1.925918663655295688e+02 1.293813979409262904e-01 6.505603789634236023e+01
1.933768222215704213e+02 1.969905845774792552e-01 6.765291995424280458e+01
1.949832516938961078e+02 1.986771478016015058e-01 6.229223007655530608e+01
1.964453553515384385e+02 1.752999149385504329e-01 5.837293579327134552e+01
1.965556859179303615e+02 2.213210923063385349e-01 6.069272284633208869e+01
1.969003901094066293e+02 2.657143695186695020e-01 4.767697181239550730e+01
1.960316047282433374e+02 1.999530695450678908e-01 6.224886340304461640e+01
1.950478837297979169e+02 2.147801601501774516e-01 5.536011791276801830e+01
1.981216965359458015e+02 2.391693309477018747e-01 5.152711700349045287e+01
1.955930689584372146e+02 2.032088698559821605e-01 5.952006276948347363e+01
1.929502243862376361e+02 2.247822133575807235e-01 5.763535036517760091e+01
1.944279617516792200e+02 2.153227935353298206e-01 4.792322470888451846e+01
1.935293462000997238e+02 2.887689555040623968e-01 5.956228551315519582e+01
1.955020825389376000e+02 2.136508960783738698e-01 5.932964244859648772e+01
1.941841873698413110e+02 1.733933652069339637e-01 6.520926583169566015e+01
1.959600064529375629e+02 1.999237380107353468e-01 5.115567711847006649e+01
1.956547385093714126e+02 8.630803977356055201e-02 6.572545683864723287e+01
1.962210277769630125e+02 1.636112985070249104e-01 5.736616020884052602e+01
1.965879946029976963e+02 1.740386589622503200e-01 6.694701258322822923e+01
1.958577127269527409e+02 2.292846038776288342e-01 5.774625289648901827e+01
1.958069545067902482e+02 1.672044114627636302e-01 5.927159534215234515e+01
1.969051858152699879e+02 1.474349573226175492e-01 5.290193001495908476e+01
1.974546827794561921e+02 1.651218725251517860e-01 6.563254920364884981e+01
1.989269204822104200e+02 1.370369284017246836e-01 5.706659724870208095e+01
1.982718446601941764e+02 2.248115448919132953e-01 5.300234652274660618e+01
1.957112163787287784e+02 1.853312996802862767e-01 6.321780130818643073e+01
1.984747895462411691e+02 1.033203296864459025e-01 6.684530548793007654e+01
1.975581790983486314e+02 8.261226644765787275e-02 6.692972164373918531e+01
1.969696271961986440e+02 2.327457249288710228e-01 6.035322500219986352e+01
1.982251195260024019e+02 1.325492036488428726e-01 5.120872319831050135e+01
1.972581614994280415e+02 1.860352565042677486e-01 5.896818995101633476e+01
1.967979203942158222e+02 1.165781832047634442e-01 5.991119877980817421e+01
1.958550728888628214e+02 1.506467603320329751e-01 6.910767606253483564e+01
1.999516616314199382e+02 1.272988590033144740e-01 6.266450591030416462e+01
1.998955797377760746e+02 1.119438007802188162e-01 6.544011967266007446e+01
2.007373067785175920e+02 2.241075880679318233e-01 4.666257002903822126e+01
1.976888217522658522e+02 1.144076496641539264e-01 5.472551550171589696e+01
1.990324553427389844e+02 1.440764966415393200e-01 6.007786055788578494e+01
1.973611885137711681e+02 2.471915055876572898e-01 6.069738656029096546e+01
1.961342064353386263e+02 8.976916082480274062e-02 6.256001231924442152e+01
1.964243539729563395e+02 1.191300266916962419e-01 6.674497697474555480e+01
1.961778224268911401e+02 9.845129498724078387e-02 6.599124453700173376e+01
1.977868330742381033e+02 2.108497345496142816e-01 6.055347138708825838e+01
1.977494940310327536e+02 1.040829495790924764e-01 5.855514328454521689e+01
1.987260434693338880e+02 1.872818467134015896e-01 6.050767019622796283e+01
1.968403924559293614e+02 2.362215117472795112e-01 6.559890593376940160e+01
1.963507904848502506e+02 1.347344029566186485e-01 6.706114158331622832e+01
1.971356290147537607e+02 1.974598891268002365e-01 5.830548793007362463e+01
1.969039098935265315e+02 1.825888012201918320e-01 5.879321268295544201e+01
1.962616959493151114e+02 1.057988443375472987e-01 6.807863784354559300e+01
1.974673833338221982e+02 1.501041269468805783e-01 6.078114275657759435e+01
1.980672425424573930e+02 1.257736192180212986e-01 6.053238201390314543e+01
1.975560378963423602e+02 1.371835860733874868e-01 5.918185551286187973e+01
1.973475346845393403e+02 1.338837884609744011e-01 6.122882996509547127e+01
1.982770510075382049e+02 2.019476138796820475e-01 5.876184260698676809e+01
1.975880825976006747e+02 1.714281524066523787e-01 5.410786671750799570e+01
1.988389698765142271e+02 1.002991816501921235e-01 5.725978939958348946e+01
1.971192766843633706e+02 1.978998621417886461e-01 5.978586513360514232e+01
1.964107881383275185e+02 1.085853400991405870e-01 5.850168656322411920e+01
1.983338368580060376e+02 1.259496084240166736e-01 6.578058545742527485e+01
1.991164168597659341e+02 1.572023582553603305e-01 6.412753351127797430e+01
1.992773003255800290e+02 1.229577919220954385e-01 6.408893321209632177e+01
1.979059631009297959e+02 2.109083976182794251e-01 6.453207403279265009e+01
1.979619569999706812e+02 8.711465696770598344e-02 6.666063414777227081e+01
1.973916493121755309e+02 1.259202768896841018e-01 6.227273927199131975e+01
1.941843780248144640e+02 1.785557152494647026e-01 6.531531399407502647e+01
1.931205966034083303e+02 1.621593875575631227e-01 5.889876220925116712e+01
1.957747191505587523e+02 1.548265039744229077e-01 5.445177895755726638e+01
1.935700437039861583e+02 2.559323028187604487e-01 5.727432317484527857e+01
1.938233361687149738e+02 9.324494764321121509e-02 5.784366292200745363e+01
1.952357668729651152e+02 1.297627078872495843e-01 5.564740562578828786e+01
1.988403484586278580e+02 2.378934092042354620e-01 6.177200598363300088e+01
1.973304783973249528e+02 1.205232745724928861e-01 5.760563752089871770e+01
1.973335728741970456e+02 1.568797113777021801e-01 6.438848150646759905e+01
1.979481711788343716e+02 6.360543220015839327e-02 5.374924471299093653e+01
1.974051564837356523e+02 1.863872349162584707e-01 5.691904496524212931e+01
1.969766667644384484e+02 2.042208077904555108e-01 7.360876132930513904e+01
1.984213621564543928e+02 1.608101369782653223e-01 5.800118792714047089e+01
1.956916815768632887e+02 1.036136450297715089e-01 7.128104009620743398e+01
1.965953128208136604e+02 1.910802804094682283e-01 6.352365588243920769e+01
1.953106062828146605e+02 1.407033701932948189e-01 6.072746604874900811e+01
1.937606106825448080e+02 2.418385005719649317e-01 5.338243921039509843e+01
1.908293344674860066e+02 2.730619188689760168e-01 4.518357140762033453e+01
1.903510251371249353e+02 9.073710145777726110e-02 6.045031238084064285e+01
1.887434224034259103e+02 1.388114862288446216e-01 5.795551872818467132e+01
1.900425013932478748e+02 3.469480538526970581e-01 5.243548529023553328e+01
1.871122224503563700e+02 2.680902237996069526e-01 6.266474056257882808e+01
1.894037925673891891e+02 2.003783767928900283e-01 4.076987944739389036e+01
1.873677734432288275e+02 2.389346786730413841e-01 5.161849939870354831e+01
1.865586190713636370e+02 2.445663332648930766e-01 4.569483471680403852e+01
1.901006218285278635e+02 2.362801748159446269e-01 4.915488516704309063e+01
1.856131757252221917e+02 2.579121813862083057e-01 6.033968849910538523e+01
1.899530842108350726e+02 2.311031590062476160e-01 5.066716041416126615e+01
1.901048749010060703e+02 1.844073563488106138e-01 5.211437831812982324e+01
1.886355996832194251e+02 1.226351450444372743e-01 5.502796761798609992e+01
1.898769982107764065e+02 1.389434781333411528e-01 5.288280585457425076e+01
1.905788871615874314e+02 2.445516674977268046e-01 5.341856099492564169e+01
1.904416155809110478e+02 1.788783621271228808e-01 5.584278297597747098e+01
1.903978675974540238e+02 1.992344469539201468e-01 5.865003079811104669e+01
1.925658199630422587e+02 2.360748540756167080e-01 5.161814742029155667e+01
1.923159006247616674e+02 1.965359457953245459e-01 5.239254392397266002e+01
1.896339424515296344e+02 3.288944944710057716e-01 5.430091221071774044e+01
1.907173613351714323e+02 2.994016366996157807e-01 4.512240049276977771e+01
1.929313642096618082e+02 2.048807673129381390e-01 5.915123339101868538e+01
1.929264658434282751e+02 1.864165664505910425e-01 5.172774469832516786e+01
1.937608893321209678e+02 1.485935529287537027e-01 5.530226146129704290e+01
1.925901358050039676e+02 1.972985656879711336e-01 5.561779544187956503e+01
1.936931041562784230e+02 1.429618983369020102e-01 5.319578799166984595e+01
1.918212096324758704e+02 1.996744199689085841e-01 5.659664740562578800e+01
1.917644091162408699e+02 2.838119262018596323e-01 5.521696535945795148e+01
1.923708825858680598e+02 1.816061948200510257e-01 5.309833396884990719e+01
1.943702079605784263e+02 2.518845510808670474e-01 4.689738362713753617e+01
1.934768427536444335e+02 2.147508286158449076e-01 5.902569442407532563e+01
1.937219663860616663e+02 2.672982723726278209e-01 5.758428416390461280e+01
1.942493180418267684e+02 2.477928020414748023e-01 5.126803156073093959e+01
1.937083125568298385e+02 1.967266007684861928e-01 6.409237966738039916e+01
1.920526061068254364e+02 2.126242923767342197e-01 5.917893702519578625e+01
1.932296365822896291e+02 2.391693309477018747e-01 4.846643005895638368e+01
1.940268236881471182e+02 1.799929604317601906e-01 5.621216965359457873e+01
1.922369841316399288e+02 1.750799284310562420e-01 5.472206904643181957e+01
1.913467134015780289e+02 1.899803478719971905e-01 5.431521133370486609e+01
1.944034699205115544e+02 1.956559997653477267e-01 5.651402047341096591e+01
1.930597776669697510e+02 1.930601589769160853e-01 5.336365236265508827e+01
1.917813040800164117e+02 1.701815621975185655e-01 6.883248760742674222e+01
1.936938521104038955e+02 1.997330830375736999e-01 6.191295867186812529e+01
1.927328777168333716e+02 1.176634499750681961e-01 6.461751679230340528e+01
1.920014812424838055e+02 2.515179069017100533e-01 5.496446484615610473e+01
1.920961047722406363e+02 2.750271316692576296e-01 5.238314316721907460e+01
1.928827471915055867e+02 2.451382981843780173e-01 5.901453377526178201e+01
1.920835655413134759e+02 1.212712286979731879e-01 5.929962162320710917e+01
1.923809433021441464e+02 2.170826855952834866e-01 6.030834775467104691e+01
1.926437098524623934e+02 2.241222538350981230e-01 4.960200041064148024e+01
1.959115507582201587e+02 1.860939195729328643e-01 5.292991229871234538e+01
1.954339600504502528e+02 2.405039157598334032e-01 5.852603173672014947e+01
1.956938374446367277e+02 1.866805502595840771e-01 5.516372862464435656e+01
1.952407239022673195e+02 2.239169330947701764e-01 6.202000410641480954e+01
1.956766491655178584e+02 1.286774411169448185e-01 6.479206875311648162e+01
1.992180066289267586e+02 1.233391018684187324e-01 6.179539788226322372e+01
1.962574428768368762e+02 2.066846566743906488e-01 6.698395565072009106e+01
1.977932273487226098e+02 1.564544041298800425e-01 5.810716276068401243e+01
1.980387469568533163e+02 1.196286627753497811e-01 6.138409644208488203e+01
2.004579532455342701e+02 1.194966708708532499e-01 6.302666236470830086e+01
1.992853371659871584e+02 1.715894758454814817e-01 6.728131874578359373e+01
1.995914997213504307e+02 2.578095210160443740e-01 5.456727187399172863e+01
2.001186753879095477e+02 3.106796116504854099e-01 7.209389024139852609e+01
2.001098612618426102e+02 1.507054234006980908e-01 6.183303024081189392e+01
2.022459889126800192e+02 1.607074766081013628e-01 4.969795852521045276e+01
1.988921039509576758e+02 2.186519226820755057e-01 6.502057607133428974e+01
2.003066758572140884e+02 2.544217288006335731e-01 6.251164461913002413e+01
2.012655383803126767e+02 1.967852638371513085e-01 5.798970463144927123e+01
1.997841492388466804e+02 1.184993987035461854e-01 6.573325902677969168e+01
2.015222919660927516e+02 1.195406681723520936e-01 6.477419118294078260e+01
2.001342797641744653e+02 2.448156513067198670e-01 6.315152670636201293e+01
2.029620596603408273e+02 9.984454286803742806e-02 5.934765201067667562e+01
2.002046901123397902e+02 1.263602499046725114e-01 6.760940662306045112e+01
2.015404775173789460e+02 1.448391165341859077e-01 5.722093978236001277e+01
2.005403015281729324e+02 1.300560232305751907e-01 6.907351949080455711e+01
2.005334086176047776e+02 1.431818848443962011e-01 6.047480421200832978e+01
2.017281553398058236e+02 2.159094242219810611e-01 5.850649693485465974e+01
2.019540081541665586e+02 1.851993077757897455e-01 6.537746751532573342e+01
1.994324348106649438e+02 1.185140644707124574e-01 6.120218226615434531e+01
1.991787317044554584e+02 1.931188220455812010e-01 5.963964743495732534e+01
1.983392338603232474e+02 1.029390197401226087e-01 5.734331094359546199e+01
1.993017628252133875e+02 8.946117971431086224e-02 5.120127298859003417e+01
1.989372451822954986e+02 1.157422344762854549e-01 5.760175109259965609e+01
1.980367524125186947e+02 1.132783855923503308e-01 5.527439650368111046e+01
1.999815357991376459e+02 1.708268559528348940e-01 7.007686328571847412e+01
1.981106092159680827e+02 6.667057753791100216e-02 6.532989176663831188e+01
1.996435338632563798e+02 2.756870911917402300e-01 5.589282257354881978e+01
1.997257941512920638e+02 2.013316516586982630e-01 5.847744405009826352e+01
2.009484058311090280e+02 1.243070425013932528e-01 5.680561992197812060e+01
2.002371894523802496e+02 1.642419264951749669e-01 6.138701492975097551e+01
2.002067286539758868e+02 2.037515032411345572e-01 6.285756606928108425e+01
1.998193177485114234e+02 1.154342533657935627e-01 6.455201947613879554e+01
1.979556507200891815e+02 1.826327985216906757e-01 6.150681958173232289e+01
1.983944211421699606e+02 2.019182823453494757e-01 7.017701580969701070e+01
1.978042853371659930e+02 1.431085560085648134e-01 6.636885870999911674e+01
1.978784794532602120e+02 1.837327310591617135e-01 6.426298653682573558e+01
1.992388026867685369e+02 1.916815768632857131e-01 6.554168011028656338e+01
1.976850819816384615e+02 1.407913647962925063e-01 6.918409937523831843e+01
1.982196785263837171e+02 1.864165664505910425e-01 5.876697562549497178e+01
1.977516059015047176e+02 2.178453054879300743e-01 6.341059748335435131e+01
1.972096618074091339e+02 1.842606986771478106e-01 5.735725808817058891e+01
1.985037984336960619e+02 9.218901240723902102e-02 6.624914205262076905e+01
1.978912533364620288e+02 1.256709588478573392e-01 6.997769336814008057e+01
1.994480685184641970e+02 1.679083682867450744e-01 6.171143636523626697e+01
1.981542692048220999e+02 1.178394391810635572e-01 6.454399730149884817e+01
1.994299856275481773e+02 9.403689907019036065e-02 6.073606018830844988e+01
1.972477488047399845e+02 1.239403983222362310e-01 5.951278854896899873e+01
1.994116387528231655e+02 2.273633883788460930e-01 6.534883993781714651e+01
1.992389640102073827e+02 1.889537441703575404e-01 5.687481301146863188e+01
1.995664652567975850e+02 1.978851963746223463e-01 5.719891180007626019e+01
1.961808289091602262e+02 1.995864253659108967e-01 6.530589857155428035e+01
1.999358372686475320e+02 8.937318511131317478e-02 6.139956882644531078e+01
1.964855102220397214e+02 1.523919866248203414e-01 6.457332883583140415e+01
1.983244067697181379e+02 1.522893262546563820e-01 5.607972311031590351e+01
1.972457542604053629e+02 1.557504473058985706e-01 6.112373507758190527e+01
1.962946792596720798e+02 7.601267122283165978e-02 6.828385592350335287e+01
1.982484527615639536e+02 1.319039098935265442e-01 6.124566626580236317e+01
1.990419440940955553e+02 2.517232276420379722e-01 5.694535535153843853e+01
1.985805737248115577e+02 7.913647962924941215e-02 5.748354500923943533e+01
1.979327134602411036e+02 2.343442935499956137e-01 6.517651717361334818e+01
1.977987710087114692e+02 2.751297920394215613e-01 6.266079547121110238e+01
1.993671721467750046e+02 2.750124659020913298e-01 6.050080661719414366e+01
