2.525208647561588862e+02 1.605805181663707231e+02 7.185342166727125557e-01
2.532649241715511153e+02 1.844589635399761960e+02 6.573022509880290798e+00
2.531756114324990108e+02 1.845698213592480101e+02 6.998211683245190606e+00
2.530777758685428012e+02 1.846111804799816696e+02 6.462526172429374327e+00
2.531719877045267992e+02 1.850028294862248686e+02 7.622822994825972920e+00
2.529385315437437498e+02 1.856039572076802244e+02 7.736423748337374562e+00
2.526518802782391901e+02 1.858959594223927922e+02 8.928203855381815046e+00
2.524803316977553891e+02 1.863093278856495658e+02 8.299107114445908095e+00
2.522606003907567640e+02 1.855918908426726830e+02 1.036338087328407553e+01
2.521531588292571087e+02 1.859084700027365784e+02 9.798540071659951778e+00
2.521333295148633908e+02 1.868612940794623682e+02 8.943773030146820346e+00
2.520846287492601618e+02 1.870764037650113494e+02 8.100690506647319822e+00
2.521178698029033001e+02 1.866713035619960408e+02 1.035868797372892658e+01
2.520775162125869429e+02 1.870857106490762476e+02 9.563878547199470503e+00
2.520383208914854549e+02 1.867299081657979514e+02 1.161880723727335862e+01
2.521008139705086819e+02 1.871280256601179985e+02 9.345217684607110442e+00
2.521109354614939093e+02 1.877944263067122392e+02 9.002238896207622076e+00
2.520940921905925620e+02 1.872070387129210758e+02 1.014340391138604147e+01
2.521699664611057017e+02 1.871301894597501416e+02 1.045875097848292157e+01
2.521219848406743438e+02 1.878297000591862798e+02 9.004089581304771883e+00
2.520689679312166334e+02 1.876936187003201155e+02 9.975767989766501032e+00
2.520769905365586681e+02 1.883205694611502565e+02 8.198252413591207599e+00
2.520322787992184885e+02 1.873514697927207351e+02 1.085475176763337579e+01
2.521058047107190703e+02 1.878520762930293699e+02 1.091536361379995057e+01
2.519688591048233661e+02 1.888843347270748723e+02 8.553623409766373697e+00
2.520776116743354294e+02 1.882086437431188131e+02 8.635857978374732014e+00
2.521556497444807121e+02 1.874381274223418643e+02 8.252376679331257847e+00
2.521052510325779110e+02 1.868788374031858837e+02 7.151745995379651610e+00
2.521379129516136288e+02 1.868524899606061069e+02 8.061791753377754333e+00
2.521179652646517866e+02 1.869617109290973644e+02 7.567588827156957798e+00
2.520659589769046249e+02 1.870858570237572565e+02 9.383228007204179377e+00
2.521448192909101351e+02 1.869258834984821647e+02 9.205176572414099923e+00
2.521100533949379781e+02 1.868109080957926835e+02 1.137676715606723121e+01
2.520817725337457205e+02 1.874525281453055072e+02 9.129437221172143069e+00
2.520311981722257144e+02 1.874777733228961836e+02 9.583505482686421217e+00
2.521644844110964812e+02 1.870515340702980325e+02 8.991295161362176103e+00
2.521019773310167977e+02 1.875911818800873050e+02 8.932511089473115007e+00
2.520376310212497799e+02 1.874906797512903154e+02 1.012991834838446970e+01
2.520920798569346459e+02 1.877338730104180513e+02 8.678846312949067610e+00
2.521049099159300226e+02 1.876525217811889377e+02 9.921530442751588907e+00
2.520868612813512186e+02 1.880683798868460030e+02 1.105032488815065150e+01
2.520297522449421308e+02 1.888167478091528722e+02 8.370994902342630439e+00
2.520527063405693298e+02 1.883779101514023466e+02 9.263573706015998610e+00
2.520122763808541890e+02 1.885839802457821861e+02 1.057950372619024826e+01
2.520020199705977859e+02 1.888353335751697557e+02 9.434167669015025126e+00
2.520943607563116018e+02 1.883252674519986556e+02 9.921861376812977085e+00
2.520664553779967036e+02 1.881586116043301331e+02 1.075839904283686899e+01
2.519765240468144327e+02 1.883437386639173781e+02 1.110203969935913371e+01
2.520686599079748760e+02 1.888150205879170755e+02 1.078184190261628750e+01
2.520482794610866222e+02 1.890961045242504781e+02 1.032708758933628701e+01
2.520545570256664689e+02 1.892173625828130810e+02 1.040665941157378249e+01
2.520551336146272945e+02 1.882590233626719112e+02 1.060959581495694692e+01
2.521170946535056601e+02 1.874913530748229107e+02 9.822201857049213558e+00
2.520989696495281009e+02 1.872817356218696432e+02 1.027133665540218033e+01
2.520929657419605405e+02 1.876152255124704880e+02 9.172328821174689395e+00
2.520826253253654556e+02 1.881537888767970799e+02 8.319303001953784360e+00
2.520958703247608810e+02 1.890507423741973128e+02 8.426017781341682777e+00
2.521178710757266117e+02 1.884621150504992784e+02 8.432530818234466707e+00
2.520291616549248772e+02 1.888433370881621158e+02 8.505389770319032650e+00
2.520530207279276453e+02 1.885996041519496487e+02 9.657961828028842177e+00
2.519723911895170261e+02 1.882122280135683070e+02 1.048372631753123230e+01
2.521480764457681687e+02 1.883593103843290066e+02 1.027442070628965709e+01
2.520222616797449291e+02 1.884290725572929546e+02 9.264645423245571720e+00
2.520802426001234551e+02 1.884612788055825945e+02 9.614012511853166743e+00
2.520518357294232317e+02 1.887062616542884541e+02 1.022592613806314432e+01
2.521017278576474325e+02 1.889927805461684898e+02 9.337277812780419239e+00
2.520968669454149733e+02 1.886692568621086821e+02 1.097421641814791471e+01
2.520347149830396347e+02 1.891977992884917796e+02 8.794501403287702246e+00
2.519673100788513977e+02 1.887314100973073323e+02 1.158692683175184968e+01
2.520399081021568009e+02 1.891219912047909020e+02 1.121756878018977766e+01
2.520164334217945452e+02 1.891622276953624748e+02 9.983620036784593310e+00
2.520107871775779529e+02 1.898229324576308841e+02 1.044768377977610996e+01
2.521004512158644673e+02 1.878646848807682659e+02 7.720564369856997899e+00
2.521060860046712548e+02 1.873627622811539482e+02 8.982893254672852379e+00
2.520626852753435116e+02 1.874344896933132247e+02 7.551095582666691897e+00
2.520560729582323063e+02 1.866279511999541683e+02 6.579249161527642720e+00
2.520742590577289093e+02 1.861936855235440476e+02 7.521762096594561520e+00
2.521275267133792681e+02 1.867013001890142618e+02 6.026216341778516394e+00
2.521120568188326843e+02 1.866156060866410940e+02 6.597542178182535189e+00
2.521602751844002910e+02 1.864442967969401366e+02 7.423491227065315279e+00
2.520738288434490926e+02 1.869949685294435824e+02 7.554565299018016766e+00
2.521123508410180136e+02 1.874513711489139496e+02 6.363617618420298605e+00
2.521182236477843333e+02 1.871054661397178052e+02 7.607360737219263314e+00
2.521889315284698796e+02 1.867528368049589176e+02 8.147604228319046626e+00
2.520783880965563810e+02 1.873236878782671795e+02 6.134413960326097204e+00
2.521105065200374327e+02 1.872288358121567455e+02 6.301816955279353039e+00
2.520272651481884623e+02 1.872392029580413748e+02 7.576314030967790991e+00
2.521237795215457140e+02 1.875381013294639558e+02 6.695661581737531343e+00
2.520852511598602348e+02 1.877062145598258667e+02 7.004728538607913002e+00
2.521096728207673721e+02 1.875262997117055193e+02 6.801420470817343578e+00
2.521089689494752690e+02 1.877215737187442244e+02 6.831130712590131715e+00
2.520945707721582494e+02 1.885455053426758525e+02 6.688290661931763914e+00
2.521369608797754722e+02 1.879388052007560646e+02 7.499953541949074598e+00
2.521592531072799090e+02 1.878976382763426614e+02 8.246610789723224144e+00
2.520629551138858631e+02 1.881414717655968616e+02 7.977235555046426008e+00
2.520610484245629550e+02 1.880926742654218344e+02 8.825003341161195891e+00
2.520156900929797530e+02 1.885084190898040504e+02 7.132103786012944369e+00
2.520854548115903242e+02 1.873022026207432020e+02 7.754240729073194061e+00
2.520898842367196835e+02 1.873157696444368128e+02 6.407025984687935605e+00
2.521064169387326501e+02 1.871616880182777436e+02 5.968433981836811064e+00
2.520818769052573884e+02 1.874684167987220746e+02 6.947212198738632161e+00
2.521324449026608363e+02 1.870513876956170236e+02 7.195386015490259801e+00
2.520650476354124976e+02 1.873409040863992345e+02 7.655539645264142656e+00
2.521695069718896889e+02 1.872991172970324101e+02 7.480820461907580210e+00
2.520246494962801762e+02 1.875147093826170419e+02 7.904679534910361127e+00
2.520783206369207790e+02 1.873241677326561785e+02 7.366676212841514193e+00
2.521505469958187859e+02 1.868581743895221052e+02 8.557674806371753817e+00
2.521338437354818609e+02 1.871272874225964244e+02 8.670485136605762477e+00
2.521269259407755214e+02 1.863504477156003531e+02 1.021264168114503157e+01
2.520905957449516563e+02 1.878376628418326106e+02 7.440667977674679356e+00
2.521120262710731765e+02 1.873685116240588968e+02 8.377273739745817238e+00
2.520705067746020802e+02 1.880413731217900875e+02 7.689573667831299808e+00
2.520371537125074042e+02 1.877616701987513466e+02 8.582578867314532900e+00
2.520409378162170526e+02 1.878938707193360926e+02 8.003413712125551527e+00
2.520716994100463921e+02 1.879153177921606925e+02 7.817615874652360297e+00
2.520492213503382573e+02 1.877534083026264682e+02 8.421490348817229687e+00
2.519686821823828495e+02 1.881971055997861697e+02 7.778290725572929887e+00
2.521046502599741643e+02 1.883764616784721113e+02 8.332651100037548275e+00
2.521004104855184664e+02 1.882955801210455036e+02 7.681875632434083556e+00
2.520675220039330213e+02 1.887407551660716081e+02 6.836300920887667054e+00
2.520328401142995460e+02 1.883323265300927289e+02 7.684328362958296132e+00
2.520556172874862284e+02 1.886218569219313963e+02 7.803151510523067103e+00
2.521116011480866348e+02 1.873539607079443385e+02 8.585738014777478000e+00
2.520819418192463672e+02 1.869515359795329914e+02 6.515443801668671320e+00
2.521717267757476293e+02 1.866414622194220101e+02 6.667931853039820389e+00
2.521610032393353436e+02 1.864448912054273251e+02 9.413393919723032965e+00
2.521383037083707279e+02 1.873624058906262917e+02 7.061999223577778650e+00
2.521176534229400943e+02 1.872942474750367410e+02 7.011063380236872256e+00
2.521008190618019285e+02 1.878681813264091716e+02 6.796181530060904308e+00
2.521158803800650503e+02 1.877129643418548994e+02 7.939759818240831102e+00
2.521417530595490462e+02 1.876297255156525523e+02 6.537570562142415831e+00
2.521648891689100083e+02 1.877681755987042607e+02 5.940709344432352879e+00
2.520937243446551008e+02 1.875560761402905996e+02 7.113596935041462288e+00
2.521162176782430038e+02 1.874872736761046497e+02 6.352575876179748171e+00
2.520752213121535590e+02 1.876330768594357608e+02 8.477654950328069816e+00
2.521215686274509835e+02 1.877886324149913264e+02 6.836456205331856495e+00
2.521024291832929123e+02 1.871916477334198987e+02 8.526783384564470936e+00
2.520575150670459550e+02 1.877704412242014484e+02 7.948296644201334971e+00
2.521132456358070613e+02 1.881690729391399657e+02 7.278347366210359937e+00
2.520976039101132073e+02 1.881393448778407844e+02 7.693034474419433444e+00
2.520745276234479491e+02 1.874235026824751458e+02 9.255580375610160004e+00
2.520942500206833756e+02 1.877970266847407572e+02 8.733105497960300667e+00
2.520772985598004254e+02 1.883509975752715775e+02 7.116430239736271091e+00
2.520288090828671557e+02 1.881762618452119682e+02 8.930307832318256089e+00
2.520645957831363546e+02 1.883313171812054918e+02 8.307235364122929511e+00
2.520741406851607849e+02 1.884234504967193118e+02 6.979904665533854136e+00
2.520949411637423623e+02 1.886670396038973934e+02 8.554567844664642706e+00
2.521010290776485760e+02 1.887261978858404632e+02 8.639213140627884258e+00
2.520569652073747307e+02 1.887619629481133643e+02 9.342883326651010734e+00
2.520254590119072589e+02 1.881824541306298499e+02 6.994750876657056970e+00
2.520297942481114433e+02 1.874704800453125131e+02 6.570522684893496113e+00
2.521327401976694489e+02 1.871137293086660236e+02 6.058766252362678628e+00
2.520798225684301599e+02 1.873734972729760386e+02 6.727591627368246563e+00
2.521004677625675470e+02 1.875075370232481191e+02 7.136305375769262938e+00
2.520579032781564308e+02 1.877168082682602517e+02 6.683401747586408703e+00
2.520435712876517016e+02 1.877043473280256478e+02 6.455100521221146970e+00
2.521280002036517374e+02 1.878367056787012075e+02 7.964956628545608375e+00
2.520877471663771132e+02 1.872697787196670163e+02 8.623188295116813507e+00
2.521535763153037806e+02 1.875752486778547734e+02 7.036242371015267949e+00
2.521049697386257264e+02 1.877424009266153746e+02 7.412151644169514775e+00
2.520710719081530726e+02 1.872718165097911935e+02 9.102884854038986617e+00
2.520320038693828621e+02 1.878628163761447354e+02 7.199615607359464597e+00
2.521273688832884545e+02 1.879851423334669676e+02 8.075466967052967959e+00
2.521122770172658534e+02 1.885810425695757147e+02 6.523283120453633899e+00
2.521424900242472802e+02 1.880047590863674145e+02 8.216574705182299709e+00
2.520840585244159229e+02 1.885838058689882928e+02 6.958242485569365421e+00
2.520539804367056718e+02 1.885238380714181119e+02 7.844676098287416188e+00
2.520251624440753346e+02 1.888022579885573293e+02 6.948440473235708126e+00
2.520379772291909433e+02 1.888217347308933256e+02 6.842052809439257643e+00
2.521050906568404741e+02 1.888258014013784702e+02 6.529710878184444844e+00
2.520922122305592268e+02 1.885037949227078116e+02 7.884589291737467143e+00
2.520730244191152565e+02 1.885311988086373844e+02 8.257576162564992828e+00
2.520122356505081882e+02 1.894683875237858786e+02 5.867117246119479823e+00
2.520649992681265985e+02 1.893293570333034097e+02 7.964549325085438447e+00
2.520486625809038230e+02 1.887358522506698364e+02 8.070018010449880208e+00
2.519883333015127391e+02 1.889690742119632603e+02 8.799089931331181447e+00
2.520112186646810528e+02 1.891166377099362990e+02 8.121022586249690534e+00
2.520780533440250508e+02 1.883908013059167104e+02 9.058604603801923005e+00
2.520748152815166918e+02 1.875798219320185183e+02 7.846358770707244190e+00
2.520860059440848602e+02 1.880928639160954958e+02 6.580469799084839977e+00
2.520155717204116286e+02 1.879109354614939207e+02 6.223710152675156593e+00
2.520936276100833027e+02 1.879951479975307223e+02 7.069232678465739106e+00
2.521283591398260171e+02 1.886504139857825635e+02 5.572925775308500640e+00
2.521516976280937570e+02 1.887527044313343652e+02 5.958353221197599581e+00
2.520585193246399456e+02 1.883607906778420613e+02 7.619209449440275783e+00
2.520686077222190420e+02 1.882698461793026183e+02 7.439194048278188198e+00
2.520894183833871125e+02 1.882702840305223049e+02 7.589370652512871018e+00
2.521304338418262603e+02 1.878884752213121487e+02 8.109246424957518684e+00
2.520789545029306851e+02 1.886652881990186472e+02 7.549344177787959964e+00
2.519925387097389944e+02 1.886188034188034237e+02 7.810191496267445466e+00
2.520657222317684045e+02 1.888340174758641012e+02 7.707045713449287128e+00
2.520087086571077748e+02 1.887847617592963729e+02 7.430164639695540529e+00
2.520718496031973359e+02 1.888503057958009492e+02 6.976882982988716009e+00
2.521136198458611091e+02 1.887716847725782827e+02 8.449534464873257988e+00
2.520473261164251539e+02 1.888816719807039988e+02 8.206224106000725271e+00
2.520513189631581383e+02 1.885210314960128812e+02 8.223383037083706881e+00
2.520138941392850427e+02 1.882566826405992515e+02 8.861898670536049849e+00
2.520194220109335390e+02 1.892575888907981323e+02 7.987269221223056270e+00
2.520779069693440420e+02 1.887737212898791483e+02 8.309830650858200940e+00
2.521087283858691137e+02 1.887806441758787344e+02 8.267716745899917896e+00
2.520812023089014815e+02 1.895188396942678537e+02 7.556282337667296289e+00
2.519943817578962637e+02 1.891320185068509829e+02 8.621645633261419306e+00
2.519876154291642081e+02 1.893603706461487661e+02 9.074434707346100026e+00
2.521350529176292525e+02 1.899892230050085686e+02 6.135464039559348493e+00
2.520238412534764052e+02 1.896521666634846213e+02 8.217758430863419505e+00
2.520667697653550192e+02 1.897307482291845702e+02 9.533104225136987964e+00
2.519991828474330475e+02 1.886929275572611289e+02 7.525497833018309990e+00
2.521167382629780320e+02 1.882489489661492712e+02 6.531024431843493794e+00
2.520465166007980713e+02 1.884029058556236578e+02 6.777935607868593948e+00
2.520410765539581632e+02 1.888864717974174425e+02 6.411132112695776541e+00
2.521071462664910143e+02 1.886009177056087083e+02 6.894606411211027464e+00
2.520612329839433414e+02 1.887471587401594775e+02 7.063815542445475160e+00
2.520744334345227742e+02 1.884447499220395628e+02 7.363632892300055133e+00
2.521078323182567544e+02 1.895017609510535692e+02 5.682702967587553999e+00
2.520021421616358452e+02 1.889595267642922067e+02 6.390259083185367395e+00
2.520462136688495605e+02 1.888235001368284998e+02 6.681855267261075149e+00
2.521038674736366545e+02 1.888817127110500280e+02 7.907545933011308925e+00
2.520622346958906803e+02 1.885353685778108570e+02 7.767289713678395380e+00
2.520452654154813388e+02 1.884109297337890041e+02 8.661319535928619473e+00
2.520816630709408059e+02 1.887215011678153758e+02 8.782511407678942561e+00
2.520879049964679268e+02 1.893672731669753375e+02 6.773531639205503829e+00
2.520208437545742015e+02 1.893241422761899173e+02 6.968590539104313919e+00
2.520344298706175152e+02 1.893640007382375074e+02 7.511307125901318216e+00
2.520864667061241846e+02 1.892228789990517441e+02 7.210985738014777269e+00
2.520601879960033216e+02 1.894451865004359377e+02 7.053968981295861695e+00
2.520829295301372781e+02 1.896278939229050877e+02 7.417967173886756527e+00
2.520201246094023588e+02 1.895821715638543594e+02 8.592049945586802906e+00
2.520619648573483289e+02 1.891814307806861848e+02 8.212095639943740366e+00
2.520187359591678273e+02 1.902726909394072550e+02 6.684520559278563923e+00
2.520249371543489190e+02 1.895160751220319355e+02 8.669547065824056986e+00
2.520990880220962254e+02 1.898388809337431837e+02 7.493131208991224312e+00
2.520504712628316497e+02 1.895139495070991700e+02 8.693216488153197474e+00
2.520455785300163427e+02 1.890132322711622805e+02 7.666834679343986991e+00
2.520395848050352754e+02 1.887112816694350670e+02 6.645228503605271619e+00
2.520775340321133342e+02 1.883321496076522124e+02 6.520017055832394881e+00
2.519957487701344689e+02 1.885224417842437106e+02 6.533712634680616915e+00
2.520374248238730672e+02 1.885770726336623682e+02 7.033694178742577741e+00
2.520595821321063283e+02 1.887104008757024474e+02 6.679130152547873678e+00
2.520122458330946813e+02 1.883956011226301541e+02 8.705966359279836198e+00
2.520118156188148646e+02 1.886374350064595831e+02 6.976630963972736410e+00
2.520512158644697820e+02 1.887351547434942916e+02 6.901176725152898150e+00
2.520815561537825147e+02 1.886300309932476864e+02 7.964646059657228605e+00
2.520587280676632815e+02 1.883637398094583375e+02 8.959050728373140871e+00
2.520777198643170323e+02 1.886124202098885689e+02 6.734808535553137077e+00
2.520782289936422558e+02 1.890324379021326138e+02 5.967739020307895714e+00
2.520554734584518712e+02 1.883696266172811136e+02 7.985193246399501454e+00
2.520267903850926814e+02 1.888540873538639744e+02 7.078828493422685497e+00
2.520356823287575310e+02 1.892922427783187231e+02 6.784657387784714722e+00
2.520528819901865347e+02 1.891425943957589482e+02 6.425831949137980281e+00
2.521320439633172441e+02 1.891428833266510026e+02 6.481030477754230468e+00
2.520876822523881344e+02 1.890326771929154575e+02 7.751496522010296708e+00
2.520240156302702701e+02 1.884945542254552038e+02 7.539655446729161881e+00
2.519919455740751459e+02 1.894034569881181937e+02 7.279252343585925544e+00
2.520276279028326769e+02 1.895507671942519323e+02 6.913758583602216845e+00
2.520148092992471334e+02 1.893994106828060637e+02 7.075267133792822349e+00
2.519785427445889070e+02 1.892931923045102565e+02 8.411726521182961491e+00
2.520558756706187751e+02 1.888310008846121946e+02 7.407484201080626995e+00
2.520884892223685938e+02 1.884761542916420183e+02 6.093831261813391187e+00
2.520559278563746091e+02 1.879186474979475747e+02 6.346843079977852575e+00
2.521311848075809223e+02 1.881639383698951917e+02 5.367879030872329871e+00
2.520951842729951409e+02 1.878410600072550949e+02 7.154132539091586196e+00
2.520419828041570440e+02 1.881366503108870916e+02 6.977837600473490554e+00
2.521114127702363135e+02 1.889801006803240568e+02 5.022833177412477923e+00
2.521039247506857350e+02 1.886542757317143071e+02 7.318648770770885825e+00
2.520285621551444422e+02 1.882975364504776223e+02 7.714307170450133810e+00
2.520050951117220563e+02 1.881876854344464221e+02 6.506168738186608458e+00
2.520539078857768232e+02 1.888865990797487484e+02 5.504763541249021230e+00
2.520893432868116406e+02 1.877932171245648476e+02 8.440930179277163603e+00
2.520533325696393376e+02 1.886003602089975857e+02 7.210405330584034544e+00
2.520668550445169842e+02 1.887344572363187467e+02 7.032258434045478346e+00
2.520075885725922831e+02 1.885570422131851842e+02 7.937482737333817262e+00
2.520574768823465774e+02 1.889954382012460883e+02 6.885942302919220381e+00
2.520735628233766761e+02 1.893495452838714073e+02 5.407317461226619493e+00
2.521100623047011595e+02 1.888146451050397445e+02 6.809613634483329569e+00
2.520933704997740676e+02 1.886989340104753410e+02 7.706321476984172136e+00
2.520281701255640314e+02 1.890394333390610484e+02 6.661920308532371493e+00
2.520026983854236278e+02 1.891318123094742703e+02 7.823535775881270915e+00
2.520980366700396473e+02 1.893096015426618521e+02 7.885761562008769765e+00
2.520360781768078766e+02 1.891111925718031443e+02 7.527852556147418106e+00
2.520118945338602714e+02 1.895563230680133131e+02 6.280119136262099389e+00
2.520097307342281283e+02 1.898472968414889408e+02 6.417069833451069627e+00
2.519889658946993336e+02 1.892548243185622141e+02 6.373787476691423315e+00
2.520335414399450258e+02 1.877689138362258348e+02 6.966933323150747093e+00
2.520874175051390296e+02 1.872942054718674285e+02 6.582097740102208050e+00
2.520670879711832697e+02 1.881365497578453585e+02 5.739099222941367096e+00
2.521220395720768011e+02 1.878587293404866045e+02 5.693367954127447561e+00
2.520744410714626724e+02 1.874631371276196319e+02 6.955258987723619057e+00
2.521465019633299676e+02 1.877525796946496826e+02 6.378541471765596604e+00
2.521406317022102712e+02 1.880491551635259668e+02 6.436630582125742350e+00
2.521192788183108462e+02 1.880064570326670150e+02 6.050117417950627186e+00
2.521128128758806213e+02 1.880335223475953228e+02 6.252752162208603082e+00
2.520746739981289579e+02 1.885325098166497924e+02 5.586612444393531440e+00
2.520709598997015348e+02 1.881920779476996870e+02 5.689675493696342734e+00
2.520588426217614710e+02 1.878227695362468239e+02 7.205875352412954626e+00
2.520203168057226151e+02 1.880973531639205589e+02 6.736985063418421404e+00
2.520831573655103170e+02 1.886532472904773670e+02 5.516192221776734073e+00
2.520753078641388356e+02 1.880938490813397834e+02 6.549720933488617725e+00
2.520416009571631264e+02 1.884596915949112486e+02 6.686027582081193188e+00
2.520742145089129451e+02 1.883302607378556672e+02 6.490460825680482770e+00
2.520939585441446980e+02 1.877640325588203609e+02 8.499935722422691242e+00
2.520367553188104068e+02 1.888024387294677808e+02 5.775788354939509261e+00
2.520297331525924278e+02 1.886239036218187266e+02 6.889381471511032196e+00
2.521049837396821829e+02 1.884335007095990022e+02 7.574316971189643866e+00
2.521145413699397295e+02 1.890356543266446465e+02 6.318158733795367965e+00
2.520279664738339420e+02 1.885483424658405909e+02 7.470849164073289472e+00
2.520826686013581082e+02 1.884576716243134626e+02 7.608888125194900987e+00
2.521146495599213324e+02 1.889703279429266161e+02 7.044870840254310096e+00
2.520380103225970743e+02 1.890082338940119939e+02 6.232486269418510361e+00
2.520601039896646682e+02 1.882706187830536351e+02 5.670824980430341888e+00
2.521246692250415151e+02 1.873518350930115730e+02 6.202478186990473041e+00
2.521356944205790001e+02 1.871262042499570555e+02 5.674288332665101464e+00
2.520421673635374304e+02 1.875731536106815440e+02 5.386783002717478119e+00
2.521173899485143011e+02 1.876681520514729868e+02 6.032486269418511071e+00
2.520661791753377656e+02 1.881464294124011190e+02 4.030535031279632641e+00
2.521306591315526475e+02 1.876092279690194857e+02 5.986348969967734135e+00
2.521238928028205635e+02 1.878280046585333309e+02 5.734536151364148182e+00
2.521567430997066026e+02 1.880195823866710043e+02 4.809789284100527418e+00
2.520984185170335650e+02 1.875281618522124916e+02 5.538196791212428138e+00
2.521044427897741400e+02 1.871558101202181490e+02 7.697966664757431410e+00
2.520484640204670086e+02 1.871067555097339152e+02 7.209752372224449424e+00
2.521491507086443846e+02 1.878732815294245029e+02 6.325617478409734318e+00
2.520962814466909663e+02 1.877797353800332303e+02 7.159040545786636400e+00
2.520672534382139816e+02 1.879749368361430868e+02 6.360154266185539029e+00
2.521038840203397058e+02 1.876907141175197751e+02 6.582235205020015023e+00
2.520991223883256680e+02 1.875048971876968835e+02 7.230097180059949835e+00
2.520528094392576861e+02 1.874688215565356302e+02 7.738574819736398602e+00
2.520647650686370014e+02 1.877644984121529035e+02 8.475122031935136135e+00
2.520909635908891175e+02 1.884172531200081551e+02 5.833401429380580261e+00
2.521390559469487300e+02 1.885869802903309846e+02 5.758377404840547165e+00
2.520845434700981968e+02 1.884751844002774703e+02 5.888927073588280159e+00
2.520909215877198051e+02 1.883233505800892260e+02 7.454721219873863269e+00
2.520403255882034728e+02 1.882101825865042599e+02 7.294785879298165021e+00
2.520368724185552196e+02 1.884833686541802820e+02 7.411997632548637860e+00
2.521219606570313942e+02 1.886324824509485723e+02 6.634923726062966765e+00
2.521252687248219502e+02 1.885241142740770499e+02 8.026509091140512808e+00
2.520424575672527965e+02 1.886946891447263681e+02 5.258376768428890458e+00
2.521128701529297302e+02 1.875813709579904582e+02 5.065551673444450564e+00
2.521113223997810735e+02 1.869975052663064616e+02 6.191983758774525448e+00
2.521279492907192150e+02 1.867441561499640557e+02 5.862911837893222788e+00
2.521006803240608178e+02 1.870184241174561350e+02 6.234111664789252494e+00
2.521235173199432325e+02 1.876804335236204224e+02 4.949232169336413634e+00
2.520751589438112035e+02 1.872579618280288400e+02 6.170895622124215052e+00
2.521387275585339580e+02 1.871876459769237044e+02 5.942879508181071913e+00
2.520854866321731436e+02 1.869952956450350428e+02 6.917729792338876749e+00
2.521219275636252632e+02 1.867539747090007722e+02 6.361354538569728767e+00
2.521448829320757739e+02 1.874337552742616140e+02 6.249842488115012529e+00
2.521135625688120001e+02 1.869267922943276687e+02 6.318672954413832699e+00
2.521071869968370436e+02 1.869623638874569735e+02 6.859183738409353026e+00
2.520685568092865196e+02 1.868440842354468430e+02 6.961345628806537178e+00
2.520857170131928058e+02 1.873085871024813684e+02 6.275283680495891581e+00
2.521178481649070022e+02 1.872861217710063499e+02 6.997604546524874181e+00
2.520442802502370512e+02 1.876159675684619970e+02 7.064829982625961513e+00
2.521399889264371836e+02 1.877460641121102753e+02 6.049328267496547618e+00
2.521311580782913495e+02 1.881542750953026371e+02 5.584955228439963726e+00
2.521073677377474951e+02 1.876136675767353381e+02 6.364040195760225949e+00
2.521341759423665678e+02 1.877159020180613709e+02 5.718004722174491405e+00
2.520990931133894719e+02 1.873360508111066451e+02 8.228573610554251516e+00
2.521262475259496796e+02 1.875965710139946907e+02 7.291340346589787913e+00
2.521432028053025931e+02 1.876752836804958804e+02 7.122015388433854177e+00
2.520523983173275724e+02 1.881022497152057724e+02 6.156037955591195043e+00
2.521177997976211032e+02 1.882594675780081559e+02 6.040488509587541799e+00
2.520844314616466590e+02 1.880525574202416976e+02 5.988172925775308464e+00
2.521244833928378171e+02 1.878195072900955154e+02 8.016598888825248181e+00
2.521247290477372474e+02 1.875534808535552997e+02 5.269664165568856973e+00
2.521461073881029336e+02 1.864223864164296174e+02 5.387383775321228363e+00
2.522025443738027377e+02 1.862084973684378042e+02 6.712292291145604217e+00
2.520838395988060938e+02 1.864770261756114280e+02 6.977141366121261790e+00
2.521405273306986032e+02 1.863762542082720870e+02 6.899164391494994497e+00
2.521274248875142519e+02 1.867061712838332426e+02 5.594104282414036788e+00
2.521556828378868715e+02 1.870552545328420138e+02 6.423075013841953229e+00
2.521633834189306924e+02 1.871926163519611066e+02 5.496548739586714305e+00
2.521480815370614437e+02 1.870347035276298016e+02 6.448408016241225837e+00
2.521164633331424056e+02 1.868367718655134979e+02 5.203743373363626468e+00
2.521699715523989482e+02 1.866427694089644831e+02 6.620407176177838693e+00
2.521253132736379143e+02 1.868206782875435010e+02 6.066035346303403131e+00
2.520615015496623812e+02 1.867219135625688011e+02 8.135674055405999638e+00
2.520632134970184097e+02 1.873043091433262646e+02 5.701402014879304758e+00
2.520991707556115671e+02 1.868142238005231377e+02 7.329089740407685127e+00
2.520999828168852730e+02 1.873307635030643326e+02 6.407616574705182089e+00
2.521611381586065193e+02 1.871264460863865224e+02 7.682840432505361861e+00
2.520592982925075205e+02 1.871439346787075806e+02 7.180949653473852834e+00
2.521077406749782028e+02 1.875769237133347360e+02 7.099664611057016295e+00
2.521004919462104965e+02 1.874214979857570995e+02 6.699379498634897345e+00
2.520513075077483052e+02 1.878477512394117070e+02 5.878912499761345778e+00
2.520943327541987173e+02 1.882026831115438767e+02 5.654033895284825917e+00
2.520762955750297465e+02 1.879949519827405027e+02 5.584988321846102721e+00
2.520666450286703366e+02 1.873353749419274266e+02 6.641586956106688255e+00
2.520906835697602730e+02 1.874727469436330125e+02 7.164899351496521795e+00
2.520618770325397406e+02 1.877299158027378496e+02 7.062630543941042838e+00
2.521011499958633237e+02 1.873219262908019402e+02 7.735357122401054220e+00
2.521288377213917045e+02 1.871785834749349249e+02 4.974800644048596787e+00
2.521278385550909888e+02 1.860906122916547361e+02 6.042931057525249727e+00
2.522390451279505612e+02 1.863131679935849832e+02 5.983081632523181703e+00
2.521787413050257385e+02 1.867412375661072588e+02 4.719994145012759823e+00
2.521244222973188016e+02 1.866783499118569978e+02 5.787416868727367714e+00
2.521027970292303735e+02 1.867562976115470406e+02 5.566996964316398788e+00
2.521305203938115369e+02 1.868947107827226830e+02 5.523131654479383812e+00
2.521105676155564481e+02 1.867291228338138183e+02 5.573228707257001702e+00
2.520999077203098011e+02 1.863361857303778493e+02 6.142804411605602866e+00
2.521527324334472553e+02 1.863208736659220790e+02 6.503442350650094461e+00
2.521156512718686997e+02 1.872356466897047653e+02 4.547016183948425549e+00
2.521144853657139606e+02 1.872321095137178588e+02 4.546920722199947917e+00
2.521024113637665494e+02 1.868832413718489533e+02 5.898352330221280582e+00
2.520955966677485662e+02 1.870745798092037830e+02 6.291391259522309376e+00
2.521568971113274813e+02 1.873073575551609906e+02 6.139269781265313419e+00
2.521456046228942682e+02 1.870734940909177624e+02 7.333884465827876120e+00
2.521027690271174890e+02 1.870483151001393765e+02 6.630904150040412226e+00
2.521366375826539752e+02 1.875348416289592706e+02 4.842573394174287671e+00
2.521243879310893590e+02 1.872006682322393374e+02 5.996558285761562246e+00
2.520963870910259459e+02 1.877047100826698625e+02 6.363639256416620427e+00
2.520783499118569750e+02 1.870854293551240630e+02 7.548408652652882189e+00
2.521294410396420744e+02 1.874799142117086888e+02 6.781022204402695763e+00
2.520694299660792694e+02 1.877396732662555507e+02 6.086714906670230185e+00
2.520882435674691919e+02 1.873494867339990151e+02 7.675869179219886540e+00
2.521323647147921179e+02 1.874675181854630921e+02 5.555891580910196303e+00
2.521264549961497039e+02 1.864471237375183819e+02 5.305611241575500792e+00
2.521670466044255932e+02 1.862680489527846248e+02 5.398804818909063385e+00
2.521585645098675741e+02 1.863263417148748431e+02 6.351455791664280426e+00
2.521704412242014541e+02 1.860861294079462311e+02 6.188885706830606459e+00
2.521190586198776771e+02 1.860195098357421557e+02 6.146300857246501437e+00
2.521017494956437588e+02 1.872131011703610284e+02 4.741574864285214019e+00
2.521407398921918741e+02 1.864601396287174282e+02 7.401775588521679161e+00
2.521273510637620916e+02 1.861233696724389119e+02 7.005749342904964649e+00
2.521104594255748452e+02 1.869198999560875905e+02 5.622732624370748056e+00
2.521093813442286944e+02 1.865823624873513324e+02 5.226868027314788279e+00
2.521400436578396409e+02 1.860433510892185609e+02 7.544270704062215671e+00
2.521058594421215560e+02 1.867427955018424086e+02 5.549397636367107367e+00
2.520665266561022406e+02 1.867263340779349789e+02 5.873053694051460383e+00
2.521167204434516407e+02 1.872226320713290306e+02 6.145593167484455499e+00
2.522025621933291291e+02 1.870885235885980364e+02 5.257023757247138107e+00
2.521505075382960683e+02 1.869557999376316673e+02 5.928245858551145275e+00
2.520632733197141135e+02 1.872794330844963895e+02 5.679688921982295469e+00
2.521241091827837977e+02 1.876318116730626002e+02 5.070024374566444614e+00
2.521237196988500102e+02 1.879837893222852188e+02 5.799814167796297326e+00
2.521906231106528935e+02 1.878193609154145349e+02 5.365524307743220866e+00
2.521263391692282312e+02 1.872236070539867967e+02 7.081913817133474787e+00
2.521112193010927172e+02 1.876893509237515332e+02 5.920568188326937431e+00
2.520452501416015991e+02 1.875205338220974909e+02 5.594852702522099541e+00
2.521853536221369438e+02 1.864306432212612492e+02 6.486958015923019794e+00
2.521272123260209526e+02 1.865355658654243882e+02 4.872908592193774702e+00
2.521272670574234098e+02 1.866835252114477726e+02 5.163835271206827393e+00
2.521540778076891343e+02 1.861878254450108443e+02 4.794944345800637997e+00
2.521722066301366283e+02 1.867674399068293383e+02 4.706581132940031331e+00
2.521746122661982668e+02 1.862268387523785975e+02 7.154733311695337328e+00
2.521298419789856951e+02 1.869880851009667140e+02 5.147634776078558794e+00
2.521068153324296190e+02 1.865121459164646183e+02 6.458694974257148225e+00
2.521584232264798118e+02 1.864492137133983647e+02 5.754842774500257718e+00
2.521571580401066512e+02 1.868152611515232593e+02 4.973791295161362314e+00
2.521207056532447552e+02 1.858757508066517801e+02 5.221622722441784603e+00
2.521804023394492447e+02 1.862560665941157367e+02 6.046430048812774238e+00
2.521447671051543011e+02 1.861833196504827299e+02 6.910255773844753868e+00
2.521141760696488916e+02 1.871814918762052002e+02 5.389193730072359578e+00
2.521209131234447796e+02 1.873341746695432448e+02 5.345538436081994860e+00
2.521509950296249656e+02 1.866536762319338720e+02 6.256976662784555998e+00
2.521153139736907463e+02 1.871593040202124314e+02 5.301927690907586310e+00
2.520981728621341347e+02 1.868485887571516741e+02 6.367487001291915583e+00
2.520631880405521485e+02 1.871531741031368767e+02 5.038381987004473928e+00
2.521290884675843813e+02 1.867224901515296267e+02 7.132208157524613235e+00
2.521544800198560381e+02 1.866139641445672623e+02 6.033181230947426421e+00
2.521344546906721007e+02 1.871364466591570022e+02 6.756207241091828131e+00
2.520969445876370685e+02 1.877192139043218617e+02 5.791306616771993099e+00
2.520846631154896329e+02 1.874172238450719590e+02 5.606833788367667992e+00
2.520547364937536088e+02 1.860512947795151888e+02 6.060861319535928438e+00
2.521203123508410044e+02 1.861013154628940072e+02 4.543825215902654868e+00
2.521770968173053120e+02 1.859316353870337366e+02 4.609371798053853553e+00
2.522514195161998600e+02 1.856065754052351338e+02 5.335168744550725428e+00
2.521549115069591664e+02 1.859732045236140436e+02 4.417972265180009295e+00
2.521726139335968071e+02 1.855195970241391024e+02 5.750548268642088345e+00
2.522025889226187019e+02 1.857321343337724500e+02 4.505612514398813495e+00
2.521396401728493970e+02 1.856196956679458481e+02 5.742454385194519340e+00
2.521859709414437702e+02 1.853759041818609887e+02 5.711237120619101049e+00
2.521510650349071909e+02 1.861223921441345226e+02 3.754389649400818207e+00
2.521943499373134614e+02 1.858271900516129733e+02 5.076271391386804943e+00
2.522088703056685119e+02 1.852300195378378476e+02 6.294854611757068952e+00
2.520964621876014178e+02 1.854429310575252430e+02 5.319411191935391692e+00
2.521965277380020609e+02 1.853329234842265407e+02 5.002033971654224587e+00
2.521064334854357298e+02 1.859513514201526050e+02 5.314314807390012163e+00
2.521627597355073078e+02 1.859486772183719268e+02 5.072090166803494782e+00
2.521016400328388443e+02 1.853684976230024688e+02 6.516054756858926211e+00
2.521568551081581688e+02 1.861333766093259783e+02 5.275122031935136846e+00
2.520952250033411701e+02 1.862992420337170927e+02 5.503544176515137387e+00
2.521251210773176581e+02 1.863557184769396144e+02 5.598340238399806879e+00
2.521435922892363806e+02 1.866140990638384665e+02 5.728674800007636847e+00
2.521123635692511300e+02 1.864477894241110789e+02 4.917669969643164052e+00
2.521586841552589817e+02 1.867687216399055501e+02 5.366657120491819200e+00
2.520721436253826369e+02 1.863175146851989723e+02 6.648509842106268053e+00
2.520923178748942064e+02 1.867006854153540587e+02 5.216259045000668060e+00
2.521202563466152355e+02 1.862600887157849172e+02 5.088425581202945303e+00
2.520933323150746901e+02 1.853105892535527630e+02 5.463790085979215227e+00
2.521461557553888042e+02 1.847568665635679679e+02 4.811772342822231430e+00
2.522311065289471799e+02 1.852093501600575394e+02 4.013634483329196811e+00
2.522325626388172850e+02 1.852773558368494946e+02 3.556155055335993520e+00
2.521857481973639779e+02 1.847094246202213412e+02 4.777224099636608656e+00
2.521225703393983224e+02 1.847807740038566635e+02 5.440155029879527149e+00
2.521961064334854257e+02 1.846595859505762576e+02 5.285913027983020207e+00
2.521496789303192827e+02 1.849435770153566239e+02 4.703778376004734696e+00
2.521277723682786984e+02 1.850136841234383951e+02 5.287568971113274507e+00
2.521874486893102016e+02 1.849771095455384398e+02 4.485406444304433471e+00
2.522122801993241410e+02 1.851981709528991757e+02 3.604596164983357998e+00
2.521891746377226582e+02 1.847816089759500073e+02 6.070651876459769447e+00
2.521424442026080044e+02 1.852996289720042569e+02 4.950618273924304980e+00
2.521099464777796868e+02 1.846075911182389291e+02 5.521968293971272423e+00
2.521338666463014988e+02 1.848832961032514390e+02 5.536489935149652375e+00
2.521597125964959218e+02 1.859311326218250997e+02 3.766444558998542469e+00
2.521063927550897006e+02 1.858080340607518508e+02 4.597470900077006206e+00
2.522200736964698251e+02 1.862864476137744987e+02 3.687614792752544002e+00
2.521664191025322737e+02 1.854608180435432985e+02 5.184694299660792538e+00
2.521653130190732668e+02 1.855121408251713433e+02 4.970695788864069264e+00
2.521785669282318452e+02 1.856467558915809093e+02 4.501506386390973447e+00
2.522163532339258438e+02 1.852365809420165306e+02 6.355457548160452497e+00
2.521408111702973827e+02 1.862583869510153818e+02 5.364984630658494957e+00
2.520828429781520015e+02 1.864817178023432689e+02 5.156603089142180352e+00
2.521565203556268386e+02 1.867684136166637927e+02 3.782412127460526463e+00
2.521650228153578723e+02 1.864148551208863864e+02 5.256673730836054048e+00
2.521736818323564364e+02 1.854256703005772238e+02 5.930409658183299015e+00
2.521109736461933153e+02 1.848985878025341947e+02 4.555336629945713867e+00
2.521315361068153322e+02 1.847035569047482682e+02 4.268057862547810721e+00
2.521579662829104507e+02 1.845050130146183847e+02 4.877882785701102897e+00
2.521390279448358456e+02 1.849007057805270620e+02 4.119057347054368989e+00
2.521482902800847796e+02 1.840262978024705376e+02 5.091765469576341019e+00
2.521795775499423939e+02 1.840011748159179206e+02 5.548229184565744099e+00
2.521598589711769023e+02 1.846150447715600365e+02 4.902835213929778391e+00
2.521849654110264680e+02 1.851948527025220983e+02 3.547606773965672033e+00
2.521596400455670732e+02 1.852742641490221445e+02 3.199137025793764355e+00
2.522110799269399308e+02 1.843209640363772905e+02 5.179983580579262004e+00
2.521676142836232088e+02 1.847049086431067053e+02 4.777645404153222586e+00
2.521221566718216138e+02 1.844889805321674316e+02 4.333371518032723912e+00
2.521483831961866144e+02 1.848523410402785032e+02 4.157878458101838426e+00
2.521600282566775491e+02 1.847249823395765418e+02 4.785021415252241894e+00
2.521260807860956845e+02 1.847708192527254312e+02 5.121151141404306273e+00
2.521625497196606602e+02 1.849165549764209402e+02 5.485853205287307688e+00
2.522363772902864412e+02 1.851447785605641059e+02 5.973979673011690750e+00
2.521915382706149558e+02 1.853281580337425396e+02 4.341781061661925456e+00
2.521386282783155366e+02 1.850227351700173699e+02 6.100344298706175117e+00
2.521022382597959677e+02 1.853011067198706883e+02 4.466256817559870029e+00
2.521384360819952803e+02 1.855957436788412167e+02 4.912834513876956244e+00
2.521659367024966514e+02 1.849355047699053785e+02 6.058663153674322288e+00
2.521707097899205223e+02 1.862175840540695333e+02 3.669295046808077387e+00
2.521499984089708448e+02 1.864176756973480735e+02 4.793548058626242003e+00
2.521079341441217707e+02 1.862359699868262908e+02 4.952830440842354243e+00
2.521118302562829854e+02 1.862387536514118835e+02 4.739300329024826119e+00
2.521429838796927356e+02 1.862587522513062481e+02 5.417480955381178909e+00
2.521796984681571416e+02 1.849039298419789930e+02 6.204915643634929090e+00
2.521688056462442091e+02 1.849912837059523554e+02 4.135672782582686224e+00
2.521283107725401180e+02 1.842926284437825757e+02 4.550581362048227163e+00
2.521421998205319142e+02 1.845854834501148787e+02 4.117748884688571920e+00
2.521713296548739720e+02 1.846560131355365968e+02 3.613178812583131450e+00
2.522107248092356144e+02 1.845487192215412620e+02 4.533731727030311909e+00
2.521849883218461059e+02 1.848403370436132889e+02 4.273285347894431929e+00
2.521647071551762451e+02 1.852380230508302077e+02 3.444004047578135275e+00
2.521564490775213017e+02 1.841484442917056583e+02 5.458291489266917651e+00
2.521632103149601392e+02 1.850093501600575223e+02 3.916386963743627714e+00
2.521016833088314968e+02 1.842891358166116049e+02 4.769154399831987412e+00
2.522100565769962657e+02 1.846491857112854973e+02 4.303975663618254899e+00
2.521201557935735025e+02 1.846774525714212984e+02 4.038119785401989681e+00
2.521733241690054683e+02 1.850091172333912368e+02 4.807794769969007120e+00
2.521495758316309264e+02 1.849581610248773416e+02 4.218406297929752746e+00
2.521856921931382089e+02 1.850498386696450837e+02 4.916138763197587025e+00
2.521655421272695889e+02 1.850738122967460413e+02 4.738362258243122405e+00
2.522953471943792181e+02 1.855314279168337350e+02 4.494363301958238743e+00
2.521482800974982581e+02 1.853782321757005320e+02 5.254227364428406766e+00
2.522168012677320235e+02 1.849350147329298579e+02 6.238940756438895008e+00
2.521396503554359185e+02 1.851455193437323032e+02 5.170686879100877320e+00
2.521761103792377128e+02 1.853676651965557483e+02 5.442118996251535279e+00
2.521594173014872808e+02 1.855014389267553838e+02 5.648525115986024581e+00
2.521976567322807057e+02 1.858833661085336360e+02 4.413043893311949795e+00
2.521359604406514450e+02 1.856608218620132220e+02 4.965904881913816737e+00
2.521141913435286597e+02 1.858412114732293503e+02 5.585750743010608588e+00
2.521567329171201095e+02 1.857700988347302484e+02 6.419909502262443723e+00
2.521490348817228835e+02 1.862398813728672167e+02 5.204484156531811401e+00
2.521541109010952653e+02 1.854305515779826976e+02 4.984363365599404183e+00
2.521612679865844484e+02 1.847073575551609679e+02 4.804972920684015492e+00
2.521672018888697835e+02 1.843532161063062063e+02 4.358887806989073077e+00
2.520971202372542734e+02 1.844694439671357031e+02 4.589576849889582810e+00
2.521514825209538628e+02 1.845976885528635307e+02 4.143453551495249521e+00
2.521571440390502232e+02 1.845212987889086094e+02 5.339404700536494630e+00
2.521696278901044366e+02 1.844634311498049328e+02 4.980436705678701337e+00
2.521698659080639686e+02 1.848388262023407265e+02 5.005820621010494520e+00
2.521280167503547887e+02 1.850688088283025081e+02 3.942498934010475242e+00
2.521708918036542855e+02 1.846643628564700919e+02 4.492937739847643108e+00
2.521808987405413234e+02 1.846080047858156661e+02 3.537652022834450349e+00
2.521270519502835157e+02 1.852371982613233570e+02 3.426166701669307812e+00
2.521516378053980532e+02 1.847570600327115642e+02 4.675685892662809984e+00
2.521939120860937749e+02 1.847639829187111502e+02 5.025395370741610357e+00
2.521125137624020738e+02 1.848998198955011958e+02 4.719730670586962162e+00
2.521788316754809784e+02 1.850564255302899994e+02 4.524013721035314184e+00
2.521247774150231464e+02 1.852007916961007084e+02 5.401831592747452504e+00
2.521222521335700719e+02 1.851963482699149210e+02 4.916095487204943382e+00
2.522500295931420169e+02 1.860222820449179437e+02 2.914751385786382265e+00
2.520982034098936424e+02 1.861716224042359613e+02 3.930083815415163162e+00
2.521035467221617523e+02 1.852955050244700317e+02 4.988227657177769281e+00
2.521476245934920541e+02 1.853864762522990475e+02 5.547196924858875278e+00
2.521509021135231023e+02 1.859553391755923428e+02 5.191264613602662337e+00
2.521690080251509869e+02 1.856260903322705360e+02 6.220241709147145137e+00
2.521592849278627284e+02 1.862454206999255462e+02 5.095639943741209876e+00
2.521252216303593912e+02 1.855083007172359260e+02 6.440088843067250046e+00
2.521344126875027882e+02 1.865042060446379253e+02 5.862740006745963406e+00
2.521575424327471922e+02 1.857716084031794992e+02 5.038051052943085750e+00
2.521250217970992367e+02 1.847621080499710331e+02 4.493968726731198515e+00
2.522024692772272942e+02 1.849633465070546094e+02 4.252940540058931518e+00
2.521054381376049207e+02 1.842879113605844736e+02 5.182925075255678138e+00
2.521422927366337774e+02 1.844545213866137203e+02 5.443251809000133612e+00
2.522141397941844616e+02 1.853252610878820974e+02 3.960103353253018099e+00
2.521961764387676510e+02 1.846679751290324702e+02 4.898086310148856981e+00
2.521629824795871002e+02 1.846577072633662340e+02 5.692447702872125426e+00
2.521422952822804007e+02 1.851313413648484527e+02 4.205716249498825832e+00
2.521775575793446365e+02 1.845936282464949727e+02 5.033354334917998330e+00
2.521379116787903172e+02 1.850769472605660155e+02 4.117748884688571920e+00
2.521757794451763175e+02 1.852683264282668461e+02 4.181522423964717738e+00
2.521328993005836026e+02 1.850334956183057500e+02 4.970970718699684099e+00
2.522064583054903153e+02 1.851696266172811249e+02 4.372057709809013204e+00
2.521220306623136196e+02 1.851858487504057109e+02 5.431331818673590384e+00
2.521834049296446949e+02 1.855703763102125095e+02 5.279413992146680279e+00
2.521087716618617662e+02 1.855786356606907646e+02 3.555866124443935128e+00
2.521625522653072835e+02 1.856864947082370634e+02 5.807209271245012516e+00
2.521691378531289160e+02 1.860174949564376163e+02 4.038817292577530971e+00
2.521252470868256523e+02 1.859158740159484751e+02 5.009141417034194355e+00
2.522117736156455408e+02 1.856573661467183456e+02 5.299207667487637607e+00
2.520881417416041472e+02 1.860619801312280970e+02 5.395174726820296307e+00
2.521451311326218274e+02 1.859201061534643031e+02 5.229070011646332894e+00
2.521889137089434882e+02 1.862526516091668611e+02 6.222786082949895103e+00
2.521788444037140948e+02 1.860187385048144506e+02 6.190676569232041793e+00
2.520641273841571603e+02 1.865577384475374174e+02 4.885690283903239894e+00
2.521445876370671613e+02 1.862531861949583458e+02 5.740322406145191181e+00
2.521478842494479125e+02 1.853685663554613541e+02 4.910559978616568344e+00
2.521398845549255157e+02 1.849587541605412184e+02 4.950412076547594076e+00
2.521219237451553283e+02 1.847935671509759459e+02 4.763425422100031170e+00
2.521258911354220231e+02 1.847882302028243942e+02 4.150325524562307855e+00
2.521131399914720816e+02 1.847048882779336907e+02 4.641014185615823351e+00
2.520999891810018312e+02 1.853376138381350700e+02 3.654583754956055586e+00
2.521606035728150346e+02 1.853816637073524589e+02 3.767079697831745566e+00
2.521678102984134284e+02 1.849541987259038649e+02 5.117625420827208060e+00
2.521712863788813195e+02 1.851949087067478672e+02 4.355246259490488825e+00
2.521801223183203717e+02 1.855467247074097372e+02 3.705556510173040330e+00
2.521518147278385413e+02 1.856191738103875082e+02 4.019106350751920687e+00
2.521173224888786990e+02 1.850042906873882202e+02 4.647387211944174368e+00
2.521931152986998086e+02 1.852031604202862525e+02 4.829848979513908347e+00
2.522262227058950828e+02 1.859904423697424534e+02 3.483434840992547521e+00
2.521480649903583640e+02 1.856134333772457410e+02 4.285183700224653336e+00
2.521805423500136953e+02 1.853013320095970755e+02 5.292098949284355314e+00
2.521662841832610980e+02 1.857414081244312172e+02 4.435308118703502167e+00
2.521937058887170622e+02 1.859876663420967304e+02 4.778714575736168868e+00
2.521984166077985776e+02 1.856022796265536385e+02 5.651754268731186137e+00
2.521067389630308355e+02 1.857630461207527617e+02 4.665279289255462203e+00
2.521481159032908863e+02 1.858741801426834854e+02 5.196028791263341162e+00
2.521065976796431016e+02 1.858388974804462634e+02 5.733595534935817639e+00
2.521457497247519655e+02 1.863536895965786471e+02 5.537794579045510091e+00
2.521631021249785078e+02 1.867308207801134188e+02 4.881715256696641525e+00
2.522112275744442513e+02 1.862923611508868476e+02 5.732178882588413238e+00
2.520830822689348452e+02 1.864243223806887215e+02 5.604999649973589015e+00
2.521608619559475812e+02 1.858804908006694916e+02 4.575717076833979213e+00
2.521702617561143143e+02 1.847256429348759923e+02 4.395622760626483938e+00
2.521211307762312970e+02 1.850381477875148732e+02 3.213742673310804321e+00
2.521893693796895661e+02 1.848837772304637497e+02 4.386688813792313013e+00
2.521272797856565546e+02 1.847078399551966186e+02 4.501226365262105844e+00
2.522277271830510870e+02 1.851785605641152870e+02 5.300533949379817145e+00
2.521785872934048598e+02 1.849025310091579684e+02 4.803600817152567259e+00
2.521516378053980532e+02 1.851047126283164914e+02 4.713160356645092364e+00
2.521577168095410855e+02 1.850162755917037316e+02 5.064082835341212174e+00
2.521426427630448472e+02 1.851144204517249818e+02 3.810895367559552049e+00
2.521368896016699352e+02 1.850037828308863368e+02 3.646694796061884514e+00
2.520948749769300719e+02 1.851983898785090048e+02 3.481666889410746535e+00
2.521974912652500223e+02 1.847262386161864924e+02 5.833535075828448768e+00
2.522221751277596411e+02 1.853762287518058258e+02 4.439503344343254554e+00
2.521130483481935585e+02 1.854020059695413352e+02 5.077652404681444409e+00
2.521515525262360597e+02 1.852170341943983090e+02 5.169806085368259474e+00
2.521291088327573675e+02 1.854740961363448264e+02 5.817245483068267831e+00
2.521403478626114634e+02 1.861255678383005261e+02 4.447892522799447690e+00
2.521494396395364390e+02 1.854639237324270766e+02 5.033330151275050568e+00
2.521514774296605879e+02 1.858854535387670239e+02 5.253580770185386939e+00
2.521806441758787116e+02 1.858197949481642581e+02 5.332357077852237559e+00
2.521880265510943104e+02 1.863221350338252762e+02 4.396898129586141124e+00
2.521757947190560856e+02 1.856072143625382580e+02 6.334032113332187741e+00
2.521934640522875952e+02 1.859390508556554664e+02 4.756769828996187499e+00
2.522128822447511993e+02 1.865983847872157639e+02 4.667233073040965685e+00
2.521714823936715106e+02 1.861952281853994577e+02 5.464304306597679961e+00
2.520913352552965421e+02 1.853058339856552834e+02 5.737948590666386295e+00
2.521765953249199583e+02 1.850997486173956759e+02 4.038203791740649251e+00
2.520268985750743127e+02 1.842968109411891930e+02 3.506125462193965703e+00
2.521446856444622711e+02 1.846996646110570168e+02 2.921865195282916883e+00
2.520835824884968588e+02 1.852676009189784452e+02 3.901424925698939283e+00
2.521604953828334317e+02 1.848648656216787174e+02 4.803672095258097130e+00
2.521162978661117222e+02 1.849820200978801097e+02 5.015328611158841987e+00
2.522206070094379982e+02 1.847529857252865497e+02 5.442877598946102680e+00
2.521370156111779295e+02 1.847110678351184561e+02 5.429104377875785481e+00
2.521935187836900525e+02 1.844360107171723087e+02 4.725483831961866166e+00
2.522190554378194065e+02 1.852918812964978201e+02 3.634718801509568387e+00
2.521874575990733831e+02 1.847316302957405014e+02 5.208614468182599211e+00
2.522300946344133195e+02 1.850127791460628259e+02 4.651721175325047142e+00
2.521286302511916801e+02 1.855312535400398417e+02 3.899458413680304769e+00
2.521736691041233200e+02 1.850433587261584307e+02 5.193374954655669562e+00
2.521402307628666506e+02 1.852784148258459425e+02 4.662321247875976127e+00
2.521521112956704940e+02 1.857191973576188104e+02 4.995667309442439752e+00
2.520874760550114217e+02 1.858080722454512568e+02 4.847556497444807100e+00
2.521651182771063588e+02 1.858095168999115288e+02 4.764914625376277968e+00
2.521596094978075655e+02 1.856093908904035459e+02 5.846558603967390688e+00
2.521050461080245100e+02 1.858238883479389756e+02 4.126671376112924783e+00
2.521219542929148361e+02 1.857224048723676333e+02 5.212030725954776678e+00
2.521366821314699109e+02 1.854893025564656170e+02 5.292974651723721280e+00
2.521762682093285264e+02 1.861202563466152355e+02 5.356063412057455508e+00
2.521553646320585926e+02 1.861151052306674103e+02 4.185021415252241361e+00
2.521423054648668938e+02 1.857354996786121148e+02 5.100229744608002491e+00
2.521684658024196324e+02 1.848082428037751868e+02 4.568454347009820005e+00
2.521375425600295159e+02 1.847473560277730087e+02 3.230213006981435875e+00
2.521245215775372230e+02 1.839757730810597423e+02 4.779895755770662724e+00
2.521618394842519990e+02 1.844947756967116561e+02 4.302953586497890726e+00
2.521702846669339522e+02 1.850410307323188874e+02 4.262046318040360937e+00
2.522123540230762728e+02 1.849112702140252509e+02 4.172331366821314447e+00
2.521982855069973368e+02 1.850988767334262377e+02 4.877201825228630661e+00
2.521813340461143866e+02 1.855041653142918960e+02 3.563920550368800733e+00
2.520871820328261208e+02 1.842171054725038459e+02 4.842287008928855663e+00
2.521305598513342261e+02 1.844641872068528698e+02 5.290883403020409936e+00
2.521678179353532983e+02 1.850894858430227146e+02 3.799125570383947270e+00
2.521664941991077455e+02 1.850395898963285504e+02 4.602252897264066611e+00
2.521572636844416309e+02 1.856918889334376956e+02 2.945213866137172065e+00
2.521847643049430019e+02 1.853430653403847828e+02 4.108422908273987595e+00
2.521270468589902691e+02 1.856757839000579224e+02 4.188954439289510390e+00
2.521326014599283383e+02 1.850950009864380661e+02 4.170005918628405972e+00
2.522071048997333378e+02 1.856937459826514214e+02 3.871476665966613773e+00
2.521489928785535710e+02 1.855146915630906790e+02 4.433615263697169517e+00
2.521143109889200673e+02 1.853122222858633847e+02 5.594013911958811036e+00
2.521223183203823623e+02 1.854367591372803474e+02 4.581780807097262986e+00
2.521215648089810486e+02 1.854120778204173519e+02 5.819097440988729275e+00
2.521716796812850419e+02 1.852829817158931007e+02 6.283964335490768605e+00
2.521616867454544320e+02 1.858247627775550370e+02 4.567469181765533293e+00
2.521254978330183008e+02 1.858293780348880944e+02 4.453160738492086601e+00
2.521737034703527627e+02 1.845259776874073339e+02 4.472846223851435710e+00
2.522180244509358431e+02 1.844565680865010791e+02 4.151090491373439662e+00
2.521462944931299432e+02 1.835903163602344534e+02 5.343019518745505181e+00
2.521984611566145418e+02 1.841710967282076865e+02 4.825265542763681026e+00
2.521527795279098427e+02 1.843752652245578645e+02 4.820088970349581281e+00
2.521301372739943076e+02 1.847721633541439985e+02 4.509616816541611506e+00
2.522475603159147397e+02 1.847210353144828332e+02 4.310044485174790552e+00
2.522050072869134567e+02 1.853185698557254852e+02 3.435758698156315294e+00
2.521558979450267657e+02 1.843846752073110906e+02 4.846385499996817892e+00
2.521265199101386827e+02 1.843411255576557153e+02 4.489936422475514277e+00
2.521238304344782364e+02 1.842768047043549586e+02 4.800822243860218386e+00
2.521243993864991637e+02 1.840146832897391391e+02 4.477516212586949429e+00
2.521075853905340125e+02 1.848443935315119120e+02 4.583707861593192767e+00
2.521454378830402732e+02 1.845713143809942096e+02 4.832320802387816805e+00
2.521492830822689371e+02 1.850127562352432165e+02 4.901375285589731234e+00
2.521649999045382629e+02 1.848414151249594397e+02 4.580096861854121570e+00
2.521821588356212374e+02 1.854829371670771536e+02 4.622498424881150036e+00
2.521261673380809611e+02 1.855437081161578590e+02 3.706037637385366512e+00
2.521941564681698651e+02 1.851748388287479941e+02 5.008394269749445016e+00
2.521386575532517327e+02 1.853446678249358683e+02 5.176989900147010992e+00
2.521938586275146292e+02 1.853362811921263074e+02 4.135156016317594663e+00
2.521760009164327982e+02 1.858374477346927165e+02 4.616727443979863565e+00
2.521695960695216172e+02 1.861320643284902303e+02 4.626444177151548764e+00
2.520809808376450292e+02 1.856121147322934348e+02 5.009105777981429419e+00
2.522059237196988590e+02 1.848753447760149129e+02 3.544550725191082385e+00
2.521693631428553317e+02 1.840151122311956158e+02 3.545561346901629829e+00
2.521579026417447835e+02 1.838573241435490218e+02 4.231483284647841181e+00
2.521400691143059021e+02 1.837933316786630371e+02 4.850011773615645616e+00
2.522126633191413418e+02 1.841620176795158272e+02 3.489354742221458583e+00
2.521226988945529399e+02 1.842082873525911566e+02 3.328341320299622819e+00
2.521970674150867637e+02 1.841811113020345942e+02 3.811685790836945031e+00
2.521873404993285988e+02 1.843374700091006844e+02 3.149351814727838761e+00
2.521996168801827878e+02 1.844696005244032051e+02 3.145090402275807939e+00
2.521423029192202705e+02 1.835932260343280404e+02 4.192835277570943653e+00
2.521767187887813293e+02 1.832707422469150060e+02 4.770954171996613979e+00
2.520820194614684624e+02 1.843354131266268325e+02 2.316647892522799346e+00
2.521274134321044187e+02 1.834646148754860633e+02 5.212412572948686318e+00
2.521289777319561267e+02 1.838467966219269272e+02 4.822292227504439310e+00
2.521436648401652008e+02 1.841188193290948334e+02 4.185641280205688375e+00
2.521926965398298250e+02 1.845454264276304457e+02 3.500131737212898830e+00
2.521218435572865815e+02 1.839992248506023600e+02 5.006262290700116857e+00
2.521489483297376069e+02 1.841818584493193498e+02 4.715804010666259316e+00
2.521733254418287800e+02 1.845847515767098912e+02 4.595769135307482323e+00
2.521487688616504670e+02 1.847541452673247022e+02 3.804108673654466699e+00
2.521741896888583483e+02 1.848972717032285118e+02 3.979958124113001094e+00
2.521668149505826477e+02 1.856446251853548972e+02 3.352572057709808817e+00
2.521094997167968188e+02 1.853829670784249970e+02 4.671801235911437367e+00
2.521169075484786504e+02 1.852433676359216292e+02 4.876231933864100476e+00
2.521958391405896975e+02 1.854380306877700662e+02 4.884687299132570715e+00
2.521616358325219096e+02 1.853458082746243463e+02 5.399245215775372309e+00
2.521103245063036695e+02 1.852547619502198870e+02 4.656317340308405051e+00
2.521560086806549918e+02 1.841290350090052357e+02 3.739736907421196133e+00
2.521418917972901568e+02 1.836332015961204434e+02 2.510039393881538405e+00
2.520816477970610379e+02 1.834546053929523737e+02 3.547782423582870326e+00
2.521290439187684171e+02 1.834066657756903567e+02 3.446473324805417349e+00
2.521457077215826246e+02 1.831586561531460973e+02 4.593010927188142745e+00
2.520410027302060030e+02 1.830723841889887922e+02 4.157194951982740250e+00
2.521098637442643451e+02 1.830527101590392647e+02 3.294549134161941506e+00
2.521262271607766650e+02 1.826990167439906827e+02 4.622002023789067771e+00
2.521200183286557035e+02 1.830776842252642780e+02 3.967181523696788226e+00
2.521370779795202850e+02 1.833090313178176132e+02 3.496844034595337547e+00
2.521020931579382705e+02 1.831398132768199787e+02 3.063512610496973654e+00
2.521507786496617598e+02 1.833775295772317406e+02 3.908806028091210472e+00
2.521354016712170107e+02 1.831632243160165672e+02 4.149395090720481960e+00
2.520935652417409756e+02 1.837048895507570023e+02 3.496794394486129498e+00
2.521641152923357083e+02 1.833111531142804438e+02 4.538625732668919888e+00
2.521707823408493425e+02 1.839016947642413129e+02 2.853984255175617601e+00
2.521346494326390086e+02 1.840222031298725369e+02 3.659453576951715359e+00
2.521409499080385217e+02 1.841142435292844937e+02 3.441658234212217948e+00
2.521316048392742459e+02 1.836943174803189720e+02 4.574943200259656173e+00
2.521866786312058082e+02 1.842522252133570078e+02 4.307915051772088333e+00
2.521753517765431525e+02 1.839021071589947383e+02 4.427089498571255888e+00
2.522014917489228765e+02 1.841845262869834698e+02 4.338080964290941921e+00
2.521647695235186006e+02 1.845137954954782913e+02 4.353249199712341699e+00
2.521951479975307109e+02 1.851648382559774859e+02 3.640400684778942519e+00
2.521770000827335139e+02 1.845915955476640420e+02 5.591176788794063768e+00
2.521448562027862010e+02 1.849516136217550866e+02 4.936297738829384052e+00
2.521482062737460978e+02 1.847941042824140254e+02 4.855772571930427439e+00
2.521648268005676812e+02 1.850904862821467418e+02 5.050142874416887473e+00
2.520898524161368641e+02 1.855148723040011305e+02 4.582340849354996415e+00
2.521768498895825701e+02 1.839591996487007748e+02 3.574739548529570765e+00
2.520778484194716498e+02 1.827657368692364912e+02 4.805788800427668761e+00
2.520847993075841202e+02 1.832753842335376078e+02 3.386472433829097906e+00
2.520932534000292833e+02 1.828003232971215084e+02 4.307087716618617890e+00
2.521508982950531674e+02 1.835483870146565550e+02 3.397002501097809990e+00
2.521170551959829709e+02 1.829677033812551201e+02 4.156202149798575718e+00
2.521487179487179446e+02 1.834394944345800695e+02 3.577972519744671676e+00
2.521217735520043846e+02 1.828216863636074265e+02 5.010334052478505384e+00
2.521237642476659744e+02 1.833962095321737991e+02 3.720792205230031069e+00
2.521251223501409697e+02 1.834333377882149421e+02 2.918223647784332631e+00
2.521833031037796502e+02 1.836031044160604893e+02 4.208237712481941450e+00
2.521199190484372821e+02 1.836106917158294607e+02 2.760767767022420660e+00
2.520696603470989317e+02 1.836847153012454612e+02 3.469669256862108586e+00
2.521246577696317104e+02 1.835323468952657322e+02 3.010868638269978526e+00
2.521227332607824110e+02 1.834606653047457314e+02 3.331617567507366484e+00
2.521178265269106760e+02 1.838442140634247721e+02 4.616933641356575357e+00
2.521611865258924183e+02 1.836349097250065370e+02 4.151217773704742875e+00
2.521620227708090738e+02 1.841990822943913031e+02 3.254255366541293437e+00
2.521517638149060474e+02 1.846282655873124838e+02 3.047990530194550907e+00
2.521603782830886189e+02 1.842886368698729029e+02 4.570485773017418651e+00
2.521834596610471522e+02 1.846644137694026142e+02 4.483553213560659501e+00
2.521828181580973762e+02 1.845929625599022472e+02 4.107314279168337023e+00
2.521948374286423302e+02 1.848951117220663036e+02 3.656661002602923816e+00
2.522397642731224323e+02 1.846921142231641113e+02 4.822811539416155924e+00
2.521979596642292165e+02 1.846441656961388844e+02 4.713567660105262291e+00
2.521194213745218917e+02 1.846853669867817302e+02 4.420332079602370179e+00
2.522419828041570327e+02 1.854522493969999459e+02 4.826827296968771108e+00
2.521305318492213416e+02 1.855162456803558939e+02 4.317255029243115771e+00
2.521531486466706156e+02 1.853879018144096449e+02 3.965912518853695445e+00
2.521723784612838983e+02 1.852147036549121424e+02 3.428868905562874492e+00
2.520784835583048675e+02 1.836570912168827192e+02 3.287210034939000103e+00
2.521179881754714245e+02 1.832861815937020822e+02 4.149556739281236695e+00
2.521297859747599261e+02 1.833468838103238738e+02 3.933759729143198935e+00
2.520954833864737168e+02 1.830462925838949673e+02 3.465472758399042785e+00
2.520938592639262765e+02 1.836243045611623472e+02 3.064301760951053666e+00
2.521065645862369706e+02 1.830730995156907284e+02 4.633751455791664142e+00
2.521335917164658724e+02 1.838116501517841925e+02 3.581564427134047435e+00
2.521351000120918115e+02 1.836121783734591020e+02 4.029449312993616417e+00
2.521409893655612109e+02 1.835974314425542957e+02 4.108247258656789747e+00
2.522285634279677424e+02 1.841256722098121941e+02 3.021463619527655187e+00
2.521287218944702317e+02 1.836347277112727738e+02 3.907085170971991595e+00
2.521814295078628732e+02 1.833051886642355726e+02 3.616797449262080466e+00
2.521186793185304111e+02 1.833361297261520519e+02 4.563822542973697161e+00
2.521133690996684322e+02 1.835778210537704069e+02 4.597419987144484743e+00
2.521841800790423349e+02 1.835552449866671623e+02 5.133822097485537306e+00
2.521963953643774801e+02 1.842578650934570419e+02 3.541698328146578145e+00
2.521550196969407693e+02 1.841217175477786157e+02 4.406043365090274833e+00
2.522362207330189392e+02 1.842409479988035343e+02 4.343270264938172254e+00
2.521413202996226062e+02 1.843175948730676907e+02 5.405955540281675908e+00
2.522212179646282380e+02 1.850231068344247660e+02 4.199453958798708975e+00
2.521376978444737063e+02 1.849943359362570163e+02 3.520947489674220776e+00
2.521289637308996987e+02 1.848966862045045332e+02 4.451250230699225874e+00
2.522591710101762317e+02 1.848144236337832638e+02 5.280914650832744250e+00
2.521565190828035270e+02 1.848790843309085972e+02 5.132679102150435213e+00
2.521425600295295055e+02 1.851165511579510223e+02 4.836047629048374041e+00
2.521190191623549879e+02 1.854688241021822535e+02 4.082928257313961140e+00
2.521700402848578619e+02 1.853647351572891466e+02 4.565534490329724804e+00
2.521312713595662274e+02 1.853116940641884867e+02 5.522558883988518907e+00
2.522115190509829290e+02 1.854993934996913367e+02 5.673455906218378253e+00
2.521928734622703416e+02 1.844383883511210342e+02 3.435053554040895740e+00
2.521154514386085452e+02 1.835864609784192680e+02 4.727233964017284684e+00
2.521309964297306010e+02 1.830782557229318286e+02 4.448764406768874302e+00
2.521589654492111663e+02 1.838091617822072124e+02 3.740065295835958370e+00
2.521626184521195739e+02 1.838459540128937135e+02 3.947616956552176148e+00
2.520976140926997289e+02 1.841740954999331734e+02 3.376459132825476939e+00
2.521472402008515132e+02 1.840828327955654800e+02 3.981250039775728666e+00
2.521757234409505486e+02 1.844504216227224447e+02 3.248315100139373968e+00
2.521215482622779689e+02 1.835569734807262705e+02 4.284630022083484313e+00
2.522734291769288006e+02 1.838406463396783579e+02 4.606742145089129714e+00
2.522023127199597923e+02 1.839721442617943126e+02 3.874080862465076880e+00
2.520865787145757224e+02 1.836480096225442367e+02 5.057758176298756680e+00
2.521338220974855346e+02 1.834973875301500073e+02 5.710638893661976745e+00
2.521636710769994352e+02 1.845951238138877670e+02 3.805359858971177012e+00
2.521554690035702606e+02 1.840967574826100588e+02 4.950588998988105338e+00
2.521597138693192335e+02 1.844050149238533436e+02 4.471315017405858683e+00
2.521856081867995556e+02 1.845781990822943897e+02 4.413460106535310956e+00
2.521714467546187564e+02 1.842913225270634143e+02 5.442280644812290014e+00
2.521364492048036254e+02 1.844440651430971627e+02 6.559757145311873927e+00
2.521765304109310080e+02 1.848361061789207724e+02 5.401018258650425174e+00
2.521657928734622658e+02 1.851527655268533863e+02 4.370480681724166594e+00
2.521701459291928415e+02 1.848959186920467630e+02 5.125084165441574413e+00
2.522326924667952142e+02 1.849992795820048173e+02 5.446125844040959230e+00
2.521184629385671769e+02 1.856673018054998749e+02 4.682476405037834688e+00
2.521553595407653461e+02 1.854285265160916651e+02 4.884062342885872710e+00
2.521586994291387498e+02 1.855797862929657356e+02 5.429646600607136442e+00
2.521905683792504362e+02 1.864245705812347751e+02 4.980637811762160361e+00
2.520779871572127604e+02 1.861544329253934507e+02 4.167554460927505922e+00
