2.526359386555131152e+02 3.016378735527671662e-01 1.329033254531127000e+02
2.522442698672485903e+02 4.727207128568830541e+01 1.943196375098502813e+02
2.520025507668060811e+02 4.680963690367945418e+01 1.926973219373219308e+02
2.521735879250772996e+02 4.366125477359519635e+01 1.930851718494271552e+02
2.520998242104625149e+02 4.355181426926107946e+01 1.931240419470206575e+02
2.517474910589804153e+02 3.614450506152633835e+01 1.889811080802570302e+02
2.517158246953991636e+02 4.596255319148936280e+01 1.909229302297387392e+02
2.517030732860520175e+02 4.638818573073892537e+01 1.905640758925865441e+02
2.516288852518639771e+02 4.821730860156392140e+01 1.907546390252773278e+02
2.514971897920834181e+02 4.480002909619931017e+01 1.916687300721343377e+02
2.515056301145662871e+02 4.257419894526277204e+01 1.914415117900224175e+02
2.513393465478571898e+02 4.764075286415712185e+01 1.905340607383160716e+02
2.513069636903679509e+02 4.645186397526823185e+01 1.907929720555252402e+02
2.514412571982784641e+02 4.463268957992362118e+01 1.906069212584106083e+02
2.514823046614536111e+02 4.003546947929926603e+01 1.899926216887918997e+02
2.514303533975874529e+02 4.208976177486815828e+01 1.891706601200218358e+02
2.514318542765351197e+02 4.205192580469176278e+01 1.892967872946596231e+02
2.514744341395405343e+02 4.038769230769230489e+01 1.902682996908528708e+02
2.514157107352852165e+02 4.110401527550463641e+01 1.898118760986846212e+02
2.513902721706976990e+02 4.514289749651451444e+01 1.896823361823361722e+02
2.515907752924774172e+02 4.583819846032611878e+01 1.907029738740376956e+02
2.514706504212887239e+02 4.499019700551615131e+01 1.911036127780808727e+02
2.514206958841001267e+02 4.630249863611565786e+01 1.909438516093835290e+02
2.514477723222404109e+02 4.465035218524580074e+01 1.908835424622658650e+02
2.513478474874219444e+02 4.547582590774079847e+01 1.911238952536824911e+02
2.516139104079529716e+02 4.505467660786809603e+01 1.914895205188822160e+02
2.514135818633691031e+02 4.883054858459113490e+01 1.907361447535915602e+02
2.514113232708977250e+02 4.482253864338970573e+01 1.912281166272655639e+02
2.514781317815360353e+02 4.526587743226041027e+01 1.908927004909983509e+02
2.515350839546584325e+02 4.447569497484391121e+01 1.912301024428684002e+02
2.514371425107595428e+02 4.089668909498696792e+01 1.905257319512638787e+02
2.514694926350245510e+02 4.449320846214462932e+01 1.911781414802691472e+02
2.515033727344365673e+02 4.588453052070073568e+01 1.902895556767897176e+02
2.514082330120627944e+02 4.611722010062435828e+01 1.904261283869794568e+02
2.513997150997151095e+02 4.511945808328786711e+01 1.912315548281505642e+02
2.514860459477480674e+02 3.942191913681275395e+01 1.917216681820937083e+02
2.515099884827544372e+02 4.170907437715948163e+01 1.912806704249257450e+02
2.514619130751045759e+02 4.568889373825543743e+01 1.905175037885676090e+02
2.514438140267927508e+02 4.563367885070012875e+01 1.903935394314117673e+02
2.513902139782990730e+02 4.712758440928653414e+01 1.902309619930896645e+02
2.513675007577135148e+02 4.419977814148026596e+01 1.903910529187124894e+02
2.515033775838031147e+02 4.707513123598229754e+01 1.911379026489664739e+02
2.514699011941565061e+02 4.616066678790082989e+01 1.912721234163787472e+02
2.514272073710371558e+02 4.631819724798447879e+01 1.906381923986179174e+02
2.514269794508092275e+02 4.645600533430320667e+01 1.911832078559738193e+02
2.514009977571679713e+02 4.679178396072013157e+01 1.917852797478329308e+02
2.515305437352245974e+02 4.478412438625204572e+01 1.911821822149481704e+02
2.514217203127841458e+02 4.503011941565132759e+01 1.913318227556525528e+02
2.515543274534763896e+02 4.636437291628781310e+01 1.913151615445232494e+02
2.514705413105413072e+02 4.357722858701582425e+01 1.912753155119112591e+02
2.513662059768442703e+02 4.327154755410074216e+01 1.903553567315269390e+02
2.514405310056373821e+02 4.404879553858277319e+01 1.906703085409468486e+02
2.515050045462811283e+02 4.487688064496575180e+01 1.903366272655634361e+02
2.514735988361520356e+02 4.173863247863248205e+01 1.910964539007092071e+02
2.514781160210947348e+02 4.539769655088804257e+01 1.898378965872582853e+02
2.514585330666181733e+02 4.618381887615930026e+01 1.905647887494696135e+02
2.514772928411226189e+02 4.382706795174880199e+01 1.905822549554464445e+02
2.514321585742862339e+02 4.443957931745165979e+01 1.909802558040856013e+02
2.515279784203188456e+02 4.416616475722858581e+01 1.903812014305631237e+02
2.515464496575134774e+02 4.516929381099593854e+01 1.905330581317815302e+02
2.514022016124143875e+02 4.556129356852760992e+01 1.899154706916409054e+02
2.514647754137115783e+02 4.387241074134691132e+01 1.902796120506758939e+02
2.513828817360732160e+02 4.778955688913135447e+01 1.901228562768988297e+02
2.515058410620112852e+02 4.860090076983694019e+01 1.908514905740437655e+02
2.515511426319936845e+02 4.977830150936534181e+01 1.905083299993938226e+02
2.514450360671637270e+02 4.840030066072619519e+01 1.907765399769654948e+02
2.515172819300478864e+02 4.895210644359580243e+01 1.908452482269503605e+02
2.515323707340728561e+02 5.108791295387040066e+01 1.908140243680669244e+02
2.514046202339819445e+02 4.995463175122749533e+01 1.913651948839182921e+02
2.514382905982905925e+02 5.063218888282717955e+01 1.916513887373461955e+02
2.515152330726798766e+02 4.498808995574952974e+01 1.919517475904710011e+02
2.515563847972358644e+02 4.662019639934533899e+01 1.913799005879857020e+02
2.513719791477238346e+02 4.866907558950111934e+01 1.901598496696369125e+02
2.514353870400678943e+02 4.793981693641268294e+01 1.911354500818330564e+02
2.513781426926107656e+02 4.724943444262593317e+01 1.908749178638540229e+02
2.515035582227071700e+02 4.853901315390677240e+01 1.908294441413590334e+02
2.514934848760380817e+02 4.799256592107656161e+01 1.902814936048978609e+02
2.513620015760441220e+02 4.631824574164999575e+01 1.906142256167788105e+02
2.514708249984845736e+02 4.765399527186761475e+01 1.904924774201369928e+02
2.514487858398496769e+02 4.780421409953324741e+01 1.898568103291507612e+02
2.515679565981693599e+02 4.744590167909316847e+01 1.905161471782748492e+02
2.514216451476025895e+02 4.890312541674244073e+01 1.902964635994423190e+02
2.515196023519427797e+02 4.715303873431533077e+01 1.913851524519609768e+02
2.513374140752864037e+02 4.860684973025398392e+01 1.908698357277080788e+02
2.514819070133963805e+02 5.102932411953688785e+01 1.907158198460326162e+02
2.514184663878280901e+02 4.806850942595623621e+01 1.912098842213735850e+02
2.514622367703218799e+02 5.170214705704067626e+01 1.906763120567376006e+02
2.513973292113717548e+02 5.035815966539370692e+01 1.906231933078741463e+02
2.514899605988967721e+02 5.309771109898769481e+01 1.904315802873249766e+02
2.514551760926229065e+02 5.059617627447414634e+01 1.909607152815663369e+02
2.514250542522883052e+02 4.927067951748802699e+01 1.913975268230587403e+02
2.514545456749712002e+02 5.189747348002666882e+01 1.912809480511608058e+02
2.514694611141419784e+02 5.048148148148148096e+01 1.914369242892647094e+02
2.514628587015820926e+02 5.384698308783415399e+01 1.910807177062496294e+02
2.515292489543553245e+02 5.070321391768199959e+01 1.909410632236164247e+02
2.514583524277141180e+02 4.961077892950233093e+01 1.913336364187427989e+02
2.514065733163605501e+02 4.647372370734073144e+01 1.921677953567315171e+02
2.514277529247742109e+02 4.617875613747953878e+01 1.913033424258956074e+02
2.513662908407589214e+02 4.715082621082621017e+01 1.913620415833181880e+02
2.514755579802388183e+02 4.770907437715948163e+01 1.909509923016306061e+02
2.513995841668182152e+02 4.579816451476025918e+01 1.912958828877977737e+02
2.514023955870764269e+02 4.850959568406376832e+01 1.899167994180760104e+02
2.514630987452264037e+02 4.582205006970964689e+01 1.908059004667515239e+02
2.513276135054858571e+02 5.082914711765775451e+01 1.901427677759592711e+02
2.513849318057828555e+02 4.632551857913559701e+01 1.909591016548463358e+02
2.515043183609141124e+02 4.803212947808692235e+01 1.898317378917379017e+02
2.514326083530338849e+02 4.664803903740074276e+01 1.913140861974904396e+02
2.514024222585924804e+02 4.639143723101170025e+01 1.915167060677698885e+02
2.513715633145420441e+02 4.666814087409832013e+01 1.910307316481784596e+02
2.514454228041462045e+02 4.813382433169667252e+01 1.908288391828817225e+02
2.514878741589379842e+02 4.824009941201430252e+01 1.907691992483481727e+02
2.514123343638237316e+02 4.885515790749833087e+01 1.908877056434503174e+02
2.515017821422076736e+02 5.175612414378371540e+01 1.905960926229011250e+02
2.514408837970539992e+02 5.015009638116021051e+01 1.909166369642965435e+02
2.514932314966357580e+02 5.005665272473783034e+01 1.918205382796872129e+02
2.514406207189185807e+02 5.266760259441110748e+01 1.915385706492089355e+02
2.515138897981451294e+02 5.119136812753833965e+01 1.914110953506698252e+02
2.513173958901618334e+02 4.924648845244590234e+01 1.913856737588652379e+02
2.514281323877068530e+02 5.413372128265745431e+01 1.909119718736739912e+02
2.514182857489240348e+02 5.169811844577802162e+01 1.916199830272170743e+02
2.513377329211371887e+02 5.023012184033460414e+01 1.909625907740801267e+02
2.514814123780081161e+02 5.011040916530278366e+01 1.912275504637206893e+02
2.514076595744680844e+02 5.094276413893435063e+01 1.895641001394192813e+02
2.513581717888100968e+02 4.688277505000909429e+01 1.910832066436321668e+02
2.514939079832696791e+02 4.827801297205552800e+01 1.903913523670970562e+02
2.515054628114202444e+02 4.765280838940413588e+01 1.912094320179426461e+02
2.514833181790628487e+02 4.611980845002121754e+01 1.912514954234103186e+02
2.514782639267745594e+02 4.831641268109353149e+01 1.909449972722313191e+02
2.514013263017518227e+02 4.703392131902770501e+01 1.911401976116869719e+02
2.515061308116627288e+02 4.557373946778201912e+01 1.907423592168273103e+02
2.514527805055464569e+02 4.899969691459052967e+01 1.904876704855428216e+02
2.514267636539977104e+02 4.541949081651209497e+01 1.903763641874280097e+02
2.514102467115233139e+02 4.826140874098320666e+01 1.906875116687882610e+02
2.514480899557495377e+02 5.098002667151603617e+01 1.905486536946111471e+02
2.513998120870461435e+02 5.043267381948233208e+01 1.900876668485178982e+02
2.514540437655331289e+02 4.603368006304176419e+01 1.917868194217130338e+02
2.514745202157968151e+02 4.809446202339819365e+01 1.918399296841849946e+02
2.513958307571073476e+02 4.709112929623567823e+01 1.914837255258531741e+02
2.514141698490634553e+02 4.795896950960780458e+01 1.905606001091107373e+02
2.514940389161665735e+02 4.861172576832151293e+01 1.909068157846881206e+02
2.514292113717645520e+02 4.841258289385948643e+01 1.914155543432139268e+02
2.514142377401951762e+02 4.910251439655694838e+01 1.906052324665090509e+02
2.514064217736558078e+02 5.097013638843426264e+01 1.902045450688003996e+02
2.514718833727344247e+02 4.905335636782445619e+01 1.915432224040734752e+02
2.514398545190034611e+02 4.969182760501909257e+01 1.911965751348730009e+02
2.514775134873007119e+02 4.872805843486694499e+01 1.907636152027641288e+02
2.514453755228223315e+02 4.724214584469903855e+01 1.904413093289689130e+02
2.515160817118263878e+02 4.638830696490271066e+01 1.903198011759713779e+02
2.514477941443898885e+02 4.682998363338789005e+01 1.903092913863126512e+02
2.513900733466690838e+02 4.563282536218706298e+01 1.894933418197248045e+02
2.514117694126204867e+02 4.225691216584833398e+01 1.902345747711705144e+02
2.514181826998848237e+02 4.477499060435230405e+01 1.900670752257986180e+02
2.515110420076377409e+02 4.352850457658968253e+01 1.910092453173304250e+02
2.513525792568345878e+02 4.302252651997332578e+01 1.899190446747893475e+02
2.514869164090440563e+02 4.076422985997454163e+01 1.898744826332060427e+02
2.513843244226222851e+02 4.437459174395344519e+01 1.895205964720858276e+02
2.514019846032612122e+02 4.305354549311996237e+01 1.891649548402739924e+02
2.515392289507183250e+02 4.468520215796811357e+01 1.886157471055343535e+02
2.515422149481723864e+02 4.322172273746741666e+01 1.895673577014002547e+02
2.514561896102321725e+02 4.185447535915621131e+01 1.897470909862399253e+02
2.515734497181305755e+02 3.984240164878463020e+01 1.895242832030066040e+02
2.515041765169424650e+02 4.103013760077590177e+01 1.893922058556101149e+02
2.515221482693823134e+02 4.199912226465418286e+01 1.891675104564466210e+02
2.514059525974419671e+02 4.395906528459720164e+01 1.879235267018245850e+02
2.514265575559192598e+02 4.192487482572588675e+01 1.892708844032248408e+02
2.514415675577377840e+02 4.491429229556889169e+01 1.884668776141116666e+02
2.514700830454021911e+02 4.289360489786021446e+01 1.899560174577195824e+02
2.514763835848942222e+02 4.611764926956416133e+01 1.898303012668970098e+02
2.513867830514639081e+02 4.338864035885312376e+01 1.910751554828150631e+02
2.513341431775474462e+02 4.467287628053585280e+01 1.905035703461235244e+02
2.515114287446202468e+02 4.335962417409226077e+01 1.898844965751348752e+02
2.514412499242286572e+02 4.249083106019276102e+01 1.896681348123901216e+02
2.514870691640904283e+02 4.314797478329393243e+01 1.895205346426623123e+02
2.515765763472146546e+02 4.343430199430199679e+01 1.894700927441352860e+02
2.515048105716190889e+02 4.300334485057889111e+01 1.892901485118506457e+02
2.514854749348366454e+02 4.333414560223070566e+01 1.886456895193065293e+02
2.515040977147360195e+02 4.311527429229556674e+01 1.889505146390252719e+02
2.513847560162453760e+02 4.108111171728192801e+01 1.903229253803721974e+02
2.514396132630175202e+02 4.372612111292962567e+01 1.897977304964539087e+02
2.515545711341455899e+02 4.089934291083227436e+01 1.899292574407467953e+02
2.513488052373158723e+02 4.281152936897617423e+01 1.898598023883130281e+02
2.514741456022307204e+02 4.580297508637934101e+01 1.892121246287203746e+02
2.515316748499727169e+02 4.500239073770988796e+01 1.895696502394374647e+02
2.514657865066375564e+02 4.406161483906164733e+01 1.905824683275747020e+02
2.514241789416257404e+02 4.518697702612595890e+01 1.899952512578044548e+02
2.513679784203188490e+02 4.334846941868218551e+01 1.910372382857489129e+02
2.514598751288112908e+02 4.687545008183305839e+01 1.907003055100927327e+02
2.514252615627083571e+02 4.284615990786203810e+01 1.913901230526762447e+02
2.513585730738922166e+02 4.669105170637085678e+01 1.910283154512941621e+02
2.514602800509183567e+02 4.746786567254652311e+01 1.902269588410013910e+02
2.514128629447778280e+02 4.758554040128507978e+01 1.913927029156816388e+02
2.514082633206037372e+02 4.682052130690428271e+01 1.912143104806934559e+02
2.513987197672304035e+02 4.732044977874765124e+01 1.916273213311511086e+02
2.514345093047220701e+02 4.971351397223737933e+01 1.904607528641571150e+02
2.514412559859368343e+02 4.811056434503242940e+01 1.906495496150815256e+02
2.513527041280232766e+02 4.800617445596169119e+01 1.907502600472813299e+02
2.514357774140752895e+02 4.652828029338667903e+01 1.899455052433775961e+02
2.513792798690670907e+02 4.601079590228526683e+01 1.906039195005152465e+02
2.513940801357822750e+02 4.595674971206886283e+01 1.902896817603200645e+02
2.513813020549190753e+02 4.643529247742013411e+01 1.903887531066254439e+02
2.514789792083409168e+02 4.830376310844395960e+01 1.900176092622901081e+02
2.513796229617506128e+02 4.626176274474146766e+01 1.900706067769897629e+02
2.515118882221009926e+02 4.775703340001212638e+01 1.896657464993635074e+02
2.513284888161483934e+02 4.608968539734497227e+01 1.899250045462811443e+02
2.514407613505485983e+02 4.535195975025762039e+01 1.898739746620597657e+02
2.515213105413105552e+02 4.483535794386857987e+01 1.906318130569194409e+02
2.514229896344789950e+02 4.132467357701400346e+01 1.914436333878886956e+02
2.514278232405891913e+02 4.219724798448202563e+01 1.907194289870885484e+02
2.514645523428502258e+02 4.269716796993392904e+01 1.913564054070436953e+02
2.513813505485845781e+02 4.548321028065709015e+01 1.902228696126568366e+02
2.513585561011092864e+02 4.614536582408922527e+01 1.911265696793356312e+02
2.513917003091471258e+02 4.797562708371219031e+01 1.906601442686549035e+02
2.514492853246044604e+02 4.766408801600290701e+01 1.906546281142025805e+02
2.515063672182821222e+02 4.776525065163362882e+01 1.908440819542947224e+02
2.513760877735345787e+02 4.532835060920167081e+01 1.917680305510092751e+02
2.513505885918651757e+02 4.850298236042917210e+01 1.914302539855731311e+02
2.514878402133721238e+02 4.838518397284354933e+01 1.918338704006789044e+02
2.514750354609928991e+02 4.825597138873734337e+01 1.916920797720797793e+02
2.514381063223616479e+02 5.031758744014063467e+01 1.910365193671576662e+02
2.513501569982421131e+02 5.201291386312662723e+01 1.917809213796447807e+02
2.513722664726920186e+02 4.757299509001637006e+01 1.917723064799660619e+02
2.514455270655270738e+02 4.883900951688185899e+01 1.908874910589804301e+02
2.514320543129053647e+02 4.825416015033036388e+01 1.905780347942049957e+02
2.513982372552585218e+02 4.699042613808570934e+01 1.911520846214463347e+02
2.514870788628235516e+02 4.752999454446263172e+01 1.897005698005698093e+02
2.514397199490816490e+02 4.709690852882341972e+01 1.907610244286840100e+02
2.513919682366490918e+02 4.554944777838394998e+01 1.906835994423228442e+02
2.514809419894526172e+02 4.845585621628174522e+01 1.890329769048917967e+02
2.514164987573498138e+02 4.850814936048978865e+01 1.898337030975328901e+02
2.514663126629084218e+02 4.651167363763108398e+01 1.903456167788082780e+02
2.515350439473843664e+02 5.177253924956052344e+01 1.894971340243680800e+02
2.513705995029399389e+02 4.947349093774625572e+01 1.906467818391222693e+02
2.515164587500757705e+02 4.676653815845305218e+01 1.902774322604109898e+02
2.514604024974237859e+02 5.002407104321997622e+01 1.903482621082621051e+02
2.513892489543553381e+02 4.976519245923500989e+01 1.904242201612414362e+02
2.513159616900042295e+02 4.765727344365642182e+01 1.908609092562284104e+02
2.513671503909801856e+02 5.102330241862156868e+01 1.903305619203491403e+02
2.513862350730435935e+02 5.175297326786688501e+01 1.908761799114990652e+02
2.513291046857004289e+02 5.284845850760744668e+01 1.895028320300660596e+02
2.514395550706188942e+02 4.872187549251378869e+01 1.917965363399405874e+02
2.513984166818209474e+02 5.443094744498999660e+01 1.902780457052797374e+02
2.514199333212099248e+02 5.200483360611020345e+01 1.909706589076801890e+02
2.513812038552464116e+02 5.028969630841971394e+01 1.913087215857428589e+02
2.514593950415226971e+02 5.104920409771473544e+01 1.913720009698733122e+02
2.514597260107898364e+02 5.483708795538582592e+01 1.907347784445656771e+02
2.514627398921015811e+02 5.107247014608716995e+01 1.919737055222161644e+02
2.514508456082924113e+02 5.395948839182882040e+01 1.912265672546523660e+02
2.513126398739164813e+02 5.147751591198399979e+01 1.919090113353943252e+02
2.514832017942656250e+02 5.552434018306358610e+01 1.913165884706310180e+02
2.514126568466994058e+02 4.980412923561859628e+01 1.919129514457173968e+02
2.514853549130144756e+02 5.293838031157179813e+01 1.910618803418803395e+02
2.513827895981087579e+02 5.057282414984542385e+01 1.921527089773898354e+02
2.514318118445777941e+02 5.269594471722131601e+01 1.919842322846578213e+02
2.513656276898830129e+02 5.170193610959568531e+01 1.912892295568891257e+02
2.514178820391586271e+02 5.212752621688792232e+01 1.910772552585318635e+02
2.514467588046311448e+02 5.015133054494756948e+01 1.916607213432745311e+02
2.513763944959689525e+02 4.928333272716251656e+01 1.918759034976056341e+02
2.513690270958356052e+02 5.114693216948536048e+01 1.916350318239680064e+02
2.513054773595199265e+02 4.970870461295993437e+01 1.912201260835303458e+02
2.513588919197429732e+02 5.002820634054676674e+01 1.915328726435109274e+02
2.514406195065769509e+02 5.488448445171849244e+01 1.903102200400072661e+02
2.514968515487664433e+02 5.253404497787476402e+01 1.910985997454082508e+02
2.514779450809238028e+02 5.252060738316057353e+01 1.920495096078074937e+02
2.514310177608049912e+02 5.361364732981754599e+01 1.919709183487906898e+02
2.514183233315148129e+02 5.361078499121052232e+01 1.916108359095593130e+02
2.513980990483118205e+02 5.475336970358247157e+01 1.919944232284657915e+02
2.514075722858701454e+02 5.752322240407346499e+01 1.916151227495908245e+02
2.514888100866824345e+02 5.657688791901557579e+01 1.919950851670000702e+02
2.514476316906104216e+02 5.592319573255743137e+01 1.914942304661453534e+02
2.514200921379644740e+02 5.870941262047644926e+01 1.918780178214220768e+02
2.513213941928835595e+02 5.664092501666969781e+01 1.919565896829726626e+02
2.514501751833666674e+02 5.497454082560465594e+01 1.929115560404922007e+02
2.514324034672970924e+02 5.930686912772019070e+01 1.915867879008304442e+02
2.514222767775959255e+02 5.815946293265442080e+01 1.924336327817178756e+02
2.514651706370855209e+02 5.941957810511001981e+01 1.921994677820209745e+02
2.514441862156755860e+02 5.454046068982238893e+01 1.931172710189731561e+02
2.513576965508880505e+02 5.847644783900103249e+01 1.916791477238285779e+02
2.514293095714372441e+02 5.503662847790507584e+01 1.904004703885555045e+02
2.513722313147845000e+02 5.472289870885615670e+01 1.905832272534400147e+02
2.514045014245014329e+02 5.410169000424319563e+01 1.913145820452203338e+02
2.513889931502697550e+02 5.271814511729405694e+01 1.908489883009031871e+02
2.514614608716736370e+02 5.486798690671031409e+01 1.908803527914166125e+02
2.514737600775898727e+02 5.710433897072194753e+01 1.904495799236224798e+02
2.514429144692974489e+02 5.409843001757895564e+01 1.906301412378008138e+02
2.513505025156088948e+02 5.688936655149421284e+01 1.909388434260774545e+02
2.514083166636358158e+02 5.372338243316966810e+01 1.913263975268230581e+02
2.514803952233739608e+02 5.582932169485361129e+01 1.902650481905801030e+02
2.514713681275383408e+02 5.604181245074862261e+01 1.911410959568406440e+02
2.515482608959204640e+02 5.548242347093410842e+01 1.910425835000303039e+02
2.514754609929078129e+02 5.878704734194096204e+01 1.915550487967509241e+02
2.514034672970843189e+02 5.905661392980542246e+01 1.902605176698793628e+02
2.514322434382008851e+02 5.504476571497848170e+01 1.918224962114323944e+02
2.514636200521306932e+02 5.560467236467236773e+01 1.914868254834212280e+02
2.514833424258956143e+02 5.636807540764987579e+01 1.910709171364490544e+02
2.514473783112080980e+02 5.666931563314542331e+01 1.911914990604352340e+02
2.514514214705704092e+02 5.810513790386130495e+01 1.911997890525550190e+02
2.514742171303873306e+02 5.855919500515245346e+01 1.916561144450506049e+02
2.514275250045462826e+02 6.023495544644480759e+01 1.912479275019700538e+02
2.514550863793417079e+02 5.947620294599018109e+01 1.914832127053403781e+02
2.514120640116384777e+02 5.795870279444747553e+01 1.923987634115293588e+02
2.514042553191489446e+02 5.948870340061829154e+01 1.923603479420500832e+02
2.513877711098987788e+02 5.535522216160514120e+01 1.932016887919015460e+02
2.514106686064132816e+02 5.727801418439716485e+01 1.923942631993695898e+02
2.514283712190095059e+02 5.908868764017699959e+01 1.916695193065405931e+02
2.513956064739043370e+02 5.713258289385949240e+01 1.919084524458992576e+02
2.514993332120991738e+02 5.691603443050251343e+01 1.922852591380250828e+02
2.513667879008304453e+02 5.903109292598654179e+01 1.912567400133357580e+02
2.515138970721949363e+02 5.686119900587985398e+01 1.917601648784627457e+02
2.514917754743286764e+02 6.179319148936170336e+01 1.914711438443353302e+02
2.514216863672182853e+02 5.887709038006910589e+01 1.919507983269685383e+02
2.514479711462690261e+02 6.030006425410680748e+01 1.913486379341698580e+02
2.513951445717403033e+02 5.930680487361338749e+01 1.906224622658665169e+02
2.513785257925683538e+02 5.816406740619506621e+01 1.913367060677699101e+02
2.515084948778565774e+02 5.903629629629629960e+01 1.911579766018063822e+02
2.513719161059586611e+02 6.034833121173546999e+01 1.906488864642056171e+02
2.513991731830029721e+02 5.857168333636418822e+01 1.914134982117960817e+02
2.514075504637206677e+02 5.688762562890222796e+01 1.916005940474025522e+02
2.514612523489119269e+02 5.925556161726374427e+01 1.919569655088804154e+02
2.514067842638055481e+02 5.552788628235436619e+01 1.915635921682730327e+02
2.513942098563375112e+02 5.571049281687579224e+01 1.913688949505970811e+02
2.514526289628417146e+02 5.687040916530278167e+01 1.913653403649148288e+02
2.514859647208583340e+02 5.978948899799963357e+01 1.907496587258289367e+02
2.514719003455173549e+02 6.125626356307207487e+01 1.902269430805600905e+02
2.514433545493120050e+02 5.691693277565617848e+01 1.917776674546887250e+02
2.514472934472934469e+02 6.193290537673516383e+01 1.914337528035400453e+02
2.515074255925319733e+02 6.180210704976662583e+01 1.908124301388131130e+02
2.513844638419106445e+02 5.832979087106746618e+01 1.906618548827059385e+02
2.514324689337455254e+02 5.728024974237739997e+01 1.908719839970903820e+02
2.514946790325513746e+02 5.793879614475358864e+01 1.902117136449051316e+02
2.514544741468145617e+02 5.653183366672728027e+01 1.900546499363520638e+02
2.514987912953870364e+02 5.602803782505910135e+01 1.911443038128144565e+02
2.514359241074134559e+02 5.607532884766927594e+01 1.906994786930957275e+02
2.514252227677759493e+02 5.510248893738255305e+01 1.909238382736255062e+02
2.513628235436746081e+02 5.472337879614475042e+01 1.905723173910407979e+02
2.514896126568467025e+02 5.567825786506637797e+01 1.903772067648663437e+02
2.514495896223555746e+02 5.313896344789962001e+01 1.905991549978784008e+02
2.514563072073710259e+02 5.598846820634054922e+01 1.905667988119051870e+02
2.515552597441959222e+02 5.357051463902527644e+01 1.910106104140146783e+02
2.514563363035703389e+02 5.844903436988543177e+01 1.899326144147420621e+02
2.514557640783172587e+02 5.196154209856337758e+01 1.916514929987270364e+02
2.513831581499666470e+02 5.285854155300963697e+01 1.911048590652845860e+02
2.513533515184579130e+02 5.451259259259258982e+01 1.909206886100503198e+02
2.514582057343759516e+02 5.693467175850154405e+01 1.902891325695580917e+02
2.514099181669394341e+02 5.518832757471055572e+01 1.911001382069467240e+02
2.514355252470145956e+02 5.525059707825665356e+01 1.909792980541916734e+02
2.513836988543371547e+02 5.596408680366127442e+01 1.903320288537309750e+02
2.514790567982057325e+02 5.660270837121900911e+01 1.901476510880766284e+02
2.513495726495726501e+02 5.653385948960416840e+01 1.897298417894162696e+02
2.514998290598290680e+02 5.452852639873916729e+01 1.903480741953082429e+02
2.514347760198824062e+02 5.411963872219191529e+01 1.907449330181244989e+02
2.514107122507122369e+02 5.502024731769412824e+01 1.909117391040795155e+02
2.514061199005879814e+02 5.619394314117718636e+01 1.893347966296902598e+02
2.514416233254531221e+02 5.526534885130629959e+01 1.904685336727889933e+02
2.514381439049524261e+02 5.304766684851791325e+01 1.908500297023701364e+02
2.514619991513608568e+02 5.549827483784930848e+01 1.893120409771473476e+02
2.513874377159483515e+02 5.300311814269261390e+01 1.899784748742195575e+02
2.514273237558344078e+02 5.450903436988543405e+01 1.899049924228647512e+02
2.514465114869370268e+02 5.595998908892526202e+01 1.895542910832272412e+02
2.514819288355458582e+02 5.433348730072134458e+01 1.902606886100503232e+02
2.514964890586167314e+02 5.744327938413044876e+01 1.894217591077165537e+02
2.514421749408983544e+02 5.212707765048190822e+01 1.910529866036249018e+02
2.514712626538158418e+02 5.516594532339212975e+01 1.903226865490695161e+02
2.514125392495605240e+02 5.256880644965751515e+01 1.905878329393223112e+02
2.513823822513184325e+02 5.464530641934896948e+01 1.912321500878947802e+02
2.514744729344729421e+02 5.535198884645693340e+01 1.909210898951324396e+02
2.513194944535370041e+02 5.537364248045098947e+01 1.915960817118264004e+02
2.514417397102503458e+02 5.535927986906710174e+01 1.915107801418439806e+02
2.515179014366248396e+02 5.956461295993210570e+01 1.906215930169121577e+02
2.515303582469539947e+02 5.698766442383463726e+01 1.910684512335576244e+02
2.514106031399648487e+02 5.201830635873189124e+01 1.905673552767169667e+02
2.513126277505000985e+02 5.664824877250408974e+01 1.898112626538158452e+02
2.514475662241619602e+02 5.626185003333939250e+01 1.899387076438140127e+02
2.514060192762320298e+02 5.589836697581378644e+01 1.894861392980541837e+02
2.514863453961326343e+02 5.630311935503424792e+01 1.906517875977450558e+02
2.514862617445596129e+02 5.735308359095593289e+01 1.896553809783596876e+02
2.514705582833242374e+02 5.379137418924653247e+01 1.904607128568830774e+02
2.513904273504273590e+02 5.374172031278414607e+01 1.901299993938291948e+02
2.514238588834333541e+02 5.437055707098260626e+01 1.898115160332181688e+02
2.514785682245256737e+02 5.358979814511729245e+01 1.902285833787961451e+02
2.515029690246711596e+02 5.037874765108807651e+01 1.900789610232163511e+02
2.514090974116506061e+02 5.199638722191913587e+01 1.897416887919015664e+02
2.515272595017275989e+02 5.030996787294659356e+01 1.903976856398132895e+02
2.514748402739892015e+02 5.319343395768927962e+01 1.897049463538825194e+02
2.514777377705037225e+02 5.303513123598229839e+01 1.900130350972904125e+02
2.515354512941746918e+02 5.274320300660725991e+01 1.903741722737467512e+02
2.515205213069042998e+02 5.387901679093168639e+01 1.905083724313511482e+02
2.513614705704067376e+02 5.335939504152270274e+01 1.906520967448626891e+02
2.514267951748802830e+02 5.434837606837606927e+01 1.906656555737406791e+02
2.514075783475783510e+02 5.371795841668182447e+01 1.915354112869006542e+02
2.514069455052433852e+02 5.550445050615263654e+01 1.920646275080317764e+02
2.514638552464084285e+02 5.534943080560101691e+01 1.907344305025156075e+02
2.513389961811238322e+02 5.477049766624234906e+01 1.909437728071770550e+02
2.513886767291022579e+02 5.516973267866885067e+01 1.903684948778565911e+02
2.514485385221555305e+02 5.221745044553555459e+01 1.912316530278232278e+02
2.514630538885857902e+02 5.456122810207916274e+01 1.912079759956355645e+02
2.514318288173607243e+02 5.108789840577074415e+01 1.920705170637085644e+02
2.513893374552949069e+02 5.373009274413529823e+01 1.909651185063951004e+02
2.513592107655937582e+02 5.503854034066799983e+01 1.904241255985936903e+02
2.515381293568527497e+02 5.470541916712129193e+01 1.906062314360186747e+02
2.515058034794205071e+02 5.592485785294295653e+01 1.903082718069952080e+02
2.513901072922349442e+02 5.270493907983269821e+01 1.911389149542341102e+02
2.513764720858337967e+02 5.381188216039279837e+01 1.904681311753652153e+02
2.514788410013941871e+02 5.333516518154816310e+01 1.906027932351336744e+02
2.514403782505910101e+02 5.576033824331696565e+01 1.910825374310480811e+02
2.514255561617263766e+02 5.701702733830393299e+01 1.912545820452203316e+02
2.514518724616596899e+02 5.752595259744195744e+01 1.913626271443292808e+02
2.513771219009516926e+02 5.724881251136570626e+01 1.900623495180942086e+02
2.514622028247560195e+02 5.613148693701884895e+01 1.912655161544523139e+02
2.514595235497363035e+02 5.690465902891434524e+01 1.916642577438322235e+02
2.514707777171607006e+02 5.581431411771837503e+01 1.912108031763351050e+02
2.514812887191610571e+02 5.532286112626537999e+01 1.904519233800084805e+02
2.514511317209189656e+02 5.626501545735587939e+01 1.904231242044008070e+02
2.514786215675577239e+02 5.202381766381766681e+01 1.913223507304358293e+02
2.513977195853791500e+02 5.130715281566345709e+01 1.919838103897678252e+02
2.514196169000424277e+02 5.638358246953991681e+01 1.908718324543856397e+02
2.513954464448081580e+02 5.628279323513365995e+01 1.904696053827968854e+02
2.514050348548220768e+02 5.313126507849911917e+01 1.905665769533854643e+02
2.514193829181063222e+02 5.446261623325452916e+01 1.896527671697884330e+02
2.514445135479178077e+02 5.418751409347154180e+01 1.894333697035824571e+02
2.514139419288355555e+02 5.492123537612899042e+01 1.893919148936170131e+02
2.513310614051039522e+02 5.356827301933684993e+01 1.901391622719282282e+02
2.515262120385524724e+02 5.354529550827422923e+01 1.896014996666060597e+02
2.513531551191125573e+02 5.086267685033642749e+01 1.906581887615930100e+02
2.514035351882160398e+02 5.362216766684851876e+01 1.896745202157968038e+02
2.515032211917318250e+02 5.479596290234588452e+01 1.897901097169182378e+02
2.514075662241619682e+02 5.298394495968963724e+01 1.900060992907801278e+02
2.514601600290961869e+02 5.452257865066376041e+01 1.897239631448142063e+02
2.514034891192337966e+02 5.432897860217008912e+01 1.899414742074316678e+02
2.513801745771958451e+02 5.402181730011517402e+01 1.904017384979087240e+02
2.515132363460023157e+02 5.798590046675153076e+01 1.907824028611262577e+02
2.514249378674910531e+02 5.885349699945444968e+01 1.911869248954355385e+02
2.514680535855003995e+02 5.683514457174031520e+01 1.907143323028429336e+02
2.514838503970418913e+02 6.196257986300539500e+01 1.908098817966903198e+02
2.514831787597745176e+02 5.794112141601503652e+01 1.908975813784324487e+02
2.513582105837425047e+02 5.785274413529732840e+01 1.916022610171546319e+02
2.514446881251136574e+02 5.738122204037097873e+01 1.911069879372006994e+02
2.514084366854579571e+02 6.134767775959265634e+01 1.906658350003030762e+02
2.514629896344789870e+02 5.967594108019640231e+01 1.913366163544886831e+02
2.514780990483118046e+02 6.233311874886342707e+01 1.914854131054131017e+02
2.513923622476814046e+02 5.861976116869733744e+01 1.920542862338606938e+02
2.515051645753773357e+02 5.783426319936958038e+01 1.924925731951263970e+02
2.515250251560889865e+02 6.072663878280899752e+01 1.917315948354246302e+02
2.513918676122931402e+02 5.980770200642540857e+01 1.910911014123780092e+02
2.514626756379947778e+02 5.758915317936594391e+01 1.911808413650966827e+02
2.515241656058677222e+02 5.995396738800994285e+01 1.908005019094380827e+02
2.514628114202582196e+02 5.657191731830029369e+01 1.917986433897072232e+02
2.514233060556464920e+02 5.723148572467721351e+01 1.922105958659150247e+02
2.514075322785961077e+02 5.896611020185488172e+01 1.912569073164817723e+02
2.514324204400800227e+02 5.956784263805540292e+01 1.917761083833424323e+02
2.514895762865975541e+02 5.778543977692913813e+01 1.910941419652058073e+02
2.514815602836879407e+02 5.713690125477359771e+01 1.919754803903740026e+02
2.513686258107534570e+02 5.836416560586773272e+01 1.913571873674001438e+02
2.514355628296053737e+02 5.973527065527065361e+01 1.911787755349457427e+02
2.514247172213129602e+02 5.821751227495908410e+01 1.918012790204279554e+02
2.514595793174516700e+02 6.070754440201248769e+01 1.918347481360247286e+02
2.514640152755046358e+02 6.042902224646905296e+01 1.928973692186458209e+02
2.513810523125416694e+02 6.207941443898890554e+01 1.920893532157361960e+02
2.514588543371522178e+02 6.066824271079590147e+01 1.922625750136388376e+02
2.514983900103049166e+02 6.194973874037703609e+01 1.921402000363702598e+02
2.514766309025883402e+02 6.159751348730072351e+01 1.925831302661089808e+02
2.514427835364005546e+02 5.935237800812269171e+01 1.929631533006001121e+02
2.514190616475722777e+02 6.017991149906043802e+01 1.927766321149299813e+02
2.514761750621325120e+02 6.329866521185670081e+01 1.921065187609868588e+02
2.515300563738861683e+02 6.170024974237740167e+01 1.924167824452930802e+02
2.514904964539007040e+02 6.100545311268715665e+01 1.927423204218949024e+02
2.514488270594653443e+02 6.103969933927380964e+01 1.926821009880584370e+02
2.515625471297811657e+02 5.948585318542765066e+01 1.925353530945020282e+02
2.513703158149966725e+02 5.908255561617263396e+01 1.920677238285748842e+02
2.514868315451294052e+02 6.009547554100745259e+01 1.911791731830029732e+02
2.514698005698005829e+02 5.928412681093531944e+01 1.912079396253864445e+02
2.515040249742377512e+02 5.680284415348245375e+01 1.925816172637449313e+02
2.514186688488816230e+02 5.653938534278960049e+01 1.924650518276050093e+02
2.514737261320240123e+02 6.137017154634175853e+01 1.916492489543553290e+02
2.514686233860701918e+02 5.996943323028429518e+01 1.921409310783778892e+02
2.514338364551130383e+02 5.837637146147784506e+01 1.925167727465599796e+02
2.514384288052373222e+02 5.545495423410316960e+01 1.930974516578772011e+02
2.514849366551494256e+02 5.859089167727465508e+01 1.927448202703521929e+02
2.514916566648481648e+02 6.072195793174516609e+01 1.917699011941565175e+02
2.514260326119900526e+02 5.928531611808207202e+01 1.920363860095775124e+02
2.513811589986057982e+02 5.993186639995150955e+01 1.925361496029581190e+02
2.514777741407528708e+02 5.935754622052494511e+01 1.928527853549130100e+02
2.514512068861004934e+02 6.175132084621446182e+01 1.922581354185609541e+02
2.513425907740801222e+02 6.105088561556646454e+01 1.917750463720676350e+02
2.514582117960841288e+02 6.084011153543068673e+01 1.921894780869249075e+02
2.514377511062617430e+02 5.881627568648845283e+01 1.923792701703339958e+02
2.513589234406255741e+02 6.292080984421409795e+01 1.925189040431593526e+02
2.514616112020367211e+02 6.303340364914833316e+01 1.925360356428441548e+02
2.514069818754925052e+02 6.251547069164090686e+01 1.928021628174819568e+02
2.515148827059465475e+02 6.212805843486694357e+01 1.931676510880766102e+02
2.515111450566769804e+02 6.384382857489240592e+01 1.927606983087834180e+02
2.514661089895132307e+02 5.202982724131660319e+01 1.908397223737649142e+02
2.514328193004788830e+02 5.227412135539795202e+01 1.911565205794993005e+02
2.514384178941625692e+02 5.034611383887979486e+01 1.898469067103109751e+02
2.513936521791841017e+02 4.991657149784809633e+01 1.901507122507122460e+02
2.512891155967751615e+02 4.905560041219615641e+01 1.901634478996181201e+02
2.513961908225738000e+02 4.743670243074498671e+01 1.894818597320725075e+02
2.513417772928411296e+02 4.855932957507425840e+01 1.907010692853245928e+02
2.514314469297447943e+02 4.709904709947262802e+01 1.902693241195368898e+02
2.514599030126689740e+02 4.794492210704976998e+01 1.894254203794629348e+02
2.513669976359338136e+02 4.886277505000909116e+01 1.897538970721949454e+02
2.513669794508092252e+02 4.919196217494089751e+01 1.887801854882706039e+02
2.514051948839182842e+02 4.862249621143238443e+01 1.889747323755834429e+02
2.513347178274837859e+02 4.872777717160695943e+01 1.888068169970297561e+02
2.513538425168212314e+02 4.954346123537612812e+01 1.891361568770079487e+02
2.514794374734800328e+02 5.134110686791537859e+01 1.882757713523670873e+02
2.514299593865551401e+02 4.768732011880948107e+01 1.892624937867491042e+02
2.514048614899678853e+02 5.156273746741831587e+01 1.883056361762744757e+02
2.514843510941383329e+02 4.740435473116324516e+01 1.894095678002061049e+02
2.515313802509547259e+02 5.213336121719100191e+01 1.881521937321937230e+02
2.513037667454688631e+02 4.964036855185791097e+01 1.891603297569255062e+02
2.513803927986906785e+02 4.801725647087349103e+01 1.891209638116021097e+02
2.513606231436018561e+02 4.980961023216342198e+01 1.892170576468448928e+02
2.514474352912650659e+02 4.936282596835788183e+01 1.896622610171546341e+02
2.513876207795356663e+02 5.065554828150573030e+01 1.888442686549069549e+02
2.515114129841789463e+02 4.930076498757350123e+01 1.897448966478753789e+02
2.513637121900951570e+02 5.068510880766199733e+01 1.899405188822209993e+02
2.513401418439716224e+02 5.133460386736982173e+01 1.903004049221070488e+02
2.514049487785657959e+02 5.276019154997878502e+01 1.905283700066678705e+02
2.514262144632357376e+02 4.789176820027883963e+01 1.894341068072982921e+02
2.513817191004424956e+02 4.755080317633509424e+01 1.893286294477783827e+02
2.514136776383584788e+02 4.608923683093895818e+01 1.893761980966236251e+02
2.514500842577438391e+02 4.542171546341759125e+01 1.901590701339637519e+02
2.514229241680305620e+02 4.647082742316784731e+01 1.882110371582712105e+02
2.513069782384675932e+02 4.925186276292659215e+01 1.885200436442989655e+02
2.514593126022913339e+02 4.918803297569255051e+01 1.886862229496271937e+02
2.514644323210280561e+02 4.629770746196277997e+01 1.892602497423773968e+02
2.514901606352670171e+02 4.906878462750803038e+01 1.878092622901133666e+02
2.514394095896223575e+02 4.452219070133963896e+01 1.891325780444929308e+02
2.513956428441534854e+02 4.816852761108080472e+01 1.893708856155664648e+02
2.513765472510153245e+02 4.945718130569194670e+01 1.879283372734436455e+02
2.514825374310480584e+02 4.871161059586591335e+01 1.890599054373522563e+02
2.514256276898830151e+02 5.236101351760926548e+01 1.885195453718857834e+02
2.513825871370552250e+02 4.901533006001091053e+01 1.886427786870339958e+02
2.512804703885555000e+02 5.082857610474631826e+01 1.879996447839000950e+02
2.514513378189973878e+02 4.555315026974601267e+01 1.889020500697096452e+02
2.514182178577923139e+02 4.941286658180275282e+01 1.885911838516093724e+02
2.514008389404134221e+02 4.679282293750378585e+01 1.869359156210219908e+02
2.514917827483784833e+02 4.628676850336425019e+01 1.884441183245438651e+02
2.513217942656240496e+02 4.535552888403952210e+01 1.888804788749469594e+02
2.514477032187670602e+02 5.096219555070619123e+01 1.886598108747045046e+02
2.513447996605443393e+02 4.869022125234891263e+01 1.889049936352064094e+02
2.514154124992422794e+02 4.729830878341516609e+01 1.877983972843547349e+02
2.514837970540098127e+02 4.791241680305510187e+01 1.875488731284476103e+02
2.514461502091289447e+02 4.311579923622476684e+01 1.888867454688731300e+02
2.513902006425410605e+02 4.616946717585015136e+01 1.875961483906164631e+02
2.514113826756379808e+02 4.459227010971692096e+01 1.877690380069103355e+02
2.515493265442201505e+02 4.137475904709947372e+01 1.873107049766624357e+02
2.515121003818876204e+02 4.245268230587379321e+01 1.875476801842759187e+02
2.514525986543007718e+02 4.342451112323453088e+01 1.869799175607686266e+02
2.514664048008728798e+02 4.057630963205431129e+01 1.886947129781172237e+02
2.514861392980541837e+02 4.494061586955204035e+01 1.875363059950294087e+02
2.514394714190459013e+02 4.730980905619203725e+01 1.877692089470812959e+02
2.514681748196641706e+02 5.882578529429593317e+01 1.908088149360489751e+02
2.514717706249621187e+02 6.153119961205067767e+01 1.904443353336970404e+02
2.515293762502273012e+02 5.980070073346669091e+01 1.907897957204340287e+02
2.514467648663393220e+02 6.075153058131781592e+01 1.905661950657695343e+02
2.513952658059041028e+02 6.042151179002242856e+01 1.905166745468873160e+02
2.514379584166818233e+02 5.842150330363096344e+01 1.911081857307389100e+02
2.515392883554585808e+02 6.257998181487543121e+01 1.901017275868339595e+02
2.514706576953385593e+02 5.981604291689398423e+01 1.908312250712250773e+02
2.514515463417590979e+02 6.067943262411347405e+01 1.913210826210826099e+02
2.514177983875856341e+02 6.120946232648360308e+01 1.906871164454143184e+02
2.515251185063951027e+02 6.312953870400679079e+01 1.902837922046432766e+02
2.513780966236285508e+02 5.964309268351821203e+01 1.907433424258956052e+02
2.513984469903618901e+02 5.999380372188883115e+01 1.921366987937200577e+02
2.515924640843789746e+02 5.746603018730678514e+01 1.916905534339576889e+02
2.513856786082318138e+02 5.652415348245135363e+01 1.912587646238710022e+02
2.514620027883857745e+02 5.503460507971146143e+01 1.907133660665575690e+02
2.514388628235436727e+02 5.564319936958234791e+01 1.909423276959447264e+02
2.513955313087228092e+02 5.510968297266169458e+01 1.905224974237740128e+02
2.513143407892343930e+02 5.861845305207007328e+01 1.903210911074740750e+02
2.514779123476995721e+02 5.854207674122567795e+01 1.903191259016790866e+02
2.512763120567375950e+02 5.544578408195429375e+01 1.906587488634297074e+02
2.515085336727889853e+02 5.722313754015881671e+01 1.904549324119536777e+02
2.513588252409529105e+02 5.907346790325513552e+01 1.897015360368551740e+02
2.514978250591016433e+02 6.205973328483966611e+01 1.896080075165181427e+02
2.514492416803055050e+02 5.960106443595805104e+01 1.901310044250469673e+02
2.514596035642844072e+02 6.024575619809662186e+01 1.898753446081105665e+02
2.514354391707583147e+02 6.101162878099048470e+01 1.908693083590955837e+02
2.514383851609383385e+02 6.017026489664787192e+01 1.909763387282536087e+02
2.514901254773595269e+02 6.550717585015456734e+01 1.901734448687640224e+02
2.514203552160998925e+02 6.157191974298357451e+01 1.912228987088561496e+02
2.514895593138146239e+02 6.401858519730859598e+01 1.908537649269564156e+02
2.515434903315754411e+02 6.708891556040492787e+01 1.910915123961932522e+02
2.513995890161847626e+02 6.180084378977996096e+01 1.922157434685094302e+02
2.515089567800206112e+02 6.466505182760501214e+01 1.919455658604594817e+02
2.514856325392495648e+02 6.377518336667272791e+01 1.923409201673031532e+02
2.514569000424319540e+02 6.817009274413530306e+01 1.916699339273807254e+02
2.514730084257743954e+02 6.870214826938230601e+01 1.918212474995453647e+02
2.514936073225434825e+02 6.785266775777414239e+01 1.932844359580529670e+02
2.513975825907740784e+02 5.680350003030854111e+01 1.897800557677153392e+02
2.514275844092865384e+02 5.566632236164151237e+01 1.898406098078438617e+02
2.514612159786627785e+02 5.443798630053949239e+01 1.891863247863247750e+02
2.514395090016366510e+02 4.943941565133054183e+01 1.899528811299024085e+02
2.515047620779535578e+02 5.135195853791598353e+01 1.895814390495241639e+02
2.514665187609868440e+02 5.317663211492998698e+01 1.895620731042007776e+02
2.514420803782505800e+02 5.453723464872400939e+01 1.891569582348305687e+02
2.514308528823422364e+02 5.362218706431472270e+01 1.893056664848154185e+02
2.513767339516275570e+02 5.041389828453658595e+01 1.891851269927865644e+02
2.513774807540764868e+02 5.056955931381463643e+01 1.893816463599442272e+02
2.513847281323876928e+02 5.108954112869006536e+01 1.893689179850881885e+02
2.515375559192580397e+02 5.110831908831908521e+01 1.887040092137964393e+02
2.514281760320058083e+02 5.290808389404134005e+01 1.885765375522822467e+02
2.514417930532824244e+02 5.362787537127962878e+01 1.884519245923501103e+02
2.513445002121597724e+02 4.743648178456689379e+01 1.889875347032793798e+02
2.514473989210159459e+02 4.886074074074073792e+01 1.890276850336424843e+02
2.513664678426380590e+02 4.898033096926713625e+01 1.882866993998908924e+02
2.514058240892283322e+02 4.876783172698065982e+01 1.886978820391586282e+02
2.514596314481420904e+02 4.712519003455173561e+01 1.890988749469600521e+02
2.514055040310359459e+02 4.453618718554889000e+01 1.889760332181608646e+02
2.514279323513366080e+02 4.945040795296114311e+01 1.879647693520034011e+02
2.513999684791174047e+02 4.502153967388009903e+01 1.885225713766139393e+02
2.514632418015396809e+02 4.928918833727344406e+01 1.885415942292538034e+02
2.513958380311571830e+02 4.385951991271139860e+01 1.891159968479117310e+02
2.513378274837849347e+02 4.432497181305691925e+01 1.884608971328120219e+02
2.514424537794750449e+02 4.195905801054737339e+01 1.894388979814511629e+02
2.514146402376189542e+02 4.518502030672243563e+01 1.875778796144753642e+02
2.514060471600897131e+02 4.390283687943262692e+01 1.888674571134145594e+02
2.515260313996484172e+02 4.425806873977087008e+01 1.887641510577680890e+02
2.515318785233678796e+02 4.160772140389161677e+01 1.893730884403224763e+02
2.513968309389586011e+02 3.872638904043159158e+01 1.886077759592653251e+02
2.513699399890889197e+02 3.840689701157786118e+01 1.886080099412014306e+02
2.513803067224343692e+02 4.035099957568042583e+01 1.874931029884221232e+02
2.513718360914105574e+02 4.064998605807116405e+01 1.877339261683942482e+02
2.514914711765775621e+02 4.245553858277262549e+01 1.877403685518579266e+02
2.513847754137115942e+02 4.105187852336788268e+01 1.878231811844577805e+02
2.514727368612475118e+02 5.257285324604473686e+01 1.908616645450688054e+02
2.514781063223616400e+02 5.168453779475056109e+01 1.905362720494635482e+02
2.514391743953445939e+02 5.482176759410801736e+01 1.904227144329271937e+02
2.515199114990604414e+02 5.373543674607504528e+01 1.904303727950536427e+02
2.514769267139479894e+02 5.667671091713644671e+01 1.899617942656240643e+02
2.513697484391101398e+02 5.259863005394920066e+01 1.916968018427592995e+02
2.513631629993332126e+02 5.808880160029096373e+01 1.900649996969145832e+02
2.514350936533915331e+02 5.619670606776989530e+01 1.911157034612353698e+02
2.514412147663211385e+02 5.620409044068618698e+01 1.911008280293386576e+02
2.515078014184397261e+02 6.207677759592652933e+01 1.894468764017700266e+02
2.514315560404922110e+02 5.821675577377705224e+01 1.905916372673819410e+02
2.514363108443959618e+02 5.638999454446263115e+01 1.912477238285748911e+02
2.514595768927683821e+02 5.635122264654179247e+01 1.915816790931684466e+02
2.514187112808389486e+02 5.766849124083166345e+01 1.912713256955810266e+02
2.515062920531005659e+02 5.723180214584469638e+01 1.908957131599684658e+02
2.514068448808874336e+02 5.927401709401709695e+01 1.906092938109959505e+02
2.514806304176516960e+02 5.473897314663272340e+01 1.913827217069770370e+02
2.513398581560283560e+02 5.665400254591744300e+01 1.918195017275868395e+02
2.514233012062799162e+02 5.933080196399345141e+01 1.916685445838637349e+02
2.514462108262108302e+02 5.802736012608352922e+01 1.913627023095108086e+02
2.514066581802752012e+02 5.804715039098017826e+01 1.915843923137540230e+02
2.515128483966781801e+02 5.673405710129114254e+01 1.914832066436321725e+02
2.514750366733345572e+02 5.580187428017215012e+01 1.915078196035642861e+02
2.514104128023276985e+02 5.754594047402557777e+01 1.904203297569254971e+02
2.513850615263381201e+02 5.762705825301569718e+01 1.899426441171121951e+02
2.514024974237740082e+02 5.537592653209674154e+01 1.909106092016730258e+02
2.514381172334363725e+02 5.941351760926229275e+01 1.903813481239013186e+02
2.513915536158089310e+02 5.798313390313390414e+01 1.907904988785839748e+02
2.514853706734557761e+02 5.840543613990422500e+01 1.916447257077044242e+02
2.514305025156089073e+02 5.780800266715160518e+01 1.905698611868824628e+02
2.514789270776504679e+02 5.773775838031156837e+01 1.906697726859428883e+02
2.514591707583196865e+02 5.627840819542947060e+01 1.906658980420682497e+02
2.514786785476147202e+02 5.996672000969873295e+01 1.903797296478147416e+02
2.514096659998787686e+02 5.591980238831302330e+01 1.914768479117415154e+02
2.513871322058556075e+02 6.072448202703521503e+01 1.897099666606049482e+02
2.514272922349518069e+02 5.679955749530217446e+01 1.911389513244832301e+02
2.514030066072619150e+02 5.927704552342850519e+01 1.905656664848154094e+02
2.514939067709280494e+02 5.651387525004546575e+01 1.910633787961447467e+02
2.515012232527126059e+02 5.514345638600957500e+01 1.916333333333333258e+02
2.515302624719645905e+02 5.547190761956719740e+01 1.912555773777050376e+02
2.514100466751530689e+02 5.472375583439413305e+01 1.912620512820512886e+02
2.513691095350669684e+02 5.665687943262411608e+01 1.908057477117051519e+02
2.514566478753712886e+02 5.787970661332363420e+01 1.909350136388434294e+02
2.514795659816936393e+02 5.908042674425653473e+01 1.910600909256228306e+02
2.514640564951203316e+02 5.907004546281142154e+01 1.913126168394253455e+02
2.513410220040007346e+02 5.621476632114929828e+01 1.911266072619264094e+02
2.514255064557192156e+02 5.915496756986118498e+01 1.897187525004546274e+02
2.514841534824513474e+02 5.754744862702309405e+01 1.896884936655149545e+02
2.514145965933199989e+02 5.463288112990240819e+01 1.901117706249621051e+02
2.515178517306176786e+02 5.639304358368188019e+01 1.895536109595684024e+02
2.513898769473237564e+02 5.610820391586349132e+01 1.902162162817481885e+02
2.514587221919136937e+02 5.607940352791416672e+01 1.900642322846578054e+02
2.514810911074741000e+02 5.978916893980724012e+01 1.892341565133054360e+02
2.514452324665090543e+02 5.621294174698429913e+01 1.899521597866278739e+02
2.515055125174274053e+02 5.721584045584045697e+01 1.902204691762138680e+02
2.514484754803903854e+02 5.396247923864945051e+01 1.905184009213796514e+02
2.513868570043038062e+02 5.305573013275140681e+01 1.908957192216766714e+02
2.515102600472813208e+02 5.779441959144087093e+01 1.897297096441777171e+02
2.514411517245559935e+02 5.186161483906164449e+01 1.908026307813541962e+02
2.514360938352427581e+02 5.621566345396132647e+01 1.892800266715160262e+02
2.514175874401406361e+02 5.842715039098018082e+01 1.902353688549433173e+02
2.514492028853730972e+02 5.600573437594714221e+01 1.900264084378977998e+02
2.513375450081832980e+02 5.416863429714493350e+01 1.906526301751833614e+02
2.514403782505910101e+02 5.764103412741710741e+01 1.901340668000242431e+02
2.514566393889798235e+02 5.716797842031884613e+01 1.899666545432502858e+02
2.514481384494150404e+02 5.668943323028429404e+01 1.903831096563011442e+02
2.514281093532157456e+02 5.776855185791355751e+01 1.899648336061102043e+02
2.513752682305873805e+02 5.995612050675880766e+01 1.902143129053767439e+02
2.514328399102867309e+02 5.800482511971873834e+01 1.913090513426683685e+02
2.514293568527611171e+02 5.942725586470267274e+01 1.908726556343577556e+02
2.513821191731830140e+02 5.901564163181184597e+01 1.914324252894465701e+02
2.513778250591016672e+02 5.813215008789477167e+01 1.902859235012426495e+02
2.513408728859792802e+02 5.620073710371582365e+01 1.898679105291871281e+02
2.514839401103230898e+02 5.655683457598351538e+01 1.898213105413105382e+02
2.514565072437412994e+02 5.394848032975692576e+01 1.913996265987755407e+02
2.515007625628902304e+02 5.448257743832211730e+01 1.894562356792144158e+02
2.514116821240225477e+02 5.405187852336788268e+01 1.901756573922531288e+02
2.514599599927259419e+02 5.662802812632600080e+01 1.901995720434018438e+02
2.513513960113960195e+02 5.433796205370673249e+01 1.898879214402618629e+02
2.513957798387585569e+02 5.249332363460023032e+01 1.900766830332787833e+02
2.514806898223919518e+02 5.595391646966115218e+01 1.897691252955082746e+02
2.513904200763775236e+02 5.597708916772746335e+01 1.891655816209007810e+02
2.514278899193792824e+02 5.472834697217675881e+01 1.899084839667818301e+02
2.514164769352003361e+02 5.671031339031338803e+01 1.899612547735951864e+02
2.514669733891010424e+02 5.379782990846820923e+01 1.910851051706370924e+02
2.515140898345153744e+02 5.627600775898648067e+01 1.893702539855731288e+02
2.513762041583318307e+02 5.512310359459295483e+01 1.901596969145905405e+02
2.513352488331211703e+02 5.254882584712371596e+01 1.907418876159301817e+02
2.514622355579802502e+02 5.466505788931321064e+01 1.903791816693944270e+02
2.514526059283506072e+02 5.295908953142996012e+01 1.911334060738315941e+02
2.514516263563072016e+02 5.532231920955324966e+01 1.902553918894344349e+02
2.513879735709522834e+02 5.376133236346002064e+01 1.900327938413044819e+02
2.513809601745771829e+02 5.587642965387646399e+01 1.908254240164878581e+02
2.514304988785839896e+02 5.310607261926411127e+01 1.914046626659392700e+02
2.513676135054858491e+02 5.816509304722070794e+01 1.908295229435655074e+02
2.513813881311753562e+02 5.257638237255258673e+01 1.910685567072801234e+02
2.515043110868642771e+02 5.562490755895011318e+01 1.898239958780384313e+02
2.514813966175668440e+02 5.426644117112202537e+01 1.902056701218403418e+02
2.513440783172698048e+02 5.127236830938958434e+01 1.903909668424562085e+02
2.514547251015336258e+02 4.853645753773413674e+01 1.899073383039340399e+02
2.514390313390313452e+02 5.373624174092259409e+01 1.895411299024065102e+02
2.514294041340849901e+02 4.992654300781960330e+01 1.900294817239498002e+02
2.514490840758925856e+02 5.072869370188519156e+01 1.900557689276838289e+02
2.514019470206704341e+02 5.171492150087895112e+01 1.895514396556949634e+02
2.514937806873977024e+02 5.383616900042432007e+01 1.894251100200036433e+02
2.514646772140389146e+02 5.041231860338243109e+01 1.903171243256349499e+02
2.514813553979511482e+02 5.254704370491604237e+01 1.898264193489725358e+02
2.513645293083590957e+02 4.741064557192216711e+01 1.906746038673698251e+02
2.514075856216281863e+02 5.105202885373098098e+01 1.899233193914045046e+02
2.514894526277504951e+02 5.456292053100563777e+01 1.896938607019457947e+02
2.514174613566102892e+02 5.392961023216342653e+01 1.899478923440625522e+02
2.514813808571255436e+02 5.120028247560162526e+01 1.907175025762259679e+02
2.514995174880281184e+02 5.368478632478632306e+01 1.905327404982724033e+02
2.513508674304418946e+02 5.419378068739770526e+01 1.903635085166999943e+02
2.514215372491968310e+02 5.227097654118930592e+01 1.904709122870825126e+02
2.514849245317330428e+02 5.524718433654604155e+01 1.903204764502636976e+02
2.513869952112505359e+02 5.480760138206946408e+01 1.909226089592046947e+02
2.513902806570891642e+02 5.292810329150754711e+01 1.914768951930654168e+02
2.514104358368188059e+02 5.477554100745589949e+01 1.912502297387403871e+02
2.514896538764623983e+02 5.537988119051949099e+01 1.905528144511123116e+02
2.514444298963447864e+02 5.555930532824149992e+01 1.909533733406073850e+02
2.513610159422925392e+02 5.662351094138328023e+01 1.908823507304358316e+02
2.513931187488634293e+02 5.627817300115172117e+01 1.906484100139419411e+02
2.513793550342486469e+02 5.425481966418136892e+01 1.906845499181669368e+02
2.515004873613384291e+02 5.430359701763956792e+01 1.895082766563617724e+02
2.514583221191731752e+02 5.402215554343214166e+01 1.899489664787537038e+02
2.514922749590834599e+02 5.297326907922652595e+01 1.904138740377038346e+02
2.514231969448990753e+02 5.310077104928168978e+01 1.905776250227314108e+02
2.514450966842456126e+02 5.472825240952900572e+01 1.898546123537612971e+02
2.514014608716736348e+02 5.206075650118203413e+01 1.900930678305146273e+02
2.515024634782081705e+02 5.158151906407225340e+01 1.896322349518094086e+02
2.513492380432805930e+02 4.937075104564465988e+01 1.903649184700248611e+02
2.514038116021094709e+02 5.199202400436443128e+01 1.896848045099108901e+02
2.515391186276292785e+02 5.000082196763047904e+01 1.900000497060071609e+02
2.514351009274413400e+02 5.160919803600654632e+01 1.898709316845487081e+02
2.514433387888707045e+02 5.126913741892465026e+01 1.902209056192034780e+02
2.514061138388798042e+02 5.223895617384979317e+01 1.906856664848154139e+02
2.514264872401042510e+02 5.227560889858762039e+01 1.898024562041583181e+02
2.513909304722070601e+02 5.081458204522034094e+01 1.896537782627144395e+02
2.513902224646905381e+02 5.244637570467357790e+01 1.894861720312784144e+02
2.514374383221191636e+02 5.183602230708613945e+01 1.896500842577438277e+02
2.515121015942292502e+02 5.167212220403709466e+01 1.896441910650421221e+02
2.515575110626174364e+02 5.487170273383039643e+01 1.898045014245014386e+02
2.514028817360732262e+02 5.256757228587015618e+01 1.905264714796629733e+02
2.514624186215675650e+02 5.347250287931139212e+01 1.905967194035279135e+02
2.514267842638055299e+02 5.624576589682972383e+01 1.902108189367763771e+02
2.513910165484633694e+02 5.443882645329453851e+01 1.903727320118809416e+02
2.514132727162514414e+02 5.621697884463841888e+01 1.907739019215615031e+02
2.514293507910529115e+02 5.654064617809298454e+01 1.902572698066315127e+02
2.513740789234406350e+02 5.491178396072012902e+01 1.910130193368491121e+02
2.514428259683578801e+02 5.227008789476874284e+01 1.916438891919742957e+02
2.515066424198338950e+02 5.510077347396496350e+01 1.905563120567375961e+02
2.513392956295083991e+02 5.451685518579135703e+01 1.904170600715281694e+02
2.515006922470752215e+02 5.524704612959931893e+01 1.910310977753530892e+02
2.512952233739467829e+02 5.222613929805419275e+01 1.912687215857428669e+02
2.513852154937261218e+02 5.601952233739467601e+01 1.904520724980299349e+02
2.514421700915318070e+02 5.838704128023277207e+01 1.902102164029823541e+02
2.514723392131902813e+02 5.876827908104503706e+01 1.897209710856519393e+02
2.514101363884342675e+02 5.515444262593198488e+01 1.910259041037764405e+02
2.515262035521610073e+02 5.533496393283627413e+01 1.906937540158816660e+02
2.514338255440383136e+02 5.607436867309207429e+01 1.908644214099533372e+02
2.514209371400860675e+02 5.924716615142146736e+01 1.913050130326726048e+02
2.514350512214342075e+02 5.423203006607261756e+01 1.909449621143238289e+02
2.514504406861853738e+02 5.896408559131963045e+01 1.911206619385342833e+02
2.514691277201915511e+02 5.526392434988179758e+01 1.909937576529065950e+02
2.514318603382433253e+02 5.521483542462265603e+01 1.919541916712129535e+02
2.514714820876523049e+02 5.743730981390555712e+01 1.915838588834333507e+02
2.514643365460386804e+02 5.726828999211977589e+01 1.921148972540461841e+02
2.514510723161787098e+02 5.814740498272413305e+01 1.918185900466751548e+02
2.514959241074134582e+02 5.799330544947566324e+01 1.924014911802145775e+02
2.514475128811299101e+02 6.012070558283324573e+01 1.921689519306540603e+02
2.513762550766806214e+02 5.892139419288355384e+01 1.924635170030914821e+02
2.514369158028732443e+02 6.221656786082318291e+01 1.917613735830757093e+02
2.514316881857307351e+02 5.914974116506031265e+01 1.922223422440443699e+02
2.513710116990968118e+02 5.933578711280839002e+01 1.913824634782081660e+02
2.514598011759713927e+02 5.888815057283142096e+01 1.912904734194095795e+02
2.514307219494453420e+02 6.038947687458325930e+01 1.909899787840213321e+02
2.514194968782202864e+02 5.811288355458567878e+01 1.917220027883857654e+02
2.514379596290234531e+02 5.929796569073165102e+01 1.916339492028853613e+02
2.514306710310965514e+02 5.511646359944231932e+01 1.913558937988725290e+02
2.514939322301024447e+02 5.853544159544159697e+01 1.909881420864399502e+02
2.515349675698611804e+02 5.910447232830211561e+01 1.915807565011820373e+02
2.514542995696187120e+02 5.729305085773170703e+01 1.916691556040492230e+02
2.513473807358913632e+02 5.974841486330848284e+01 1.904265042128871812e+02
2.514121622113111414e+02 5.759706977026125685e+01 1.910707425592532047e+02
2.514470279444747405e+02 5.775181426926107520e+01 1.916632042189488914e+02
2.513584482027035278e+02 5.718288779778141162e+01 1.914962938716130338e+02
2.513814293507910520e+02 5.972085348851306463e+01 1.916095944717221187e+02
2.514583609141055831e+02 5.541806995211250353e+01 1.926257368006304205e+02
2.514241486330847977e+02 5.434365884706310368e+01 1.927934497181305744e+02
2.514927283748560285e+02 5.769478208159059562e+01 1.926453233921318997e+02
2.514068242710795857e+02 5.726127295871976486e+01 1.913526107777171603e+02
2.514379014366248271e+02 5.859876947323756013e+01 1.914872667757774138e+02
2.514779632660483628e+02 5.876602170091531718e+01 1.916932496817603067e+02
2.514184688125113780e+02 5.810909741165060183e+01 1.920762296175062147e+02
2.514023264836030762e+02 5.869428865854397515e+01 1.921501460871673714e+02
2.514253888585803338e+02 5.765537370430987352e+01 1.919019736921864592e+02
2.514296199308965356e+02 5.902982117960841180e+01 1.911789246529671971e+02
2.514134969994544520e+02 5.750238710068497028e+01 1.920087058253015755e+02
2.514003697641995529e+02 5.690173364854216231e+01 1.920844880887433987e+02
2.513708904649330123e+02 5.888929987270412880e+01 1.911963641874280313e+02
2.513906637570467240e+02 5.533106625447050675e+01 1.920508977389828544e+02
2.514319452021579764e+02 5.294124992422865006e+01 1.915091168091168186e+02
2.514617384979086978e+02 5.736499727223131373e+01 1.900500309147117548e+02
2.514114287446202241e+02 5.365100442504697753e+01 1.910111741528762934e+02
2.513450312177971853e+02 5.259902770200642408e+01 1.913522810207916507e+02
2.513707680184275830e+02 5.430022670788628147e+01 1.909999903012669051e+02
2.514075419773292026e+02 5.424336061102018647e+01 1.909774249863611431e+02
2.514843547311632506e+02 5.330784869976359630e+01 1.902231884585076216e+02
2.514739128326362447e+02 5.314607504394738413e+01 1.910451936715766408e+02
2.513799624174092173e+02 5.549153421834272848e+01 1.897920009698732997e+02
2.513414826938231101e+02 5.027041522701097165e+01 1.905412499242286515e+02
2.514057283142389565e+02 4.975845668909498443e+01 1.909706989149542267e+02
2.514206219312602286e+02 5.333189307146754032e+01 1.901478317269806553e+02
2.514072146450869809e+02 5.322344547493483446e+01 1.906406643632175530e+02
2.514220961386918702e+02 5.414702309510820299e+01 1.901220064254106887e+02
2.515437558343941191e+02 5.484578893132084687e+01 1.900171279626598846e+02
2.515202206461781032e+02 5.402712978117233433e+01 1.906615942292538080e+02
2.513865308844032143e+02 5.292189610232163233e+01 1.910395514335939993e+02
2.514212123416378688e+02 5.287416015033036132e+01 1.912467406195065678e+02
2.513771619082257303e+02 5.580726798811905098e+01 1.906500709219858152e+02
2.514642444080741939e+02 5.293492635024549742e+01 1.911729732678668938e+02
2.514867200096987290e+02 5.410519124689337644e+01 1.912033521246287080e+02
2.515115911983997137e+02 5.669213553979511744e+01 1.906590374007395212e+02
2.514139613263017452e+02 5.627203370309753439e+01 1.905970515851366827e+02
2.514283894041340943e+02 5.582355579802388235e+01 1.910960804994847422e+02
2.513690840758925731e+02 5.563727465599806266e+01 1.910610680729829767e+02
2.514950657695338521e+02 5.391159847244953340e+01 1.918506019276232166e+02
2.513329417469842895e+02 5.652842092501666826e+01 1.916201854882706073e+02
2.514142825968357897e+02 5.580039522337394686e+01 1.910882972661696044e+02
2.515118312420439963e+02 5.588923561859731848e+01 1.905706479966054303e+02
2.514323961932472571e+02 5.194438625204582394e+01 1.907189149542340942e+02
2.513882827180699451e+02 5.296058798569436732e+01 1.908140328544583895e+02
2.514258689458689560e+02 5.395732557434685361e+01 1.899936400557677132e+02
2.514123828574892343e+02 5.062251439655695151e+01 1.915935091228708131e+02
2.514098805843486559e+02 5.497745893192701772e+01 1.904723392131902813e+02
2.514320858337879656e+02 5.436107534703279498e+01 1.907504418985270149e+02
2.514814354124992519e+02 5.111742377401952098e+01 1.906713499424137694e+02
2.513848542159180397e+02 5.474121476632114991e+01 1.905123901315390640e+02
2.513825131842152985e+02 5.288509183487906995e+01 1.905593295750742584e+02
2.513362526519973414e+02 5.403380493423046715e+01 1.901170552221616106e+02
2.514121125053039805e+02 5.622013578226344066e+01 1.901342607746863109e+02
2.514062981148087488e+02 5.071796932775656330e+01 1.910096393283627378e+02
2.513866108989513179e+02 5.508808268169970290e+01 1.908288573680063109e+02
2.515180978359701669e+02 5.529758744014063154e+01 1.910790264896647841e+02
2.513998072376795676e+02 5.907488513062980928e+01 1.909827702006425341e+02
2.514440540704370619e+02 5.612178214220767103e+01 1.918757180093350314e+02
2.513439485967145401e+02 5.870355458568224805e+01 1.920225713766139393e+02
2.514565763472146500e+02 6.137689640540704517e+01 1.920308092380432754e+02
2.514097193429108188e+02 5.689576529065890753e+01 1.924071091713644819e+02
2.514919876341153042e+02 5.944339455658604265e+01 1.924432430138813004e+02
2.515504600836515863e+02 6.100240892283445504e+01 1.920910310965630003e+02
2.514346850942595495e+02 6.073079953931017627e+01 1.920900236406619399e+02
2.514559604776626145e+02 6.173168454870582877e+01 1.918810207916590969e+02
2.514391901557858944e+02 6.109493483663696622e+01 1.920776032005819332e+02
2.513590446747893452e+02 5.913468024489301200e+01 1.928500018185124532e+02
2.514528120264290578e+02 6.196745590107292401e+01 1.921400254591743817e+02
2.514781608777353483e+02 5.911391525731951191e+01 1.921196787294659600e+02
2.514684706310238198e+02 5.844709341092319477e+01 1.925926738194823429e+02
2.514546366005940570e+02 5.802156513305449437e+01 1.917602788385767099e+02
2.514042686549069572e+02 5.707313814632963300e+01 1.925093992847184268e+02
2.514376007758986589e+02 5.750515730132751457e+01 1.922702636843062294e+02
2.514158756137479429e+02 5.699717039461719992e+01 1.915872134327453580e+02
2.513832708977389814e+02 5.849003333939504046e+01 1.911177401951869967e+02
2.513992047038855446e+02 5.699215857428623622e+01 1.909632539249560637e+02
2.513710456446626722e+02 5.645323755834394319e+01 1.910969194398981585e+02
2.514113305449475604e+02 5.430006789113171806e+01 1.910103740073952849e+02
