2.546347953947717428e+02 3.305365439565853547e-02 1.584025380800432572e+02
2.520531364716998723e+02 3.809419520932970471e+01 1.981092819552766287e+02
2.523522678753243440e+02 3.697360482654600133e+01 1.975666100739999536e+02
2.522626708201641748e+02 3.613576555477235530e+01 1.964416855519427259e+02
2.523790975996119244e+02 3.663202386997834736e+01 1.960940903613088153e+02
2.520332949311666368e+02 3.318777648928402613e+01 1.962121277579450691e+02
2.516952042767886724e+02 3.908464014390706609e+01 1.945170018013647848e+02
2.516506122871774664e+02 3.784278860365174069e+01 1.945685756585845354e+02
2.516907539204317175e+02 3.774886877828054565e+01 1.954824120603014990e+02
2.514476871537173110e+02 3.488111876627986874e+01 1.953777825780486239e+02
2.514510511329902442e+02 3.708269350776001971e+01 1.948928112154538326e+02
2.515515953321155678e+02 3.556748422858384373e+01 1.945193728825121013e+02
2.514103574685898081e+02 3.288354542951054782e+01 1.943770309566939716e+02
2.515155187703221884e+02 3.097946368342466528e+01 1.947854847389284316e+02
2.516089004600680710e+02 3.513818463862803299e+01 1.937563546743269001e+02
2.515572167019107610e+02 3.467636700344356626e+01 1.940898787552645217e+02
2.515458147954452954e+02 3.404726498252954059e+01 1.938175429687401277e+02
2.514830525174893978e+02 3.127080348954425304e+01 1.936435622051938878e+02
2.515882921394301945e+02 3.184948498146842866e+01 1.936072026800669903e+02
2.515684847060844618e+02 3.446832073893853732e+01 1.935143616524048014e+02
2.515480027083633274e+02 3.558222484973889266e+01 1.941908676110568024e+02
2.515753149861928932e+02 3.327150458173218794e+01 1.950490120284681268e+02
2.514576413995568487e+02 3.624582313275780621e+01 1.928982645757697583e+02
2.515547294036800281e+02 3.333861363125330257e+01 1.944213841959925446e+02
2.515928208159955091e+02 3.260236830204314629e+01 1.931509950456152183e+02
2.516181902473655327e+02 2.788917816836823604e+01 1.931901437807438526e+02
2.515292298597057652e+02 2.843577111298068871e+01 1.941676747235422908e+02
2.516892772055349781e+02 3.139674870076879998e+01 1.940302694973105986e+02
2.515962138495393106e+02 3.184485777302803555e+01 1.941383387525864634e+02
2.515555568187847371e+02 3.196144245612173407e+01 1.947547099499508647e+02
2.514568278799730194e+02 3.153510134887610405e+01 1.951311888754986512e+02
2.515779273441112025e+02 3.868882496949301242e+01 1.944333823466250237e+02
2.515097319175060875e+02 3.889082794566093071e+01 1.951849999115739536e+02
2.515647973401446791e+02 3.844115499569238636e+01 1.956972721829357909e+02
2.514800536114458680e+02 3.334291240011015134e+01 1.954514301017404705e+02
2.516389526819618538e+02 3.844075834173380457e+01 1.949836702365522854e+02
2.514203407687002141e+02 3.683765484031520288e+01 1.955968618861022037e+02
2.514700298880021023e+02 3.300912683073487131e+01 1.947645075553736547e+02
2.515142378559463907e+02 3.153135208470709472e+01 1.941778096111528100e+02
2.516063588429831270e+02 3.428706124892941176e+01 1.935087200709429567e+02
2.516395236615455246e+02 3.140547003494091882e+01 1.941631788909353133e+02
2.515078484428174193e+02 3.488092296575891282e+01 1.938307727678109131e+02
2.515715088767113627e+02 2.898722748988785014e+01 1.945811031022381883e+02
2.515217869134511091e+02 3.211364388559186267e+01 1.936996369479372788e+02
2.515458855362786892e+02 3.430924860602661397e+01 1.939489529093430917e+02
2.514444444444444571e+02 3.349732700708166533e+01 1.948009365581047518e+02
2.515476982701339921e+02 3.209830702026977178e+01 1.945236969159523142e+02
2.515052348216699443e+02 2.961048075975655181e+01 1.952813716647591775e+02
2.515706233530649740e+02 3.020535937606585009e+01 1.943886185578470531e+02
2.515180224905321040e+02 2.965232522592853570e+01 1.942315385373321988e+02
2.514806448026962471e+02 2.693194352860329843e+01 1.935472978264878918e+02
2.515070121851085503e+02 3.013270854018711020e+01 1.929052982357741541e+02
2.514287968247471667e+02 2.760366311193978817e+01 1.929597269909123156e+02
2.515744926240049040e+02 2.878503629257398089e+01 1.935334591509584072e+02
2.516573048753066359e+02 2.636163598283019027e+01 1.946037755393356861e+02
2.516007071556879282e+02 2.766047431728779671e+01 1.935440993302358947e+02
2.515937113925585606e+02 2.804564678596602789e+01 1.932647159881862819e+02
2.515355081086680400e+02 2.665827250884892052e+01 1.935190419164702291e+02
2.516742283564630611e+02 2.860081200370884247e+01 1.940798562950499218e+02
2.514460159015287672e+02 2.827616337090177012e+01 1.933971011417065142e+02
2.515056340020868504e+02 2.807867517577833993e+01 1.936047014863154345e+02
2.515819204115095431e+02 2.790500642983646173e+01 1.936807314602171175e+02
2.516218927720553609e+02 2.609515400026780441e+01 1.933649620652280987e+02
2.515963288033935328e+02 2.826750772464635730e+01 1.936889045529305520e+02
2.515908185977650930e+02 2.733191220051994463e+01 1.933756136135680777e+02
2.515887165844304434e+02 2.672093246524224952e+01 1.938174103296775570e+02
2.514932164593707569e+02 2.714343588227714577e+01 1.934274274843296553e+02
2.515917129640156418e+02 2.626506969235316902e+01 1.932381212245238373e+02
2.515898964404728417e+02 2.481115860852780841e+01 1.943145743801966034e+02
2.515680893153550528e+02 2.290845883515111936e+01 1.942668268441250916e+02
2.516231913716395070e+02 2.327591198829744457e+01 1.925465777858624392e+02
2.516392141703994980e+02 1.808409063921922311e+01 1.920010358479173078e+02
2.517940709075796235e+02 1.787347117690008602e+01 1.910877742154715122e+02
2.517419551250470420e+02 1.633120100249866624e+01 1.906523264891577014e+02
2.518059048384203606e+02 1.390300042191854146e+01 1.924128359242163526e+02
2.517844438380944325e+02 1.749013418020216548e+01 1.917921129023700644e+02
2.516869086508459930e+02 2.703878492512840737e+01 1.942016227441885121e+02
2.516250874786198324e+02 2.605637033836856631e+01 1.938804707297169614e+02
2.517236938842023051e+02 2.502436390095272856e+01 1.938615778742884856e+02
2.517833460919479194e+02 2.387207530867004834e+01 1.940146231408424740e+02
2.515720255374408509e+02 2.577764008579852373e+01 1.934241140342234075e+02
2.515570196381606252e+02 2.487092450689849343e+01 1.932308740787901229e+02
2.516007614745421392e+02 2.469839772012399948e+01 1.942814487217383999e+02
2.516219963568470916e+02 2.546330571914373309e+01 1.938506850491775140e+02
2.516114193390279752e+02 2.394294372819350514e+01 1.942485011785928180e+02
2.516161097089267287e+02 2.376803322798001972e+01 1.932885910194511894e+02
2.516664771822915441e+02 2.320182107116780656e+01 1.940650537756656604e+02
2.516400542177958641e+02 2.569190851189077662e+01 1.928725704945036910e+02
2.516386090836282960e+02 2.351659377834370446e+01 1.931809373665714133e+02
2.516794505458413198e+02 2.167652617031866313e+01 1.937260359110787817e+02
2.516041557713151064e+02 2.241738102276086408e+01 1.929805563766545049e+02
2.517123917728410731e+02 2.379972385810399516e+01 1.929877353080131570e+02
2.517006273196045640e+02 2.048628512092892962e+01 1.924494758862184085e+02
2.516889222381389004e+02 2.168156392823847867e+01 1.927960074378933371e+02
2.516913830085571249e+02 2.242804267693419362e+01 1.923273292051004262e+02
2.517209501504505909e+02 1.839942927306214315e+01 1.935186831593866827e+02
2.517552304003678501e+02 2.237717370158989993e+01 1.928898514695144968e+02
2.518080813822758728e+02 2.079999545237499703e+01 1.938131785119665835e+02
2.517048149242946806e+02 2.071606524326004006e+01 1.941374544921692404e+02
2.517067842985667312e+02 2.228276374330172871e+01 1.943252587724949478e+02
2.516308566462276133e+02 2.282460820947371261e+01 1.947060061493995988e+02
2.516966064611645493e+02 2.268732930615874821e+01 1.946780344659445916e+02
2.516858298531369655e+02 2.664178105206778113e+01 1.950239293501191185e+02
2.516380482098779510e+02 2.396787734550075655e+01 1.950974227598525488e+02
2.516788416693826207e+02 2.542537978984919533e+01 1.944984348590615184e+02
2.516455404220701269e+02 2.333347228854175270e+01 1.935764253646310920e+02
2.514628888535184785e+02 2.344303341746439528e+01 1.932341900553547021e+02
2.516898873452228429e+02 1.920315377793946965e+01 1.944178332588028013e+02
2.518001268282084197e+02 2.307974134119567111e+01 1.933655785210618205e+02
2.517363893373352539e+02 2.048202803863459920e+01 1.943452127404241025e+02
2.516319607085199834e+02 2.494807496507171507e+01 1.927089936863806088e+02
2.515842611751568256e+02 2.467580991938071477e+01 1.933661431844996628e+02
2.516626849683308365e+02 2.366768609260480360e+01 1.949096121633810128e+02
2.516309374928943328e+02 2.620237815523065450e+01 1.942771057398607013e+02
2.516169927061147860e+02 2.563999105633749309e+01 1.946667576191667308e+02
2.515642832058735223e+02 2.592958129006015611e+01 1.947540518075546174e+02
2.517064343840873448e+02 2.768241029178067336e+01 1.944493394574683407e+02
2.516877272233464851e+02 2.915393457988787418e+01 1.950360374016891853e+02
2.515572722839941378e+02 2.962933824476833777e+01 1.948591486845994609e+02
2.516488551354055403e+02 2.772518828430741067e+01 1.954653041476866520e+02
2.514693654294600265e+02 3.318795081490913645e+01 1.950880104393258421e+02
2.513904249755565274e+02 3.570208887575130774e+01 1.959995351316663630e+02
2.515036583116689428e+02 3.387369097877522250e+01 1.966418581090470070e+02
2.515941269949546495e+02 3.674787588015492190e+01 1.961303854617481477e+02
2.513687896496055032e+02 3.542211560568048867e+01 1.962164265268019392e+02
2.515309983805402112e+02 3.381470196634252545e+01 1.953921985493076363e+02
2.515600918114958802e+02 3.461831404382394339e+01 1.960467723231542436e+02
2.514687439207096418e+02 3.605804159055711011e+01 1.957560641316183876e+02
2.515979608954778826e+02 3.622348039847300782e+01 1.957868932394501371e+02
2.515384880662740557e+02 3.875013958682300341e+01 1.950250359388698200e+02
2.515296303033518655e+02 3.850941611021421807e+01 1.954974432241650675e+02
2.514506784803858466e+02 3.485558890480557892e+01 1.968933518775374978e+02
2.516148262680925995e+02 3.746741753008380016e+01 1.956191793558036522e+02
2.515787699179659000e+02 3.561830141153227203e+01 1.959309203129776620e+02
2.515915146370363686e+02 3.801901538865772068e+01 1.952057914004411145e+02
2.515427994674225829e+02 3.850013137583341205e+01 1.946292056057057493e+02
2.515331913463749061e+02 3.651468124938417503e+01 1.952943879781006729e+02
2.514274224314129640e+02 3.705745797868174662e+01 1.948168216648855093e+02
2.516082776880885206e+02 3.319806170116545729e+01 1.957862969952830952e+02
2.515883363524510514e+02 3.450834489188021337e+01 1.951539750032212339e+02
2.516349848791468560e+02 3.442652174901657958e+01 1.958201730118667854e+02
2.515244611695986237e+02 3.584397603906915464e+01 1.954052060200449148e+02
2.514925128407244870e+02 3.636480668804050254e+01 1.957385924090032745e+02
2.514497335849685840e+02 3.512905654466399596e+01 1.959620159621637470e+02
2.515485054735719928e+02 3.294126363340078711e+01 1.960559913696183401e+02
2.515580378008696130e+02 3.483388031156284370e+01 1.956716804232322886e+02
2.516085442294428276e+02 3.234726296136287260e+01 1.954970187791647902e+02
2.515565598227436794e+02 3.192139303859670463e+01 1.940715139296280256e+02
2.515845555075528353e+02 3.208062560161289412e+01 1.940580668551404528e+02
2.515641796210817915e+02 3.380407062966921217e+01 1.940961266867267341e+02
2.515951135769344376e+02 3.379563731174727081e+01 1.942656520409993561e+02
2.516077168143381471e+02 3.126062186245455621e+01 1.940376783363777236e+02
2.515563842338894176e+02 3.107001700306459568e+01 1.938572854215774726e+02
2.516684781372927944e+02 3.049818221322803069e+01 1.947156092175305844e+02
2.515886357377637239e+02 2.846146014133007895e+01 1.942637382488106823e+02
2.515798411362999047e+02 3.179096967997352152e+01 1.944973080586441370e+02
2.516418960059220069e+02 2.909856345579076731e+01 1.941875225802213549e+02
2.516007109453754538e+02 2.981397939925873786e+01 1.937595506441205657e+02
2.516621379901013427e+02 2.976616491204135428e+01 1.944927124309329542e+02
2.515425859816932928e+02 2.969388420230867709e+01 1.940587035226408545e+02
2.516695114587517708e+02 2.852690299157931264e+01 1.941097821940269341e+02
2.514912003456194896e+02 3.052447127543196004e+01 1.938921391775367624e+02
2.515889313333889277e+02 2.951368582480021985e+01 1.937535717804709918e+02
2.514999974735416686e+02 3.306835711993855398e+01 1.926127507825704583e+02
2.516098567245478250e+02 2.740679642556674622e+01 1.945216820654302126e+02
2.516027396914183782e+02 2.962863336289289506e+01 1.933360985419809026e+02
2.516061845173580309e+02 2.997183883216990097e+01 1.939669412926876646e+02
2.516657230344785887e+02 3.148214425571800845e+01 1.943635712499147417e+02
2.516296351036226895e+02 2.996938437789753351e+01 1.941612954162466451e+02
2.516171670317398821e+02 2.746137424174669306e+01 1.934660317676870989e+02
2.516709414341693503e+02 2.992234172370146439e+01 1.938454855979242666e+02
2.516527799884288186e+02 3.052379039491070145e+01 1.937897001346602224e+02
2.516278943738299461e+02 3.025687512474388186e+01 1.947298369676436494e+02
2.516470512441543974e+02 3.285588197397242283e+01 1.947859192897620346e+02
2.514605253517461563e+02 3.508555219536597036e+01 1.939386007463157853e+02
2.516032677212103863e+02 3.403825436887807854e+01 1.945366538575229072e+02
2.515160897499058876e+02 3.283879048333674433e+01 1.943271485633294731e+02
2.517129299084664069e+02 3.190684190181677593e+01 1.948677765398132067e+02
2.516033460414187459e+02 2.918901066418063195e+01 1.949317325693323255e+02
2.515027942629183997e+02 3.060341425579380115e+01 1.947244568746194489e+02
2.515614245182675575e+02 3.297532787113041053e+01 1.940512643660736956e+02
2.515294471351225809e+02 2.965007415155212911e+01 1.948589983603285418e+02
2.516057689149619421e+02 3.491629590890601520e+01 1.932119003766949277e+02
2.515439894292983354e+02 2.955655224336867803e+01 1.938455803401118089e+02
2.515730323310873189e+02 3.114980003082279225e+01 1.934907102127025382e+02
2.515489324450305730e+02 2.882722940999618544e+01 1.936384499167531885e+02
2.517098829997145231e+02 2.768812766699257821e+01 1.927999575554999865e+02
2.515861244381788140e+02 2.598973878947275296e+01 1.924823324768639452e+02
2.515460219650287570e+02 2.963525268373036781e+01 1.929854854968659197e+02
2.517227414094100482e+02 3.040174729858442504e+01 1.935236804939731314e+02
2.515518302927407319e+02 3.220556528242014593e+01 1.930887607974513003e+02
2.515855244043242749e+02 3.409540159318462571e+01 1.933194112846788073e+02
2.515279047323091106e+02 3.189262804722455869e+01 1.934012028468132485e+02
2.515993807650621079e+02 3.142662533380830681e+01 1.935033399779187562e+02
2.516594624707246624e+02 2.779285820757887038e+01 1.930803034781751819e+02
2.515602901384751817e+02 3.013520973393867308e+01 1.926887921255346612e+02
2.516534318146792373e+02 2.925807392922379790e+01 1.938315976564572622e+02
2.515780145069237506e+02 3.485157057282389559e+01 1.935747225317133768e+02
2.515800369368208464e+02 3.171597176430164922e+01 1.941980515953321174e+02
2.515958942525599298e+02 3.181400719030042268e+01 1.941420753844637943e+02
2.515365666947103591e+02 3.175759137568182666e+01 1.934599910058083196e+02
2.514398425005873889e+02 3.073889684723264537e+01 1.940274449168921649e+02
2.515421729057555353e+02 3.028486196694887056e+01 1.931180184481987681e+02
2.517055185429409505e+02 2.800924304781827701e+01 1.932696476348560282e+02
2.517441834612984621e+02 3.084233763083896207e+01 1.927817493702802665e+02
2.517406287344212217e+02 2.892510693234902419e+01 1.925795051173413697e+02
2.517016113751260207e+02 3.135725257761911777e+01 1.923705505910649265e+02
2.515733531912958370e+02 2.898379908592737308e+01 1.927314185305613137e+02
2.515947699786009082e+02 3.229886233581179056e+01 1.922763490655893861e+02
2.515798512421332305e+02 2.968284863230178061e+01 1.933519331195949462e+02
2.515785109559865589e+02 3.348847808676363513e+01 1.935974404450608972e+02
2.516379067282111919e+02 2.968803545126335663e+01 1.948360669612517029e+02
2.516276480441422905e+02 3.188969230263938925e+01 1.936625801203099400e+02
2.515600905482667144e+02 3.446563006081185421e+01 1.931163484592393900e+02
2.515816121835926822e+02 3.233709649302318212e+01 1.937261015989954842e+02
2.516349457190426619e+02 3.426902738933480919e+01 1.941430000682143771e+02
2.516716930555239742e+02 3.246012238164174590e+01 1.944558817213265911e+02
2.516029923372518624e+02 3.327683919850635874e+01 1.936206510177837288e+02
2.515450720166948315e+02 3.414951706748928473e+01 1.931736750620877103e+02
2.515448610574238728e+02 2.938655949430409819e+01 1.936529896844706116e+02
2.515159444785516314e+02 2.844157186131764803e+01 1.937043007900235239e+02
2.514584549191407064e+02 3.058181177380113169e+01 1.929771469211315491e+02
2.515640495084775239e+02 3.158838940807607543e+01 1.928185068125949044e+02
2.516669812107293751e+02 3.091927586651204862e+01 1.933630369039769050e+02
2.516611362493715376e+02 2.886899555595978839e+01 1.935501944109688850e+02
2.515915159002655344e+02 2.821502560565522444e+01 1.925998620553749276e+02
2.516102799063189366e+02 2.798974636884775791e+01 1.928805869468003777e+02
2.515938010818294686e+02 3.003835163752397008e+01 1.924786147934241285e+02
2.515460320708621111e+02 2.958927872140996485e+01 1.920885359426594903e+02
2.515959435184974780e+02 2.759098029109852845e+01 1.917463410567164601e+02
2.515273552276212570e+02 2.859262754193289169e+01 1.922285750017053658e+02
2.514750941737344476e+02 2.678197422507206582e+01 1.925468594859667917e+02
2.516911682595986406e+02 2.609095502651517862e+01 1.923313146931237441e+02
2.516327906500829954e+02 2.852652907574574570e+01 1.919070743359835944e+02
2.516389893156076880e+02 2.598778457395069807e+01 1.928520746012617053e+02
2.514915957363489269e+02 2.696338151289377905e+01 1.921417469448802535e+02
2.516990583889785853e+02 2.625107690286525752e+01 1.921394415516496395e+02
2.515372816824191204e+02 2.644942283059338806e+01 1.925172216032399319e+02
2.516687611006263126e+02 2.643501191225104918e+01 1.915328856449163766e+02
2.515726040963995445e+02 2.517862818365330924e+01 1.923486651457387495e+02
2.515463390355498063e+02 2.638517752159490115e+01 1.919268767164126359e+02
2.516129794270497655e+02 2.840258229306411408e+01 1.920826063449474645e+02
2.516419073749845268e+02 2.894593000194537424e+01 1.917280141279550207e+02
2.515853008127616590e+02 2.682789639499660339e+01 1.925373991627317025e+02
2.516785107033407485e+02 2.669965589637478587e+01 1.925415084472134311e+02
2.516405531933170039e+02 2.730331269216873835e+01 1.917263605609747970e+02
2.515877653728673522e+02 2.709953361579137621e+01 1.916428585865476180e+02
2.516701013867729841e+02 2.571958838940807723e+01 1.916508598800942877e+02
2.516493755858225256e+02 2.562167802309688369e+01 1.913300868343729633e+02
2.515408288299213382e+02 2.423867072921166965e+01 1.914347857942300664e+02
2.515714747695238316e+02 2.690335538931459780e+01 1.916045549517320126e+02
2.515042848733360188e+02 2.651710285969818770e+01 1.917322851057701882e+02
2.516913526910570909e+02 2.779550467268468950e+01 1.916715692590655635e+02
2.516998769614790774e+02 2.856987552139784015e+01 1.914843890139485723e+02
2.517295742159768110e+02 2.627845486861153290e+01 1.927712443565236811e+02
2.514646788492487701e+02 2.724161152671350550e+01 1.922982559858114087e+02
2.515469352797168483e+02 3.126003193443335348e+01 1.915034991447938637e+02
2.516529391553039261e+02 3.110514614298238456e+01 1.923590375204327358e+02
2.514607224154962921e+02 3.177775882934026441e+01 1.914554332749721368e+02
2.515768548625480321e+02 2.850279678937674888e+01 1.920212550939716039e+02
2.515957906677681990e+02 2.603795498356538829e+01 1.927548034289092413e+02
2.517224799209723756e+02 2.934511547177819679e+01 1.923789927515910279e+02
2.516550664332219185e+02 2.959739244235253608e+01 1.927206810826379240e+02
2.516345326431049045e+02 2.796814893977175842e+01 1.926367003443562851e+02
2.515828286732809431e+02 2.775932831578708004e+01 1.920585784629532782e+02
2.515826455050516586e+02 2.797389410602535165e+01 1.921544360818673454e+02
2.516476538044672964e+02 2.845314177726238114e+01 1.924431433184019511e+02
2.516126547771537503e+02 2.863039683081066400e+01 1.925353994709596179e+02
2.516353499523762594e+02 2.712592499955787062e+01 1.926624095843723410e+02
2.516136767295502068e+02 2.926681800152092805e+01 1.920652457864991050e+02
2.516730598694831542e+02 3.051211815740340683e+01 1.918139528714462188e+02
2.515823246448431121e+02 2.835423472313806315e+01 1.922462703158830948e+02
2.517928139945580028e+02 2.498137621238419470e+01 1.930321832894992724e+02
2.516513702246779474e+02 2.838880298930550339e+01 1.921550411686385758e+02
2.514572169545565998e+02 2.395300913819979627e+01 1.927677212103756688e+02
2.515191227631369486e+02 2.985167163115729494e+01 1.915509637175318574e+02
2.515821730573430273e+02 2.527776640871526936e+01 1.919476391510089286e+02
2.516193562078871082e+02 2.580283519154343708e+01 1.919349752786051795e+02
2.515947586095383883e+02 2.631522494321784933e+01 1.910978295196444776e+02
2.516155311499680352e+02 2.661177683288235940e+01 1.905320961266867243e+02
2.515551829029511453e+02 2.499598545770582447e+01 1.907198650365957349e+02
2.516128202601746864e+02 2.333792138166953478e+01 1.915210643463673250e+02
2.516897168092852439e+02 2.435838569418232424e+01 1.918376384183360130e+02
2.517678816404799136e+02 2.361139028475711754e+01 1.912619848867262533e+02
2.517364929221269847e+02 2.270392434773161838e+01 1.908594303847038134e+02
2.518128576517580370e+02 2.195231183569936206e+01 1.906446397396737211e+02
2.516422446571722276e+02 2.059058869005661663e+01 1.917834496767396502e+02
2.518178524598861543e+02 2.373581962098072040e+01 1.903386856353158407e+02
2.517237848367023787e+02 2.371101106336104891e+01 1.913013243694591665e+02
2.516029973901685537e+02 2.221415018784217565e+01 1.923380552839612960e+02
2.517518121022407058e+02 2.342705104203773914e+01 1.922376828840027088e+02
2.516702466581272404e+02 2.148287440217679745e+01 1.926213799010133698e+02
2.517078075141923819e+02 2.341312646692487220e+01 1.917524209786994334e+02
2.517037904454398642e+02 2.491895753276184777e+01 1.912705660024607823e+02
2.516680473761466885e+02 2.263285886445803641e+01 1.918847265487821119e+02
2.516548226299925943e+02 2.149726637208162572e+01 1.926617047024969054e+02
2.517395638322330740e+02 2.530624843675390423e+01 1.921586729524950101e+02
2.516185250030949021e+02 2.607134465691958880e+01 1.925908994444318125e+02
2.516564597749936070e+02 2.189079762816091446e+01 1.941045322136070013e+02
2.516643019016651976e+02 2.412804848778836231e+01 1.927272574536837055e+02
2.516050046613156326e+02 2.495425847184641199e+01 1.928304178004148355e+02
2.516130413252789708e+02 2.496950312143927420e+01 1.924518254924698795e+02
2.516058068118369704e+02 2.409779288599862213e+01 1.925987946267284201e+02
2.517339437256670465e+02 2.353838574471149059e+01 1.925592985035787308e+02
2.516093097463183312e+02 2.417328977719163774e+01 1.924632084504978309e+02
2.516272766547670585e+02 2.334094934198392579e+01 1.921705447802107471e+02
2.516390057375868707e+02 2.267496481906768580e+01 1.924140473609879507e+02
2.516848495873030345e+02 2.439568506180980378e+01 1.920595839933705804e+02
2.516944122321006603e+02 2.343223028162431021e+01 1.925001048480208965e+02
2.517942742874755879e+02 2.192939685860170584e+01 1.920434715053396815e+02
2.516642400034359923e+02 2.349142267395297168e+01 1.918109299640485119e+02
2.518472061160503301e+02 1.886104858126732253e+01 1.920636566442064463e+02
2.517405403083795079e+02 2.070074606314630117e+01 1.919571727415357429e+02
2.517499437863020546e+02 2.218853190032616496e+01 1.920262726402247608e+02
2.517391153858786197e+02 2.062617511893302691e+01 1.917749873045468689e+02
2.518118735962365804e+02 2.528283322090593899e+01 1.921090836282973555e+02
2.516699952755229219e+02 2.290615849483718236e+01 1.915611857679548962e+02
2.517064634383582131e+02 2.146667222487500482e+01 1.914384668440240489e+02
2.517944637718507011e+02 2.161479974028008400e+01 1.917145228404465627e+02
2.516581297639529851e+02 2.045501261965938156e+01 1.914774500961317472e+02
2.516737079060460758e+02 2.092549600693260103e+01 1.901651760562490665e+02
2.516613762629133646e+02 1.800786739125491565e+01 1.917042174168984729e+02
2.517542476080755591e+02 2.210891056590140380e+01 1.914303670186023112e+02
2.516303652500814678e+02 2.030515069060738753e+01 1.918068143634209264e+02
2.516622403116639077e+02 2.079571184226815461e+01 1.910842359105734829e+02
2.517901410016396824e+02 2.196460684518621420e+01 1.916557106800973145e+02
2.517558544355765662e+02 1.753215297199926326e+01 1.924832078946770082e+02
2.518519533312616261e+02 2.047860342436162640e+01 1.910264280174123428e+02
2.518107632177983817e+02 2.084219741240137225e+01 1.914868295727000884e+02
2.517351779005636558e+02 1.893730719964831621e+01 1.915781698841113609e+02
2.516889967686597913e+02 2.043539340745962107e+01 1.906130147974664624e+02
2.518216383577010333e+02 1.971814957138634483e+01 1.902455224842159396e+02
2.516723221436493816e+02 2.132797471520498434e+01 1.909449737374656024e+02
2.517441544070275938e+02 1.769657109074785595e+01 1.917540151739087548e+02
2.517368996819188851e+02 1.938990326191035507e+01 1.908852368933657715e+02
2.516805735565712041e+02 1.915862873947414258e+01 1.910938263464128113e+02
2.517107306264858835e+02 1.777604083767252519e+01 1.909752571302970239e+02
2.517916088739322618e+02 2.032028164957517546e+01 1.922474059589046362e+02
2.517104969290898850e+02 2.014639941790400002e+01 1.929196750469289725e+02
2.516300873396646409e+02 2.242903052214314386e+01 1.922993562584162532e+02
2.517111677037778179e+02 1.960126423975079035e+01 1.926931490029332110e+02
2.517436642741106141e+02 2.178800235465916657e+01 1.932031360927311141e+02
2.518068232060250864e+02 2.062146832705508359e+01 1.928841378839900926e+02
2.517023036247097707e+02 2.090624692087890324e+01 1.933901887517021976e+02
2.517217030350344089e+02 2.340855863025534944e+01 1.922585590092240864e+02
2.515831886935936552e+02 2.533369461687522417e+01 1.915407934595046697e+02
2.516678288375007355e+02 2.279807660726963192e+01 1.929287235574554416e+02
2.516401224321708980e+02 2.028941590809755269e+01 1.926178378064278149e+02
2.516145660428840927e+02 2.293368046870855181e+01 1.917787934140283994e+02
2.516072418401711843e+02 2.195089828226097950e+01 1.921383198041489493e+02
2.516098579877769907e+02 2.041476740161339620e+01 1.909525796402828632e+02
2.517633011715187195e+02 1.950930747250581732e+01 1.920275876617880897e+02
2.517151418227386444e+02 2.306973025004358036e+01 1.923969495542064294e+02
2.516402879151918341e+02 2.026123579182993950e+01 1.925380067759612643e+02
2.516964018180394191e+02 2.050323891958535683e+01 1.919504056228856825e+02
2.516352248926886830e+02 2.131816826717802016e+01 1.922613747470383601e+02
2.516611008789548407e+02 2.179355677330847385e+01 1.924554130633054569e+02
2.517340018342087546e+02 2.335978029918319621e+01 1.923086409927970806e+02
2.516506186033232950e+02 2.397071708466919659e+01 1.921985821515824568e+02
2.516620407214554405e+02 2.318496580438643662e+01 1.916219003514303552e+02
2.517233768136812841e+02 1.909907127391608483e+01 1.918743453314839655e+02
2.517201315779500703e+02 2.339976781847902032e+01 1.921771426261523743e+02
2.517653122323533239e+02 2.050229907708477128e+01 1.923621804346013562e+02
2.517849175490322295e+02 1.972895902337226559e+01 1.909705553913357505e+02
2.517772788022566317e+02 2.058736745567960469e+01 1.920217288049094009e+02
2.516778651932361583e+02 2.158161976296768003e+01 1.919782257188405481e+02
2.517361341650434099e+02 2.144728292038371720e+01 1.926898747129311857e+02
2.517355379208763679e+02 2.120656828637910607e+01 1.927513901836987884e+02
2.517726743319412606e+02 2.448469597863626745e+01 1.931362531612309965e+02
2.518002342026876477e+02 2.306352021545636788e+01 1.936837657366773442e+02
2.515799977767166524e+02 2.303544115752215049e+01 1.929579976301820921e+02
2.517307717572275578e+02 2.247374630821275687e+01 1.914572636940357881e+02
2.517513977630737827e+02 2.052833801991354434e+01 1.922362428027518320e+02
2.516493225301974803e+02 2.243786302048199843e+01 1.931530578988456739e+02
2.516801301631334127e+02 2.172065581805457768e+01 1.933715346465863831e+02
2.516627266548933619e+02 2.291998580130415775e+01 1.937097175166935870e+02
2.516426552066516535e+02 2.265067923832334174e+01 1.937407361089004496e+02
2.516618626061428188e+02 2.460666201798333219e+01 1.939605986190378815e+02
2.516124640295494430e+02 2.243092410266515913e+01 1.940192124524078281e+02
2.515819254644262060e+02 2.319721154793575835e+01 1.937741093602754745e+02
2.516673652323962642e+02 2.517348810417092864e+01 1.935973242279774809e+02
2.516354510107096587e+02 2.159991637422911381e+01 1.938668316443959441e+02
2.516242992236193459e+02 2.298004476884169378e+01 1.930940941509963125e+02
2.516827374681350307e+02 2.143797039496122991e+01 1.938043384342527133e+02
2.516154578826763384e+02 2.340302568650189130e+01 1.937207391911796321e+02
2.516339300827920340e+02 2.150130617895915108e+01 1.931584670461407143e+02
2.516772904239649620e+02 2.305330827086665124e+01 1.923710306181485521e+02
2.517111664405486522e+02 2.043096705245685385e+01 1.920409122030464175e+02
2.516916823938697974e+02 2.039142292659880695e+01 1.928985071157698883e+02
2.515739279605670333e+02 2.189451025868406830e+01 1.924221901362013796e+02
2.516960430609558728e+02 2.128479880549049952e+01 1.928337021962502433e+02
2.516869351786585014e+02 2.218674822074171615e+01 1.918912915507654020e+02
2.516863995694914991e+02 2.003286417002054165e+01 1.927019890806470812e+02
2.517100598517979506e+02 2.081710083853151971e+01 1.925210845580340049e+02
2.516993059818954066e+02 2.220621079252471475e+01 1.926408197346713393e+02
2.516659453628120389e+02 2.240960711046433929e+01 1.919334391919375662e+02
2.516115406090280544e+02 2.468982418376447185e+01 1.928779745888820685e+02
2.516483650024885605e+02 2.192303018359772793e+01 1.931976460987693542e+02
2.516586123174949705e+02 2.167460606198412876e+01 1.923101859220688539e+02
2.516700458046896074e+02 2.182502002218230430e+01 1.926165720508020343e+02
2.517603010022460239e+02 2.049415251218384526e+01 1.917583429970364648e+02
2.517769187819439196e+02 1.904933162544750047e+01 1.920275762927255698e+02
2.517712759372528808e+02 2.085938617168294940e+01 1.914841262622817339e+02
2.517068095631501023e+02 1.753169315658230687e+01 1.924838041388440502e+02
2.517993284673745791e+02 1.784649365479989314e+01 1.915241428358484086e+02
2.517307452294150494e+02 1.694283509048510439e+01 1.918391757682328205e+02
2.517355139195221909e+02 1.651959521084557991e+01 1.911038525963149084e+02
2.517424263095265076e+02 2.038928427961830181e+01 1.910625311070182590e+02
2.516389387864410025e+02 1.893475547673005721e+01 1.911780104645904146e+02
2.517057282389827435e+02 1.870193728825121227e+01 1.915274310213713136e+02
2.518293882686433562e+02 2.002035188511688801e+01 1.916721162372950857e+02
2.517625268120390842e+02 1.701217752917427717e+01 1.916608040201004997e+02
2.517968184310188349e+02 1.912676252049589465e+01 1.908483417590718716e+02
2.516993653536662805e+02 1.628673659903337878e+01 1.903709687199193468e+02
2.517557116906806414e+02 1.671400617971708868e+01 1.915686122922303696e+02
2.515906240604733171e+02 1.879866274560333039e+01 1.909897804760352926e+02
2.517652591767282786e+02 1.925169967484481148e+01 1.908446556563612546e+02
2.517211244760757154e+02 2.027653349704783281e+01 1.911147365788217201e+02
2.516324963176869858e+02 1.800171799166773923e+01 1.917454643756742598e+02
2.517000045476250136e+02 1.818755921386722463e+01 1.915364163704394400e+02
2.517586638572450113e+02 1.720400645762750358e+01 1.919481330736134055e+02
2.517234046047229583e+02 1.831486113321762232e+01 1.912710965587110934e+02
2.517185007490948863e+02 1.841521584796784339e+01 1.920319773831449766e+02
2.516230296783060680e+02 2.024312361202695243e+01 1.903809128599255587e+02
2.517159452364891195e+02 1.929849220966572432e+01 1.920113715889654316e+02
2.517814499849675656e+02 1.888085980430053823e+01 1.914393965806912945e+02
2.516814249730300617e+02 2.097174408998234085e+01 1.910565092935769940e+02
2.517504932909898798e+02 2.016703805604189981e+01 1.919700602055021079e+02
2.516816144574051748e+02 1.862594142153704624e+01 1.903934365138917428e+02
2.518490706423015126e+02 1.673794816212788561e+01 1.920135291843834580e+02
2.517309309241026654e+02 1.532757300832973257e+01 1.911904886423065477e+02
2.517904517560148747e+02 1.632015280020009484e+01 1.915674008554587999e+02
2.517874642190338363e+02 1.800060508677121263e+01 1.917806667828837419e+02
2.516709578561485046e+02 1.848512168686569979e+01 1.910792411024453656e+02
2.518110386017569056e+02 1.783799717541958074e+01 1.913179787828028964e+02
2.518147373367592081e+02 1.953991172554577815e+01 1.908934175654542287e+02
2.518798871178416050e+02 1.677243937131610707e+01 1.908528135903246721e+02
2.517895043341392807e+02 1.738005133763336474e+01 1.911313164616445590e+02
2.517603553211002350e+02 1.898187139821783731e+01 1.912971595028940612e+02
2.517223775994098105e+02 1.892900525755979402e+01 1.915218450219928172e+02
2.517138520657586582e+02 2.284522537271576681e+01 1.915242097869943052e+02
2.516655310236451157e+02 2.314296469779768728e+01 1.924177562018236074e+02
2.516100537882979609e+02 2.315970248426648226e+01 1.928904957163898928e+02
2.516506426046774720e+02 2.432012121947090932e+01 1.929127980273413243e+02
2.517072731682545452e+02 2.343609449964755953e+01 1.925929610344331024e+02
2.516409031077963903e+02 2.643217217308260913e+01 1.922362465924393291e+02
2.516111351124652913e+02 2.781842722915735067e+01 1.927158580736765714e+02
2.514758761125890771e+02 2.995738749049419880e+01 1.920455924671118169e+02
2.516221315223679937e+02 2.605851656472407285e+01 1.926756419099014295e+02
2.515720166948366909e+02 2.586382515897739154e+01 1.931760815136517238e+02
2.516818014153219565e+02 2.491098655671520135e+01 1.933961954063934456e+02
2.516097859837144597e+02 2.555480898711758897e+01 1.925254591206409032e+02
2.516330357165414853e+02 2.503124976314452965e+01 1.928415455861509713e+02
2.515104481684440429e+02 2.551693106053141591e+01 1.931666414020833145e+02
2.516188370206992602e+02 2.632193774301370937e+01 1.931209339811172470e+02
2.514959134536432828e+02 2.522708060160026022e+01 1.932298319147269865e+02
2.515456998415910732e+02 2.779283546945385552e+01 1.929301560593313525e+02
2.516286523113303986e+02 2.622279825472258352e+01 1.923916364123280971e+02
2.516887441228263071e+02 2.887099272127353800e+01 1.931834499293854890e+02
2.516271945448711733e+02 2.751521812178034310e+01 1.928005032705003146e+02
2.516853940390741968e+02 2.732260851770163157e+01 1.932461983118205353e+02
2.516640833630192162e+02 2.515310337509568939e+01 1.935741439727546833e+02
2.516164457278852922e+02 2.536606739074962391e+01 1.933508429528234558e+02
2.516303551442481421e+02 2.567347168219175302e+01 1.924142848480714179e+02
2.515505215873232316e+02 2.713708057633567705e+01 1.920583157112864399e+02
2.516301492378938462e+02 2.794188766860951390e+01 1.928710760943986031e+02
2.516075361725672224e+02 2.563336289289585324e+01 1.931581171316613279e+02
2.515822463246347240e+02 2.737477482940090212e+01 1.934542319440338929e+02
2.516037300630856635e+02 2.498058922061286680e+01 1.931695354601059478e+02
2.516808817844880650e+02 2.504600301659125350e+01 1.931443226691527002e+02
2.515155099277180284e+02 2.906385370795657508e+01 1.931657482990619314e+02
2.516566025198895318e+02 2.932159667113849721e+01 1.937359307851474455e+02
2.514886700975970939e+02 2.848347190957300157e+01 1.931145369886132528e+02
2.515239710366816439e+02 2.950242540000151692e+01 1.941952206987678551e+02
2.515689407318139104e+02 3.151363403240435446e+01 1.941312242459153481e+02
2.516623363170806158e+02 3.063311656320819765e+01 1.935784541106740448e+02
2.515376303336693411e+02 2.871410344836298023e+01 1.933349679518760240e+02
2.516904330602231994e+02 3.000448699000280328e+01 1.938049536268572695e+02
2.516903964265773368e+02 3.033263224114539369e+01 1.929919443875991192e+02
2.516682709677093328e+02 2.791143121338214428e+01 1.936899012407436942e+02
2.515511506754486390e+02 2.914306954581858378e+01 1.927927773609121402e+02
2.516485620662386964e+02 3.087373771825441793e+01 1.930142605940714020e+02
2.515183142964697822e+02 2.859630732849769075e+01 1.929041246958775844e+02
2.516663483329164706e+02 2.766717448479198538e+01 1.928413245210466584e+02
2.516071028849627851e+02 3.198063596009206577e+01 1.927749557238176692e+02
2.515903272016189476e+02 2.975543251703464520e+01 1.931987817417908957e+02
2.516263115476831160e+02 2.882099790051312382e+01 1.927149055988843145e+02
2.515591544954536403e+02 2.958808496984671876e+01 1.926518388826990531e+02
2.517099158436728601e+02 3.121877613305340304e+01 1.929220044415137636e+02
2.515728946391080569e+02 2.732153098322179119e+01 1.929407179184004519e+02
2.516093160624641598e+02 3.054103726273398323e+01 1.939370444479814921e+02
2.516401413806084122e+02 3.041424316150890306e+01 1.938118748594657461e+02
2.516183734155948173e+02 2.907449641369239401e+01 1.925689470479597674e+02
2.516459951845704097e+02 3.219707890887317348e+01 1.927744921187132263e+02
2.515412974879424723e+02 3.017164884250311374e+01 1.935424811336723963e+02
2.515073646260462681e+02 3.254642114544567733e+01 1.932259196939953654e+02
2.513490858010515012e+02 3.100105984927149549e+01 1.941550790655136041e+02
2.515569754251397683e+02 3.128421140392763178e+01 1.942044637465861285e+02
2.515956908726639654e+02 3.220247163418904535e+01 1.940990586416244241e+02
2.515947156597466972e+02 3.450209317073047544e+01 1.943275944832255675e+02
2.515215532160551390e+02 3.552850602939281544e+01 1.945513515288862720e+02
2.516081349431925958e+02 3.360217881766802606e+01 1.948315205994780399e+02
2.515732988724416543e+02 3.671167425867396616e+01 1.949842222676984704e+02
2.515398157201290417e+02 3.579057302601493973e+01 1.952323659524369077e+02
2.516167754306979987e+02 3.137146137929466505e+01 1.949822048907180374e+02
2.514034665534813371e+02 3.546097253487143774e+01 1.937778851522569994e+02
2.514537342317419188e+02 3.536862795627205713e+01 1.958776840461735560e+02
2.515657460252494104e+02 3.306970372223106835e+01 1.947023579435639817e+02
2.515321630778325925e+02 3.408339712640628960e+01 1.947002559302293321e+02
2.515788608704659453e+02 3.461369820444605949e+01 1.956751100904219527e+02
2.516266816738291823e+02 3.427030830371060688e+01 1.951916204956405920e+02
2.515512024678444902e+02 3.243874980735755287e+01 1.953838776587815858e+02
2.514702699015439293e+02 3.367769718375689081e+01 1.950437746803398511e+02
2.516270290618502372e+02 3.512389246382743124e+01 1.946434813585271684e+02
2.515154808734471885e+02 3.328769917965897918e+01 1.942391810737953222e+02
2.516029077008976458e+02 3.659796089547788966e+01 1.940376783363777236e+02
2.514001392078542665e+02 3.611260551121620921e+01 1.939271104138086059e+02
2.515174894078234331e+02 3.473490630629265041e+01 1.944185431935949282e+02
2.515692931727516282e+02 3.452068916730459591e+01 1.949005724954587038e+02
2.515899217050562129e+02 3.503597171377248287e+01 1.949000722567083699e+02
2.516151749193428202e+02 3.440314569327279770e+01 1.947073818059629389e+02
2.514754541940471597e+02 3.817007359573129577e+01 1.947241069601400625e+02
2.514605720912253446e+02 3.891121520119450850e+01 1.946235652874730704e+02
2.515714116080654605e+02 3.717559769688057969e+01 1.958983125784781123e+02
2.515710477980652513e+02 3.891192513598662117e+01 1.958315761815613882e+02
2.515317019991864811e+02 3.869695005949809286e+01 1.963031611046686464e+02
2.515021929658346949e+02 4.032115706738822070e+01 1.956582864043697612e+02
2.514315064513113498e+02 4.121087968752762976e+01 1.953153196854053988e+02
2.516121280105909079e+02 3.302457359699452866e+01 1.954849650464489343e+02
2.515748147474425878e+02 3.381186728009075182e+01 1.944448120441321635e+02
2.515404485979419462e+02 3.677286002662886943e+01 1.943657503202285852e+02
2.515246304423070569e+02 3.625221759880346895e+01 1.940182511350114112e+02
2.514262994206831081e+02 3.901552887615553544e+01 1.933141196176963206e+02
2.515390009373160467e+02 3.501319569188324721e+01 1.947832425071561886e+02
2.514530002955956149e+02 3.855883995139094367e+01 1.939478677954882642e+02
2.516241122657025642e+02 3.903056004001909685e+01 1.945295759844976544e+02
2.515208495974088692e+02 3.590762763035893101e+01 1.940671027333752647e+02
2.515111164166736160e+02 3.711709250121901960e+01 1.936232065303894956e+02
2.515332633504374655e+02 3.759731664860248657e+01 1.933253497249950215e+02
2.515654895897284291e+02 3.560098506610478353e+01 1.940756611109847825e+02
2.515578091563903058e+02 3.505465613638832423e+01 1.937807804735088268e+02
2.515022839183347685e+02 3.507859559234078972e+01 1.935975844531859877e+02
2.515227217030350459e+02 3.602393440303579553e+01 1.942230370050352235e+02
2.515905444770357633e+02 3.665658483468119755e+01 1.941385787661282905e+02
2.516542213329088895e+02 3.550090068239639862e+01 1.937229233144101670e+02
2.514386146418366366e+02 3.758992423151453721e+01 1.936292346599766176e+02
2.515109837776110453e+02 3.611102015861105485e+01 1.939238234915148951e+02
2.515823739107806603e+02 3.573486840941762921e+01 1.939803656290502261e+02
2.515703125986897817e+02 3.639719083097740793e+01 1.936951272198094500e+02
2.515800773601542062e+02 3.702215198668051244e+01 1.939851305294698705e+02
2.515276634555381179e+02 3.667587181760991655e+01 1.938273569961421003e+02
2.514686138081053741e+02 3.639498017993436463e+01 1.937184919064907263e+02
2.515708229432734413e+02 3.527371396954607263e+01 1.943957355909764999e+02
2.515498647081561785e+02 3.751695253542726505e+01 1.932009974457506303e+02
2.515761752452559392e+02 3.344642139809151615e+01 1.936288759028930428e+02
2.515690758973348409e+02 3.636141997064255094e+01 1.929757434735265065e+02
2.516139938000712561e+02 3.480683710154593768e+01 1.938827028556558503e+02
2.515070172380252131e+02 3.280306257279357851e+01 1.933472288541753414e+02
2.514841527900942708e+02 3.745100060382354457e+01 1.929493091399683067e+02
2.515422070129430381e+02 3.537151696137803469e+01 1.935314101932488029e+02
2.515361965685642929e+02 3.502519005282824338e+01 1.935527057105537665e+02
2.514929170740580844e+02 3.274700172557104594e+01 1.927897355050769193e+02
2.515127295603204516e+02 3.395972193799565986e+01 1.923517322661573417e+02
2.515701989080646968e+02 3.229494379893434086e+01 1.935117316092781721e+02
2.516640265177066738e+02 3.004472715513212222e+01 1.921655499720826299e+02
2.516058712365245071e+02 3.174564249098686020e+01 1.921501297336355094e+02
2.516039864986066448e+02 3.310537099777418746e+01 1.914030282129602369e+02
2.516559254290557988e+02 3.075591886026411714e+01 1.916656661891660463e+02
2.515156577255306161e+02 2.946623893727056753e+01 1.922749317224634922e+02
2.516155058853846924e+02 3.006295555201851499e+01 1.915824977072390709e+02
2.516693194479183262e+02 3.029079535434841475e+01 1.916883866289718981e+02
2.517093158098183210e+02 2.755103572159439906e+01 1.917293935742058579e+02
2.516295769950809813e+02 2.973542675670964286e+01 1.914233788348479379e+02
2.515605945767045455e+02 2.941395009234205205e+01 1.916863553564706422e+02
2.516008524270422129e+02 2.983387399541700447e+01 1.915516193334697732e+02
2.516371134202940425e+02 2.922885796503886979e+01 1.918841947293026351e+02
2.516996167362705989e+02 2.786898418689728274e+01 1.919760554911308645e+02
2.515798651376540818e+02 2.733858331375328277e+01 1.914973977479150449e+02
2.517046898646071043e+02 2.642551242891178020e+01 1.913385113096907446e+02
2.517039281374191262e+02 2.802237052532648320e+01 1.912066706079416747e+02
2.517461553620288441e+02 2.710198175391790443e+01 1.918559287134516183e+02
2.516167981688230100e+02 2.813049536268572481e+01 1.907582330960989054e+02
2.516822397558430566e+02 2.534712274292528633e+01 1.910596421019122886e+02
2.515922384673493184e+02 2.904177246210944219e+01 1.912914774980988284e+02
2.517318695033740710e+02 2.524759670650891508e+01 1.913512913991778817e+02
2.516399973724833217e+02 2.606901526233480126e+01 1.912987461187283884e+02
2.517094926619017770e+02 2.469797959126957210e+01 1.912096429861726961e+02
2.516176748498652103e+02 2.826205689078878436e+01 1.907240652735775370e+02
2.516808097804255056e+02 2.582996556437289470e+01 1.901667639353125594e+02
2.517037740234606815e+02 2.540422575421097307e+01 1.911320074479991717e+02
2.516829724287601948e+02 2.561381947444613871e+01 1.906551359108261181e+02
2.516212851588257990e+02 2.742619836234970876e+01 1.903455500226118033e+02
2.516562096556184542e+02 2.724076642640048007e+01 1.906993805124162691e+02
2.516326668536245847e+02 2.763102718216522646e+01 1.905289191053305728e+02
2.516339389253962224e+02 2.569392967855870680e+01 1.905967709336021585e+02
2.514983464330198046e+02 2.476432565037353584e+01 1.915484726296136273e+02
2.516397624118581859e+02 2.762463776903623369e+01 1.904682184173759651e+02
2.516335814315418133e+02 2.488366290982312279e+01 1.913982468905614098e+02
2.517269100656626506e+02 2.663880867383675621e+01 1.910213738375133516e+02
2.515976198236026846e+02 2.662809017435089132e+01 1.900355169512722000e+02
2.516160541268433803e+02 2.548236153113480995e+01 1.908946959533716949e+02
2.516638799831232518e+02 2.739222128743263696e+01 1.901510228366568924e+02
2.517456399645285217e+02 2.432263757197248211e+01 1.917787719391325538e+02
2.517480716806758778e+02 2.470423383887764501e+01 1.906598793363499169e+02
2.516474681097796804e+02 2.814887029415554309e+01 1.894291922154765757e+02
2.517242181243068160e+02 2.575064614171915522e+01 1.899909742275985138e+02
2.517276098946214233e+02 2.383835466927397206e+01 1.915813986978633636e+02
2.517747952937134244e+02 2.457131307619040328e+01 1.910849142646364101e+02
2.516454090462367219e+02 2.593106558433191466e+01 1.896326832756037675e+02
2.516898557644936716e+02 2.401712812428153754e+01 1.901957411491848404e+02
2.515744812549423841e+02 2.435254704897034017e+01 1.899949293981218261e+02
2.517327903974371566e+02 2.494573167496608335e+01 1.896847068424071097e+02
2.518146514371758258e+02 2.248095808352976377e+01 1.910163120782393662e+02
2.517605751229753537e+02 2.468877570355548556e+01 1.905099731942770802e+02
2.515805384388003461e+02 2.529868169404084099e+01 1.909048081028571744e+02
2.517584731096407040e+02 2.512258881132661870e+01 1.904357546910015060e+02
2.516358754557099360e+02 2.589180568503654456e+01 1.912403988267127488e+02
2.516877777525131989e+02 2.294649466538322713e+01 1.915820126272387540e+02
2.516669395241668497e+02 2.673071112222752888e+01 1.907051749446073927e+02
2.517183592674281272e+02 2.558533744640750385e+01 1.920635164257688530e+02
2.516494968558226049e+02 2.536059381876703611e+01 1.919571992693482514e+02
2.517311014600402643e+02 2.570372854721066247e+01 1.922361518502517583e+02
2.517225595044099293e+02 2.377801905454876064e+01 1.915516231231572704e+02
2.516666843518750056e+02 2.569657361720619093e+01 1.905080492962550238e+02
2.516977383144985936e+02 2.313111308174861236e+01 1.921731899820874219e+02
2.517055741250243273e+02 2.594144301194256741e+01 1.920788431852575968e+02
2.516105237095482323e+02 2.643362993954185214e+01 1.912381591213988372e+02
2.516575297300984460e+02 2.500535230198251213e+01 1.912124612504453012e+02
2.516756444363597893e+02 2.321346551763341637e+01 1.917470623605710784e+02
2.516663066463539451e+02 2.816921333666825689e+01 1.909371909825649141e+02
2.516383880185239832e+02 2.479735656664418286e+01 1.916176470588235361e+02
2.516917367127240084e+02 2.593411249308381983e+01 1.910300231676229430e+02
2.516526915623871048e+02 2.339660469264371301e+01 1.913534578372000681e+02
2.516230574693477422e+02 2.172378862638986874e+01 1.911495726495726615e+02
2.517761406327767588e+02 2.384276965521423008e+01 1.909671017227919378e+02
2.516954000773096141e+02 2.083878543042007436e+01 1.918624747669973942e+02
2.517226466672224774e+02 2.551239985750774864e+01 1.911456212687368463e+02
2.516702201303147319e+02 2.424521930921576285e+01 1.911889058161597461e+02
2.517569749198481190e+02 2.182919373135158025e+01 1.911093034301724742e+02
2.516081766297551212e+02 2.358152502078011992e+01 1.912363956534810825e+02
2.516293988797683880e+02 2.431594372061413267e+01 1.911726670052120767e+02
2.515864756158873945e+02 2.327016303235635064e+01 1.923626617249141759e+02
2.516465598480082804e+02 2.564662427269580647e+01 1.907780468455904384e+02
2.514886675711387625e+02 2.650805182271336591e+01 1.910515965953447619e+02
2.516563018713476936e+02 2.385838948386982850e+01 1.914424207513181670e+02
2.516368405627938500e+02 2.663114339924863216e+01 1.921808325185505169e+02
2.514664334745623648e+02 2.664836121280105985e+01 1.914011725293132429e+02
2.515944112215173334e+02 2.564944506342673591e+01 1.920722415496284725e+02
2.516383652803989719e+02 2.421959217909557793e+01 1.922403697724419089e+02
2.517143447251339694e+02 2.643209511610339391e+01 1.920987049374575122e+02
2.516701418101063439e+02 2.818538393324086400e+01 1.910449583260697750e+02
2.515848965794280616e+02 2.548529853894914510e+01 1.915850986960948603e+02
2.516807428292796374e+02 2.487781921169446875e+01 1.912713037282945550e+02
2.516502699520730744e+02 2.199100833478604855e+01 1.924149227788009853e+02
2.516513298013445876e+02 2.301809070490714149e+01 1.910978333093319748e+02
2.517128869586747157e+02 2.605287119357470971e+01 1.912957459494556645e+02
2.517470737296335983e+02 2.157297674900394213e+01 1.921793785417787888e+02
2.518019054548761915e+02 2.183199810010333053e+01 1.920864579306790461e+02
2.517520988552617212e+02 2.359659281828953681e+01 1.912044574304403000e+02
2.516811571684465605e+02 2.491890953005348663e+01 1.914497386378852468e+02
2.516363390608143789e+02 2.365772426739024326e+01 1.914451240617365499e+02
2.516452561955074430e+02 2.433387652187533945e+01 1.913229319043684882e+02
2.517223523348264678e+02 2.619754883012346625e+01 1.910445338810694977e+02
2.516235640242439047e+02 2.354180783252612841e+01 1.919128472932788725e+02
2.516871347688669687e+02 2.459022235359805464e+01 1.921834726675105003e+02
2.517029958742935492e+02 2.612648587330821925e+01 1.920709353706693321e+02
2.516772575800066249e+02 2.799137088155710629e+01 1.914445770835070277e+02
2.516925009663703179e+02 2.426063828443373183e+01 1.928849008744072364e+02
2.516200446677833611e+02 2.833972022000399349e+01 1.927819805412179051e+02
2.516613939481217130e+02 2.958349439505218470e+01 1.924115385878613722e+02
2.516642437931234895e+02 2.837957762669556772e+01 1.925270002602252077e+02
2.516832073893853305e+02 2.914582970154947716e+01 1.918561156713683999e+02
2.515899836032854182e+02 3.098518863801157508e+01 1.914862851209289261e+02
2.516396209301914269e+02 3.010337130600210642e+01 1.924621612335180316e+02
2.515364239498144343e+02 2.972197083961789943e+01 1.923879263082632747e+02
2.516515900265530661e+02 2.758350450088552464e+01 1.927875993845547384e+02
2.516070763571502482e+02 2.868378973803153542e+01 1.925904497348481925e+02
2.516422585526930789e+02 2.907677148942298118e+01 1.926602848329126800e+02
2.516941583230380104e+02 2.595587287872242044e+01 1.934041461707734300e+02
2.516077787125673524e+02 2.788368312148980266e+01 1.928186381884283094e+02
2.514998244111457097e+02 3.019534575845542435e+01 1.918446329182362149e+02
2.515683684890010738e+02 2.787520685377617014e+01 1.927706177948566335e+02
2.516210678834090118e+02 2.968068724719626417e+01 1.924087885379638294e+02
2.515963060652685215e+02 2.646837505779273414e+01 1.931047810697529883e+02
2.516043465189193853e+02 3.011148755340301264e+01 1.932479188299466273e+02
2.516437314779023211e+02 3.111948505726217817e+01 1.928653233487700049e+02
2.516736081109418421e+02 3.131051815133990601e+01 1.947371498012940378e+02
2.514849713625947629e+02 3.527875930684088956e+01 1.945485522130511811e+02
2.516590039185368823e+02 3.468153361073845531e+01 1.958756691956514544e+02
2.515864528777623548e+02 3.616149247999676675e+01 1.952624939680807188e+02
2.515800887292167261e+02 3.912243722382652322e+01 1.952007031133545922e+02
2.514383708386073124e+02 3.553106659491525221e+01 1.954521994083034713e+02
2.514439783128816543e+02 4.082735067999625755e+01 1.937806971003837759e+02
2.515368989239813970e+02 3.843386363693782926e+01 1.947576355887026978e+02
2.514042699672318406e+02 3.486115342928822258e+01 1.951836722577189676e+02
2.515466043136749477e+02 3.991619232411428442e+01 1.953249252799947442e+02
2.514520692956992036e+02 3.796576017341610054e+01 1.950594740924329926e+02
2.514030345291060655e+02 3.812273029299337423e+01 1.955397955084623618e+02
2.515800104090083380e+02 3.826077850287131810e+01 1.959862270123872179e+02
2.514961345187475956e+02 3.790378741368986937e+01 1.958332044839582409e+02
2.514889947474931091e+02 3.320584192960782133e+01 1.967859862409079028e+02
2.514958566083307403e+02 4.272176998618027000e+01 1.953355010345846949e+02
2.514818764511344966e+02 3.877839802329899754e+01 1.955908868121401269e+02
2.515110709404235934e+02 4.201531286396790676e+01 1.955488617041972077e+02
2.515085886951095233e+02 4.300449583260697750e+01 1.961030618148560905e+02
2.515743814598381505e+02 4.138860339909704322e+01 1.957290171319139631e+02
2.515641669887901060e+02 3.908492184401141145e+01 1.958452001081324170e+02
2.515022472846889059e+02 4.367618130875594318e+01 1.944892587623891131e+02
2.515505405357607458e+02 4.308560904067850572e+01 1.959676019615422433e+02
2.514242555158901666e+02 4.418554436334513014e+01 1.957339677270212235e+02
2.515597027369123282e+02 4.003419940325053972e+01 1.956862050321997231e+02
2.514846391333237250e+02 4.368076683063381438e+01 1.948668480663751268e+02
2.515444732460694581e+02 4.315891801895349289e+01 1.962773596489233512e+02
2.515197202705331563e+02 4.300598896948290673e+01 1.956177266422610899e+02
2.514738006270669644e+02 4.111045044225652845e+01 1.956862593510539057e+02
2.514918685938490910e+02 4.088574597472025829e+01 1.956577849023902900e+02
2.515579354793070479e+02 4.368515276230321831e+01 1.949819812991553931e+02
2.514855334995743021e+02 4.413968914456647497e+01 1.950450404359656602e+02
2.514434717579854919e+02 4.479438545164232721e+01 1.949324576628744410e+02
2.515032667106270310e+02 4.208854983818034157e+01 1.965099921427145659e+02
2.514621321792471633e+02 4.597994750019579868e+01 1.956088335089221744e+02
2.514338787956878321e+02 4.504155644992180640e+01 1.958903908683689963e+02
2.515182612408447369e+02 4.300302164416855533e+01 1.962196515508664447e+02
2.515230261412643813e+02 4.527386303058783312e+01 1.961661386368746776e+02
2.515097407601102475e+02 4.125049329098989404e+01 1.963343502328131365e+02
2.515539285163878844e+02 4.024244778442236026e+01 1.961449921806114673e+02
2.515770797173398421e+02 4.262350591570218938e+01 1.943493826599058707e+02
2.514814254783217109e+02 4.054447577252779666e+01 1.948446392343820719e+02
2.514604457683086025e+02 4.009440869505900196e+01 1.951259009982036901e+02
2.514870733759294126e+02 4.117210739469089731e+01 1.951935393407459571e+02
2.514140675726546306e+02 4.115518138707615492e+01 1.946583849362448291e+02
2.514949622420801916e+02 4.246755901175055925e+01 1.953908228927442678e+02
2.514831257847811230e+02 4.393097968474852877e+01 1.962131421309665598e+02
2.515210504508465021e+02 3.818448577730280391e+01 1.970252330026199274e+02
2.515287548855388025e+02 3.946050008716281354e+01 1.960776544866110385e+02
2.515805927576545287e+02 4.421973239753316420e+01 1.955226863326183491e+02
2.514340720697504707e+02 3.777953113986220757e+01 1.958518838536574265e+02
2.516561856542642772e+02 4.020941686815172034e+01 1.951070068795460486e+02
2.514673505789379249e+02 4.158510501224068889e+01 1.951177847508027696e+02
2.515475315238838618e+02 4.074270421994335578e+01 1.948174545426984139e+02
2.515248894042863981e+02 3.943444219589652988e+01 1.947993524687287561e+02
2.514911207621819642e+02 3.900827415104684093e+01 1.947574802115150874e+02
2.513663351953331357e+02 3.836966759387687631e+01 1.938763930259644042e+02
2.514070654933794060e+02 3.885951123137052576e+01 1.942828370105934539e+02
2.515316476803322701e+02 3.754048396835863599e+01 1.942642637521443305e+02
2.515523343211785345e+02 3.910994641381871872e+01 1.943993256882704088e+02
2.515668349287917636e+02 3.602222778043056195e+01 1.937594887458913604e+02
2.516240465777858617e+02 3.359452617537157693e+01 1.948490542203223299e+02
2.515248641397030269e+02 3.698273418373921118e+01 1.935698881536895044e+02
2.515118642483407427e+02 3.586537135147835897e+01 1.937903923842440008e+02
2.514701296831063360e+02 3.705689205201472447e+01 1.941744658435465283e+02
2.515192478228245250e+02 3.794316479329781089e+01 1.941761888881309517e+02
2.515599402239957953e+02 3.610886256319303556e+01 1.935825823435932875e+02
2.515824130708848543e+02 3.494431433184019653e+01 1.940281876956426288e+02
2.515186351566783003e+02 3.592555411547430566e+01 1.933789396959660110e+02
2.515824421251556942e+02 3.450682775365010002e+01 1.934666608558125063e+02
2.515093971617767181e+02 3.504718539909199393e+01 1.937634439164146443e+02
2.515764139955686005e+02 3.917931032740373354e+01 1.945340023395004323e+02
2.514359694399599903e+02 4.015578521061819828e+01 1.941092036350682406e+02
2.513948336453509285e+02 3.973167749254063352e+01 1.944859743665537337e+02
2.514809530306131080e+02 3.994847288225945903e+01 1.938139238171753789e+02
2.515810614156756628e+02 3.781004444040210899e+01 1.935756750065056337e+02
2.514890831735348513e+02 3.808412095671923936e+01 1.932738630305878189e+02
2.515263913837665086e+02 3.439368915972521989e+01 1.942464332724456995e+02
2.515636920146231432e+02 3.930371187258565158e+01 1.934434894431938403e+02
2.514526668030954113e+02 3.799929638135373011e+01 1.939972120532274289e+02
2.515123720664660709e+02 4.019973169012483538e+01 1.940796642842164488e+02
2.515230299309519069e+02 3.933092561854016367e+01 1.936253729684116820e+02
2.515325205716870016e+02 4.078125165798828533e+01 1.936201154086167264e+02
2.514884932455136379e+02 3.989336577305835618e+01 1.936543564984298200e+02
2.515380952020029781e+02 3.640332507181457800e+01 1.940848283650530277e+02
2.515834223909896252e+02 3.857624345963098733e+01 1.930777782830694491e+02
2.516018225870428182e+02 3.909327178880829479e+01 1.935811485784882109e+02
2.515107273420900356e+02 3.409810869329048444e+01 1.941599336552041279e+02
2.516301745024771890e+02 3.788829390795101659e+01 1.935927766029746522e+02
2.515632738857687229e+02 3.540575931442026558e+01 1.944495542064267966e+02
2.514793550457162610e+02 3.858287162307262719e+01 1.934953727915596176e+02
2.515228012864725713e+02 4.077936060392460149e+01 1.941270947497669397e+02
2.515945691251632752e+02 4.006742990972964691e+01 1.933832700455520524e+02
2.514333444497499954e+02 4.113494824550100759e+01 1.931156448405931201e+02
2.513697181230435831e+02 3.706523694389493784e+01 1.945121724762576036e+02
2.514331966519374078e+02 4.050669890427501940e+01 1.934476391510089286e+02
2.515940890980796496e+02 3.882379342666070698e+01 1.938807701150296339e+02
2.515092342052141134e+02 3.726487894474887952e+01 1.936711966064611659e+02
2.515209329705339201e+02 3.665525339113870018e+01 1.933215107715550971e+02
2.515401946888792963e+02 3.847266624727458151e+01 1.932536185199501801e+02
2.515756371096306054e+02 3.943447756631321255e+01 1.934243249934943663e+02
2.515759466007766321e+02 3.439071804472336424e+01 1.936470184001960604e+02
2.516176003193443194e+02 3.569519796064282957e+01 1.925202419841793073e+02
2.515877982168257176e+02 3.685335298917917868e+01 1.921173337779900123e+02
2.515779185015070425e+02 3.507095305587768053e+01 1.925604240407669181e+02
2.515473243543004003e+02 3.425196368974081196e+01 1.934643819903944006e+02
2.515664698555623886e+02 3.674006028129586809e+01 1.933005247453961601e+02
2.515483020936760283e+02 3.760266768735583298e+01 1.930234088997021331e+02
2.516174108349692062e+02 3.617743064240256246e+01 1.935013289170841517e+02
2.515689394685847446e+02 3.601184277344490425e+01 1.934351230764177956e+02
2.515068024890667573e+02 3.577452875235908181e+01 1.934406787582962579e+02
2.515598644302457387e+02 3.728996793924373065e+01 1.931988828001242950e+02
2.515980947977696474e+02 3.557885076463261242e+01 1.933221651242638472e+02
2.514786905871741851e+02 3.708804202005502759e+01 1.923446430240695690e+02
2.515210832948048392e+02 3.138079285315466294e+01 1.928754456040888101e+02
2.515629681843101935e+02 3.039845279691569857e+01 1.926089130923597281e+02
2.515680931050425500e+02 3.367619646750595308e+01 1.927310597734777389e+02
2.515950428361010722e+02 3.267425235781723813e+01 1.924126110694245426e+02
2.516028609614184575e+02 3.342111007526319355e+01 1.923663528805414842e+02
2.515337572730419424e+02 3.518586775001200095e+01 1.921909509841818533e+02
2.515052424010449386e+02 3.046818683664678318e+01 1.920422790170055976e+02
2.516372864826899729e+02 3.335850570095323064e+01 1.916657154551035660e+02
2.515584508768073704e+02 3.105223073638681086e+01 1.914257941290161114e+02
2.515648946087905529e+02 3.175878639047424201e+01 1.920196735310539680e+02
2.516592287733286923e+02 3.217127240021121537e+01 1.917642069068317880e+02
2.515429346329435134e+02 3.043874222798254792e+01 1.918600241024125239e+02
2.515535621799293153e+02 2.752051736813782412e+01 1.920484966309678043e+02
2.515842725442193455e+02 2.958603853859544230e+01 1.931380090497737569e+02
2.515458905891953520e+02 2.946016154174593282e+01 1.922435442673397290e+02
2.515532842695124600e+02 3.241811622213631949e+01 1.921362051585226141e+02
2.515699260505645327e+02 3.395104860653190570e+01 1.909579243628903669e+02
2.515606312103504081e+02 2.991393493359204214e+01 1.916698992701061854e+02
2.516520511051992059e+02 3.194767704788396401e+01 1.918765888264853743e+02
2.515235756459522349e+02 3.150134154937583730e+01 1.921089408834014307e+02
2.516768811377147301e+02 2.984341390208963318e+01 1.914502477192397407e+02
2.515645118503528295e+02 2.795043467715652241e+01 1.917468046618209314e+02
2.516503748000939709e+02 3.053552453064720140e+01 1.915916232747447623e+02
2.516978267405403074e+02 3.019239485512024501e+01 1.921480959346758937e+02
2.516116656687156308e+02 3.044882027028051397e+01 1.925452993979449730e+02
2.515970324220398027e+02 3.149509109145526509e+01 1.917245642490986768e+02
2.515985887203741243e+02 2.975180073317820728e+01 1.918910477475360778e+02
2.516062944182955903e+02 3.148688641801263799e+01 1.915448926381530441e+02
2.516541480656171643e+02 3.154615586732051469e+01 1.916744519480257054e+02
2.516170002854897803e+02 3.239266973378708769e+01 1.918393854642746135e+02
2.516571570774940483e+02 3.489575706587234549e+01 1.922584099481823330e+02
2.515475833162797414e+02 3.353475269762589051e+01 1.921997140049165012e+02
2.516570193855148148e+02 3.447682858738134826e+01 1.935305613032482768e+02
2.515880154922425049e+02 3.663476128758422590e+01 1.929208978527630620e+02
2.514696029165434936e+02 3.430618653852469890e+01 1.929479852758008178e+02
2.516033409885020831e+02 3.259684925381053233e+01 1.928549989767843726e+02
2.516155816791347490e+02 3.246989977539785599e+01 1.929070339126502347e+02
2.515961974275601278e+02 3.433116436885281075e+01 1.916850655994906560e+02
2.515240064070983408e+02 3.042393970859829722e+01 1.925301873874147134e+02
2.515483374640926968e+02 3.506394213399829596e+01 1.925617516946219325e+02
2.514683384241468787e+02 3.190627218546225308e+01 1.932518373668240770e+02
2.515799232461957899e+02 3.416513436968654105e+01 1.918724163805452463e+02
2.516439449636316397e+02 3.370048583793780494e+01 1.924412737392341342e+02
2.515638764460815935e+02 3.288761302742975801e+01 1.926423735065473295e+02
2.515526627607620753e+02 3.230544502300340071e+01 1.925760388165058714e+02
2.515929547182872739e+02 3.031813415999049965e+01 1.926985909941866169e+02
2.515794634307788442e+02 3.370970235794356284e+01 1.914173671272400270e+02
2.515245988615778856e+02 2.992932359130999487e+01 1.916284603004969540e+02
2.515253239551200011e+02 3.374659370254995139e+01 1.915359527653349687e+02
2.516668801523959758e+02 3.100591064927452578e+01 1.920288862613722074e+02
2.516059508199620609e+02 3.048765067165894749e+01 1.914885955670762030e+02
2.515801695758834455e+02 3.148312199509361875e+01 1.917710510824610708e+02
2.515912266207861876e+02 3.046589660216618611e+01 1.929442259057984757e+02
2.515463971440914861e+02 3.226168550141355240e+01 1.921380494731071167e+02
2.515214445783467454e+02 2.843012068891465915e+01 1.931217879240344644e+02
2.515989260025618250e+02 3.324905447296816163e+01 1.919463910805914963e+02
2.517051787342948899e+02 3.007298306514978137e+01 1.922694796253767606e+02
2.517089153661722492e+02 2.824903678775981319e+01 1.927115428828405470e+02
2.515831596393228153e+02 2.996535215039501310e+01 1.924309556833943589e+02
2.515801973669251197e+02 2.964849258863447545e+01 1.909960347236433620e+02
2.517419829160887446e+02 2.834928791771830348e+01 1.924083615665052207e+02
2.516074502729838116e+02 3.254433176440270614e+01 1.906516910848864654e+02
2.516942063257463928e+02 3.019612011793507378e+01 1.911883171513676984e+02
2.515366816485645813e+02 2.797802107571542862e+01 1.911760650916725410e+02
2.515417838311719549e+02 2.627371775923357333e+01 1.913986271225408018e+02
2.516802640654251775e+02 2.777071127381502791e+01 1.911184454196573483e+02
2.515807291864046249e+02 2.962646692487070865e+01 1.910599768576416579e+02
2.516303614603939707e+02 2.812137737455502773e+01 1.928833028895103894e+02
2.515618906498303602e+02 2.948032773217520486e+01 1.919305211325607559e+02
2.515901680347438685e+02 2.800172430781357846e+01 1.927781668523613519e+02
2.516577558481194217e+02 2.926930277329331531e+01 1.921093855400683594e+02
2.516168878580938895e+02 2.730665645977499523e+01 1.929891349659307025e+02
2.515614219918092260e+02 2.853375727304193177e+01 1.922650557968323142e+02
2.515893431460975194e+02 2.839691039410223539e+01 1.931557018374931545e+02
2.517254396669117398e+02 2.878056572455035322e+01 1.930390552561702293e+02
2.515831596393228153e+02 2.976863578829289736e+01 1.930401075260667199e+02
2.515685428146261700e+02 3.227497846194269471e+01 1.925827528795308865e+02
2.515054672558367486e+02 2.940179782775112471e+01 1.928571338340773877e+02
2.515439831131524784e+02 2.999005080707711457e+01 1.932733867931916905e+02
2.516050122406906269e+02 3.245345758455424345e+01 1.932627061905808716e+02
2.516248575709113595e+02 3.148936866332669027e+01 1.933895116608684361e+02
2.516252302235157572e+02 3.078609866830381137e+01 1.927526433070329119e+02
2.515851542781782086e+02 3.067981940875822033e+01 1.926948657313717774e+02
2.515476957436756322e+02 3.403206833564504308e+01 1.922388804252534555e+02
2.515303541336648152e+02 2.986333502606041890e+01 1.928811970864882426e+02
2.515482124044051204e+02 3.190084156327136000e+01 1.921012452913132904e+02
2.515390047270035438e+02 3.074351394983969499e+01 1.926520700536367201e+02
2.515074404197963247e+02 3.511990950226244479e+01 1.919156958750514832e+02
2.516242398518484720e+02 3.559739749526920605e+01 1.923143608944673133e+02
2.515673629585837716e+02 3.367717420688156693e+01 1.928056004001909969e+02
2.515449242188822438e+02 3.254880991180134231e+01 1.921161589748642768e+02
2.515088855539638928e+02 3.337644860804778091e+01 1.922640098430816806e+02
2.515524947512828078e+02 3.492905073380982373e+01 1.925320077006450106e+02
