2.526110909088637015e+02 1.412213533173131452e+02 7.964050829687556732e-01
2.534244396375591748e+02 1.861251672933528880e+02 1.160692966243919066e+01
2.532380732804242598e+02 1.863519739678421843e+02 9.972177131639094583e+00
2.530711148266584587e+02 1.860176246905619735e+02 9.116177501527664262e+00
2.530326551626322669e+02 1.857024833768827250e+02 8.509337811984138966e+00
2.527086852585658505e+02 1.848174075059888253e+02 8.271202050382322923e+00
2.526073507855758464e+02 1.858810958198842513e+02 1.002277688846235115e+01
2.525239996451068976e+02 1.867753189351707874e+02 9.049620051959347933e+00
2.522300232055093545e+02 1.878729420262146164e+02 8.755248731319689171e+00
2.521398928572767488e+02 1.882277426425289377e+02 8.258553360800059195e+00
2.520837585177465314e+02 1.880925246269561342e+02 8.941721306456429375e+00
2.520817478734531107e+02 1.883942474829457581e+02 9.877648108507312230e+00
2.520530702625833896e+02 1.887605346389400154e+02 9.652119798910577586e+00
2.520576313885441948e+02 1.896277396434324203e+02 7.692578860618239034e+00
2.520055933150138401e+02 1.895115421479279405e+02 9.352716244231425335e+00
2.519769506936035555e+02 1.895851299795936598e+02 9.956610571065466431e+00
2.520404353188602045e+02 1.899101345719601852e+02 1.074407209828039278e+01
2.520446303051205916e+02 1.906202818900806051e+02 9.420397105372007474e+00
2.520548247340488786e+02 1.883352665009665827e+02 8.189359205539330944e+00
2.520772492286698707e+02 1.888235194147762854e+02 7.345548403543432414e+00
2.521048771557568386e+02 1.871577899657728210e+02 7.086085316798314437e+00
2.521582685715927994e+02 1.842566226924139130e+02 5.561595819259448348e+00
2.521338609243965152e+02 1.835891487689333701e+02 2.655743707208203741e+00
2.520798272020553839e+02 1.822880957111670170e+02 4.680148855157383991e+00
2.521338034417131837e+02 1.834598289765208108e+02 3.302836270573489941e+00
2.521430594033547266e+02 1.833216056163080907e+02 4.617295289793949209e+00
2.521296259501825148e+02 1.830759321254471956e+02 5.527126203231276236e+00
2.522007195332406013e+02 1.837626277583877936e+02 6.684118909178609513e+00
2.521750472670108252e+02 1.839465061150328324e+02 6.140406452556167238e+00
2.521827586939434411e+02 1.842470368301549115e+02 4.641927869229395043e+00
2.521077700342771664e+02 1.840781427095087679e+02 4.875125118558034210e+00
2.521762231627722031e+02 1.845067186010214471e+02 5.427884849689030844e+00
2.521715670654215558e+02 1.850860528265859841e+02 5.357002453011030063e+00
2.521413099303834713e+02 1.857799687844037066e+02 6.022098342874208754e+00
2.521706598387235942e+02 1.855162544783383964e+02 6.170699826677213728e+00
2.521354616921652223e+02 1.859923735474688158e+02 6.943392053143990772e+00
2.521094907659067701e+02 1.864122570575614191e+02 7.438655355074283548e+00
2.521228454927953067e+02 1.865008216274847257e+02 6.988668413640390931e+00
2.520934281047834418e+02 1.871361389881298294e+02 7.371570564367484479e+00
2.520651678681797137e+02 1.875545142025964651e+02 8.381834972214619484e+00
2.520520418224010086e+02 1.881823175768299734e+02 7.846997342050706870e+00
2.520164550429183237e+02 1.887039629311669842e+02 7.589095035120670296e+00
2.520909276080580810e+02 1.885778759148806500e+02 7.531512381894954089e+00
2.520675359048086648e+02 1.890490439755023715e+02 8.127797750927532761e+00
2.520305582943138347e+02 1.889608143046907003e+02 9.969541675570233963e+00
2.520366177189121686e+02 1.894639777267098282e+02 9.495058363667945756e+00
2.520867276233034886e+02 1.881808192781924447e+02 8.106356710041099589e+00
2.521601517542840156e+02 1.859625137927199319e+02 6.171058468636323013e+00
2.521646416517024250e+02 1.840133009930758305e+02 5.586152171658287813e+00
2.521718657254502034e+02 1.841036450269356237e+02 5.043940512920483066e+00
2.521028427686159432e+02 1.847045215128942459e+02 4.740623137279894372e+00
2.521086797602222305e+02 1.844984036059137225e+02 5.510221295834630162e+00
2.521065166618556077e+02 1.852645802951860787e+02 6.323818699616740702e+00
2.521458110744138423e+02 1.861460759946066332e+02 5.398469960924271227e+00
2.522158749676659966e+02 1.856973399263471833e+02 6.218121790810518412e+00
2.521704024162721112e+02 1.855092353428529748e+02 6.833031549245789371e+00
2.521650602755919692e+02 1.852791659012722505e+02 6.099072654362872825e+00
2.521236714939624335e+02 1.857450318091675001e+02 5.667298976183424486e+00
2.522045296354473294e+02 1.861176782994122902e+02 7.485428764584669103e+00
2.521878746527608541e+02 1.865890150592134091e+02 6.990307919739178644e+00
2.521053220217409603e+02 1.873667957527794670e+02 6.271317015749005463e+00
2.521327637549188410e+02 1.879235542792733611e+02 6.321568127601559617e+00
2.520848731819539239e+02 1.883279674498057545e+02 8.150572140142781308e+00
2.521059543312577205e+02 1.876436823406948520e+02 8.333849427859856718e+00
2.520419935994281673e+02 1.887672476166554816e+02 7.797993354501956631e+00
2.520893718267371924e+02 1.883615073459120310e+02 8.546809023781586134e+00
2.520890594208494804e+02 1.886206567771458822e+02 8.671776377366319011e+00
2.520581387357058816e+02 1.887729708925186287e+02 9.783235300365765497e+00
2.520077076780619905e+02 1.894846702430892833e+02 8.972274602276064215e+00
2.519914688200179569e+02 1.901604304203358708e+02 8.315951069740240342e+00
2.520431207598711012e+02 1.907497941245199797e+02 7.166962202636455892e+00
2.520279678246928086e+02 1.899684744970577697e+02 9.548738442544182803e+00
2.521343020415099829e+02 1.877718237380989024e+02 6.886977797938371282e+00
2.521424433389441333e+02 1.833741372911410394e+02 2.585552352353853500e+00
2.520048747814720684e+02 1.823963118610518563e+02 3.015059213411959593e+00
2.520477018798086988e+02 1.827419314931376846e+02 3.150036051639443446e+00
2.520963447261512442e+02 1.832768191082436431e+02 2.900501224006267975e+00
2.521510744888102522e+02 1.840656139837873866e+02 3.685462254495833090e+00
2.521574563162847085e+02 1.848085026885650564e+02 3.617488981444339835e+00
2.520958286316247268e+02 1.845548278581077568e+02 3.528038428423437622e+00
2.522032312765779238e+02 1.843826347312871974e+02 3.846534981336872328e+00
2.521346594338455418e+02 1.840879547536304699e+02 3.963251070614977056e+00
2.521400465609735022e+02 1.843465643474903288e+02 3.588386498567306404e+00
2.521817714913382247e+02 1.846965814048517984e+02 4.414911257983532344e+00
2.521600455362821833e+02 1.852519316056038008e+02 5.146488370378423660e+00
2.521681618412453361e+02 1.855173453996983426e+02 4.220742251396766953e+00
2.521183018615641913e+02 1.861080162101167161e+02 5.005374630892443832e+00
2.521245962153901132e+02 1.862120286263763091e+02 5.339385260190367966e+00
2.521048434159209535e+02 1.864826546003016574e+02 5.166666041854891311e+00
2.520342684266364870e+02 1.871038462163273266e+02 5.188986817721161771e+00
2.521003360237728259e+02 1.876972574511928258e+02 3.859726007540228654e+00
2.521007459002975395e+02 1.868007087864780829e+02 6.860915649160689966e+00
2.521556806012188758e+02 1.877369867327467716e+02 6.096111046547227907e+00
2.520491164536683186e+02 1.874916406432562326e+02 7.024477626115133155e+00
2.520663937488831436e+02 1.880633696598899576e+02 6.898774244258916610e+00
2.521044710281027790e+02 1.886161706285981268e+02 7.700081600417874483e+00
2.520476356497605082e+02 1.889646481497449031e+02 6.363856638187746384e+00
2.521147354359499104e+02 1.872936990231692675e+02 4.454829232693651164e+00
2.521418510173810148e+02 1.847755613621396549e+02 4.604932764004843193e+00
2.521738313832957772e+02 1.841602942113688357e+02 2.572838682346942907e+00
2.521825100188568172e+02 1.841587871653664195e+02 2.734006380577850948e+00
2.521342470580737540e+02 1.851326912767528654e+02 2.836594225989420792e+00
2.521645141901002205e+02 1.852004133754706459e+02 4.918660753448024003e+00
2.521247211777452151e+02 1.858013485937361509e+02 5.326247967799700334e+00
2.520763969854081381e+02 1.859809707325668171e+02 4.638846297552862374e+00
2.521024029011260268e+02 1.855826507264686427e+02 4.652717118967911070e+00
2.521249673535847364e+02 1.850045811199376260e+02 4.292945500168074524e+00
2.521173059115941442e+02 1.850328351084235976e+02 5.273618822329773081e+00
2.521942664772237492e+02 1.861398416227111454e+02 3.559275268325416963e+00
2.521665473276175646e+02 1.868275369544924729e+02 4.681599668099984513e+00
2.521649178185071776e+02 1.870427658667826449e+02 4.212492236713689664e+00
2.521018968035879197e+02 1.869708987667465294e+02 5.755259977931648230e+00
2.521297284193136932e+02 1.874050042424719607e+02 4.848055773198323593e+00
2.520692953747683589e+02 1.878174524924366438e+02 5.241818402206335215e+00
2.520627723398326339e+02 1.879727019735304623e+02 5.654056715414481182e+00
2.521229067243492921e+02 1.878688095211317659e+02 6.973489236367544031e+00
2.521269742490074748e+02 1.887824417894109388e+02 5.951522103966180310e+00
2.520690704425291813e+02 1.887566420615789582e+02 6.306167766960203203e+00
2.520794823059553380e+02 1.888492891516430632e+02 6.702408399469660161e+00
2.520766319146357262e+02 1.896269123926417137e+02 5.726496143036910347e+00
2.519879511297221768e+02 1.896110709148868807e+02 6.507032256532719217e+00
2.520610228668613502e+02 1.875369532428356081e+02 5.421291835834455064e+00
2.521650415312387281e+02 1.857559110318016735e+02 3.132812490237316005e+00
2.521723280861640433e+02 1.851595844251919232e+02 3.593092580860016039e+00
2.521253085008141284e+02 1.845699707962976106e+02 4.728211876172302652e+00
2.521749522956209546e+02 1.858629137972185958e+02 4.293149188806872019e+00
2.521871648665839416e+02 1.860986777733207873e+02 3.997858145233748495e+00
2.520482692089008196e+02 1.876811098156680373e+02 3.691064316874541618e+00
2.521382333572011305e+02 1.871843569624650456e+02 4.085961604066774555e+00
2.521330274254880806e+02 1.868897969486692148e+02 4.788422487725572552e+00
2.520915561687041873e+02 1.863932052969043127e+02 4.203402475004405225e+00
2.521792559991302483e+02 1.866467901544659753e+02 3.885364533934152487e+00
2.521331411412311923e+02 1.869102145478674686e+02 4.440673497108996060e+00
2.520915674153161490e+02 1.874378518471310429e+02 5.543352565039781688e+00
2.520873136967488506e+02 1.875478799511647026e+02 5.173846378778392818e+00
2.520599132011481629e+02 1.876119431521254342e+02 5.970385171467095908e+00
2.520793186052701742e+02 1.881027852859326117e+02 5.785880753423031209e+00
2.520461698413352849e+02 1.885368970097757995e+02 6.598549686906819645e+00
2.520730242514442523e+02 1.889026193359250385e+02 4.973522976203418544e+00
2.521016131390418593e+02 1.891639168700428968e+02 5.031048146745792593e+00
2.520964871832360643e+02 1.896262450936655455e+02 5.925051328287353591e+00
2.520218821579998973e+02 1.896137601047684313e+02 6.195293667782580727e+00
2.520406814946997258e+02 1.895808900068854257e+02 6.876768373527474942e+00
2.520365052527926082e+02 1.886579930295998224e+02 5.921628609381423658e+00
2.521097644334644201e+02 1.861816640237128695e+02 5.042813352477566013e+00
2.521318652755857386e+02 1.853090094109149675e+02 3.321403177292840514e+00
2.522293721516393248e+02 1.848635223638878813e+02 4.565107261437492348e+00
2.521523578521970137e+02 1.855686212028626301e+02 4.121443415171179403e+00
2.521185855261102517e+02 1.859187732195676119e+02 4.817442495448246653e+00
2.521063692062766108e+02 1.873821111390193721e+02 4.997473261180069848e+00
2.520445103412596950e+02 1.873864535808587561e+02 4.882085521736576617e+00
2.520989089536776930e+02 1.872513792719943240e+02 4.078994952770478299e+00
2.520627236045141331e+02 1.864435913681003569e+02 3.981832972816938820e+00
2.520903215406358697e+02 1.869891795096727094e+02 4.676823606888424578e+00
2.521150253486137274e+02 1.874823384455432915e+02 5.122444363635454856e+00
2.520898166927213140e+02 1.877974835080931939e+02 5.919460512520602791e+00
2.520319041388781613e+02 1.879899717710039795e+02 5.776897209715572856e+00
2.520941491375723160e+02 1.885964478200941983e+02 6.438109269582538374e+00
2.521070627473473564e+02 1.891707885499493216e+02 5.126724324297305735e+00
2.520457924550229336e+02 1.892730952300619549e+02 6.148861405501592436e+00
2.520513907685309789e+02 1.891932055468290059e+02 6.309835412082110295e+00
2.520629072991761177e+02 1.895650410313892849e+02 6.137197419277442556e+00
2.520518093924205232e+02 1.897045802452011287e+02 6.654591554294269073e+00
2.520156290417511684e+02 1.894860560756072232e+02 8.113192150864552588e+00
2.520898479333100966e+02 1.890251436754677741e+02 5.025750992513505544e+00
2.521140169024081388e+02 1.869858555110272960e+02 3.802578223310227656e+00
2.521462646877628231e+02 1.854213418207764903e+02 3.844970452651138793e+00
2.521364201534287872e+02 1.857640798209539241e+02 3.253914758179098587e+00
2.521073276675401473e+02 1.865171217170827163e+02 3.664329870626473973e+00
2.521523216131140543e+02 1.870957249128699971e+02 4.431226343064151862e+00
2.521022529462999273e+02 1.875761339396506742e+02 4.173516478160953724e+00
2.520967171139694187e+02 1.874281860089647864e+02 5.412779400205687708e+00
2.520931156988957014e+02 1.875235897685822124e+02 4.177766447857583110e+00
2.521210185431638706e+02 1.865398811108153723e+02 4.595625567797701372e+00
2.521177707715550582e+02 1.870622812377771140e+02 3.946566096963289638e+00
2.520749649168188000e+02 1.866842688640047072e+02 5.433710594683351935e+00
2.521301707860507122e+02 1.875558737930198561e+02 4.646748916888787662e+00
2.521088259661776760e+02 1.878650806444558441e+02 5.708977670476769184e+00
2.521344657421951752e+02 1.884805989695604183e+02 4.122749271781875890e+00
2.521404951758282778e+02 1.880294686225774399e+02 4.487571868974471023e+00
2.520639182446288089e+02 1.877791590283427183e+02 4.128041427519959505e+00
2.521157013949547832e+02 1.873684315100076105e+02 5.080860640731979849e+00
2.520948376801488564e+02 1.869995226438035445e+02 5.972477041291311295e+00
2.520681669647018737e+02 1.868707414391414545e+02 4.937495079607268522e+00
2.521048621602742230e+02 1.853018690619450979e+02 3.280304308327116392e+00
2.521305894099402565e+02 1.834476076581929647e+02 2.901368462750596233e+00
2.521041636207092722e+02 1.833273738786190563e+02 2.191409837786366666e+00
2.521352792471267890e+02 1.831177420302134067e+02 3.157471311767330313e+00
2.521693652287248426e+02 1.845167868179710808e+02 2.786269386347362875e+00
2.521492687827791883e+02 1.844886940309231704e+02 3.014433152012955919e+00
2.521712609076515719e+02 1.848933471291773287e+02 3.581888456102598983e+00
2.521188117079729807e+02 1.846340352468818651e+02 3.237557185897748102e+00
2.521713658760298529e+02 1.842131745311724842e+02 3.274482312203448764e+00
2.521192240837447684e+02 1.844977750452676162e+02 3.607175838278718683e+00
2.521197114369296344e+02 1.852363500495475819e+02 2.658511623373458921e+00
2.521270229843259756e+02 1.851519792162611111e+02 2.808645145649872887e+00
2.521709122626808721e+02 1.860691254259654386e+02 3.415804738822429965e+00
2.521897053512629441e+02 1.861361327400120729e+02 4.859579801584772873e+00
2.520903615285895114e+02 1.865467103035210528e+02 5.504660471033100855e+00
2.520943653224466061e+02 1.870816891411462279e+02 4.691372973891614784e+00
2.520956636813160117e+02 1.871218470435781285e+02 5.317068233194749638e+00
2.520574364472702484e+02 1.876461515968314586e+02 6.057670126874278971e+00
2.520560056283044617e+02 1.873580671322764033e+02 5.250032177806435385e+00
2.521234853000533462e+02 1.858253676080080936e+02 2.926109759434970314e+00
2.521332523577272298e+02 1.840922959458463026e+02 2.123877681848343357e+00
2.520251274303616071e+02 1.833824347915190458e+02 1.436136113995658770e+00
2.521168622952335738e+02 1.832822724654197941e+02 2.530553920631409603e+00
2.521032139068105664e+02 1.842241349793374638e+02 2.726686085816647953e+00
2.521770191729741555e+02 1.849210675284070646e+02 2.701060055658233150e+00
2.521758720185544007e+02 1.858609531378672273e+02 2.872609626350062229e+00
2.521316128516284607e+02 1.854351639068730435e+02 5.009474645762963974e+00
2.521137682273215148e+02 1.855799340448689918e+02 2.918544538457789717e+00
2.521490163588219104e+02 1.856105635677252224e+02 2.429618077554136946e+00
2.521960234479363123e+02 1.859139721658850135e+02 2.605926214727813051e+00
2.520846944857861445e+02 1.863826859658528008e+02 3.427268785278434926e+00
2.521298521320452153e+02 1.866236833653861709e+02 3.123995146462128503e+00
2.521302445138402106e+02 1.868101147029457252e+02 3.851181081699138087e+00
2.521726667341463326e+02 1.873482825798728015e+02 3.754873844254418280e+00
2.521498036216589753e+02 1.875185512864249517e+02 4.130369476195296485e+00
2.520495825632528124e+02 1.876341714558489286e+02 4.760855792192601577e+00
2.521115838853545483e+02 1.880688217674425573e+02 5.071012357527294512e+00
2.521805893474590903e+02 1.882621235352849851e+02 4.714823409447904012e+00
2.521282988499714577e+02 1.862703985424390964e+02 3.610706024810026005e+00
2.521605566323145240e+02 1.851849267908042691e+02 1.875621219107743709e+00
2.520824901498423571e+02 1.832829959974557710e+02 2.270697202467756526e+00
2.520993988061096616e+02 1.836470300821877402e+02 1.793864598289765189e+00
2.521365701082548867e+02 1.840043124508741812e+02 3.123499045912419003e+00
2.521988038603370796e+02 1.842573137342375560e+02 3.065284083169945273e+00
2.521467570394418658e+02 1.857513936426651355e+02 1.781458335676377569e+00
2.521987313821711325e+02 1.854808338987879779e+02 2.664458581852216845e+00
2.521059343372808996e+02 1.849506686110809142e+02 2.780754797617217999e+00
2.521697563608962867e+02 1.850078101471931689e+02 3.139005624555602836e+00
2.521099331326437891e+02 1.854750418936295375e+02 2.217798138310834055e+00
2.521736851773403316e+02 1.853198061583947833e+02 3.649598058584851312e+00
2.521708297875265146e+02 1.860223032811365442e+02 3.804933763703684413e+00
2.521732827985569259e+02 1.865284220628535650e+02 4.361318652755857173e+00
2.521005559575177983e+02 1.867334652935803092e+02 3.478660803432966020e+00
2.520519168600459068e+02 1.876379390708549124e+02 2.963977101898053412e+00
2.521137757250628226e+02 1.873947985669317120e+02 5.568221323326348227e+00
2.520953550242989252e+02 1.869739153579984077e+02 4.876179800834998801e+00
2.520763519989603196e+02 1.848223522663797667e+02 3.815655533770451857e+00
2.521050933406311287e+02 1.835143238099522591e+02 1.957429074491309429e+00
2.520652266004865965e+02 1.831053195224938577e+02 1.934211068915489218e+00
2.521104692211471274e+02 1.830278478608319119e+02 2.384390452376221603e+00
2.521310217796888651e+02 1.829060045661244658e+02 2.926587115631416047e+00
2.521338046913367350e+02 1.841063254694523152e+02 1.998924074122670591e+00
2.521624598089825326e+02 1.845630391344607517e+02 2.449284652998284351e+00
2.521584672617373997e+02 1.848256725161544978e+02 2.820079201140656355e+00
2.521720581674770472e+02 1.847182986125429807e+02 2.265056401758970051e+00
2.521661724405522875e+02 1.851903888953452793e+02 1.935228262485926054e+00
2.521455124143851663e+02 1.843121634607574606e+02 2.562490549721896382e+00
2.521357578529467958e+02 1.848484244121458460e+02 2.941698813232513920e+00
2.521557218387960688e+02 1.858419126238220827e+02 2.047915565435912466e+00
2.521284513040446598e+02 1.859579651629946397e+02 2.327336389912538994e+00
2.521675732685528430e+02 1.859584887552624650e+02 3.458945492670332911e+00
2.521461022367011822e+02 1.867550375449395972e+02 3.131050521030539713e+00
2.521379796836203013e+02 1.868025569797098626e+02 2.981635532295896063e+00
2.521721218982781352e+02 1.869746751291173439e+02 4.287882025539806463e+00
2.521035250630747555e+02 1.846946744793131074e+02 3.196107172714219846e+00
2.521383320774616550e+02 1.831814053516378067e+02 1.787806423314976412e+00
2.520511895791392760e+02 1.825205631803419237e+02 2.068881749373001178e+00
2.520052084309601810e+02 1.818675723938163742e+02 2.056211816190372854e+00
2.520647404969253103e+02 1.828648107257688480e+02 2.190788774881566869e+00
2.520570278203691146e+02 1.827888136198970130e+02 1.527724772912160134e+00
2.521160575376667907e+02 1.828886760363440374e+02 2.136163980600843892e+00
2.520832549194555270e+02 1.836936610346133136e+02 1.928629000513595315e+00
2.520830649766757858e+02 1.836805399873288138e+02 1.843285960104518617e+00
2.520658126739319869e+02 1.836790004511140921e+02 1.850533776699769151e+00
2.521027777881913039e+02 1.835443060278091139e+02 2.486575919004399893e+00
2.521437117068483076e+02 1.837392860400804295e+02 2.920082825048953890e+00
2.521278814757054363e+02 1.846395960716833997e+02 3.013677129764658513e+00
2.521701899802684466e+02 1.855454031972868165e+02 2.575224213705621157e+00
2.521495012127596453e+02 1.850630172660486039e+02 3.239036740182020147e+00
2.521853716567883907e+02 1.860357542290385027e+02 2.585413644139702871e+00
2.520968620703013130e+02 1.864193699148131600e+02 3.184373207571219222e+00
2.521342370610853436e+02 1.869329739416000962e+02 2.860819428147270749e+00
2.521260420298385156e+02 1.866751641068128151e+02 2.333452047570669485e+00
2.521374236011401706e+02 1.844737472836308143e+02 2.989698103446336575e+00
2.521001673245934569e+02 1.826174227513961341e+02 2.354214542868960702e+00
2.520294348827415831e+02 1.821883245172391810e+02 1.605031484265365016e+00
2.519766032982564070e+02 1.820072440677245993e+02 2.519432271028352766e+00
2.520653203222529157e+02 1.829096759601170277e+02 1.287460902403151142e+00
2.520869625525310482e+02 1.831502734801141230e+02 2.328109906890549308e+00
2.521607740668123654e+02 1.861473306166517432e+02 2.791880196090927413e+00
2.521027727896970987e+02 1.859383698160929157e+02 3.441187092388418023e+00
2.520989114529247956e+02 1.864758516496905258e+02 2.990309169362729502e+00
2.521380409151743152e+02 1.861708872702098461e+02 3.533149388746640085e+00
2.521537711764331107e+02 1.863625907695306694e+02 3.099593747383600828e+00
2.521459885209580705e+02 1.863389828814069631e+02 3.959158553485762511e+00
2.521141468632574458e+02 1.870606017437247033e+02 3.828314220341122454e+00
2.521302657574405828e+02 1.875842777363319271e+02 3.076058337425850553e+00
2.521304969377974885e+02 1.875963915870344181e+02 4.339267795576582820e+00
2.520634696297740334e+02 1.882928467799075634e+02 3.823833070287575797e+00
2.521577212364774994e+02 1.881882570375674391e+02 5.523658497877514506e+00
2.520668498614792270e+02 1.881421271841857674e+02 5.991974917556086133e+00
2.520514694948146825e+02 1.885545142025964651e+02 4.765100763395027528e+00
2.520899816430300291e+02 1.887424600838997151e+02 3.924136603848090932e+00
2.521254047218275502e+02 1.861868112231190366e+02 4.314156610321140839e+00
2.521056969088062090e+02 1.857095012627445954e+02 2.062052556667303804e+00
2.520981091946051151e+02 1.853497758800161535e+02 2.420758246578218476e+00
2.521508895445247163e+02 1.850242401976404665e+02 2.513020452588657694e+00
2.521447613906310607e+02 1.852114400536838161e+02 2.742073950222495338e+00
2.521328962150152222e+02 1.857570119501500301e+02 2.954973564213780435e+00
2.521599893032224031e+02 1.859563818899556509e+02 3.621690215822483516e+00
2.521220457337227288e+02 1.861830461073601555e+02 2.460460036414030327e+00
2.520933231364051608e+02 1.853718167402070094e+02 4.368400269418837745e+00
2.521805768512235773e+02 1.855100975831030894e+02 3.757536792041397344e+00
2.521570526878777798e+02 1.856006040680244951e+02 3.897823280736678164e+00
2.521304794430677703e+02 1.866033120022593152e+02 3.267124528735718236e+00
2.521230141919746757e+02 1.869325840590522034e+02 3.094071660912150357e+00
2.520932394116272519e+02 1.865747281131559134e+02 5.064839217185823195e+00
2.521275315811111852e+02 1.872271290773654471e+02 3.701601142655774890e+00
2.520802158349797253e+02 1.875052952797969681e+02 3.212161086472700156e+00
2.520775516375691723e+02 1.881806943158373429e+02 3.918785715803114300e+00
2.521345807075618382e+02 1.875640813205021971e+02 5.297441645704231483e+00
2.520908351359153130e+02 1.876936073008006360e+02 5.821540011071665077e+00
2.521195889738216351e+02 1.879055984384704061e+02 4.846979847320994850e+00
2.520815279397081667e+02 1.861294247607908119e+02 4.367820444091217169e+00
2.521171896966039014e+02 1.842784411196127223e+02 3.552426081642904965e+00
2.521776077456666201e+02 1.840012446250566995e+02 2.095838628613130084e+00
2.521341708310371530e+02 1.838110206800201354e+02 2.645531783550205684e+00
2.521876734633691512e+02 1.848085139351770181e+02 1.580795035495556888e+00
2.521533338081902968e+02 1.848604432914584379e+02 2.392837907580341206e+00
2.521699063157223861e+02 1.852218581652277294e+02 2.704763939863116029e+00
2.521650827688158927e+02 1.853753731688328799e+02 3.321052033075035936e+00
2.521043235725237821e+02 1.853519089874175449e+02 2.776446095613696485e+00
2.521487489393820169e+02 1.853629756535843569e+02 3.130759358743178566e+00
2.521709647468699984e+02 1.853451160337948238e+02 3.459987678711788028e+00
2.520973894114397922e+02 1.854569448453653422e+02 4.130956799264221324e+00
2.521178232557442129e+02 1.858366167192133389e+02 4.165161495099601652e+00
2.521285150348457478e+02 1.869998750376448982e+02 2.829899992627221028e+00
2.521244187688458851e+02 1.867378552211146427e+02 3.521520391981915576e+00
2.521214071760882121e+02 1.869365766062973648e+02 4.004407422264042893e+00
2.521179007324043653e+02 1.866473149963573519e+02 4.226518011449051038e+00
2.521190528853182968e+02 1.873645789206001666e+02 5.478177199118765550e+00
2.520346808024082748e+02 1.874134779397706438e+02 4.285211580011521804e+00
2.521454374369721165e+02 1.873020165175240948e+02 5.111680106367956888e+00
2.520975231211597531e+02 1.880149280029391150e+02 4.437800612565464320e+00
2.521010408114555617e+02 1.878778505475225700e+02 4.760677096024822141e+00
2.520737215413856518e+02 1.887732708021708561e+02 3.444051229567092864e+00
2.520562692988737012e+02 1.887317045739970922e+02 4.968563220329875740e+00
2.520874499057159142e+02 1.869175435899935280e+02 3.714529747913441149e+00
2.521725217778144383e+02 1.851543060153128977e+02 2.759437469462324266e+00
2.521274641014394433e+02 1.838085301802831850e+02 2.186030208399719399e+00
2.521125935811836598e+02 1.839712561590820883e+02 1.785472126521885361e+00
2.521038612118099422e+02 1.838236843650850290e+02 2.627504714204845992e+00
2.521772765954256386e+02 1.836010439355144399e+02 2.880643456158832105e+00
2.521703049456351380e+02 1.841000848494390993e+02 3.128588762635255982e+00
2.521667022809378693e+02 1.845328994640364613e+02 2.356922477103772451e+00
2.521662724104363633e+02 1.846956291917059900e+02 2.572762455310337870e+00
2.521466508214400335e+02 1.848390822264792632e+02 2.329313294370070953e+00
2.521298033967267429e+02 1.851276990306670029e+02 2.188058347422838779e+00
2.521412949349008557e+02 1.847199906028309044e+02 3.764086069071692187e+00
2.521570114503005868e+02 1.858904342566801802e+02 2.762810203426217637e+00
2.521804381430094111e+02 1.858496253003782499e+02 3.544648424662070418e+00
2.521442203036335172e+02 1.865624917993454517e+02 3.669312119723933119e+00
2.521419697316183601e+02 1.866670940379210890e+02 3.873895488983943647e+00
2.521634757529294291e+02 1.868518808708876406e+02 3.544904597490006193e+00
2.521178757399333392e+02 1.868102309179359679e+02 5.268960225731998293e+00
2.521260395305914130e+02 1.867851159838098738e+02 5.143821673720792020e+00
2.521167148396545485e+02 1.873700422747647281e+02 4.508408092062266448e+00
2.521254084706982042e+02 1.876850273855001205e+02 4.873869246889374729e+00
2.521067078542589002e+02 1.885898398107570131e+02 4.062541159475707708e+00
2.520714472265230199e+02 1.879968309546748912e+02 5.936681574675628958e+00
2.520882721580123871e+02 1.884750793823360766e+02 6.125904571247911434e+00
2.520706612133094779e+02 1.891311092533374278e+02 4.621970131497886491e+00
2.520602505995069009e+02 1.882475066886100592e+02 4.728310596432824475e+00
2.520700876360996290e+02 1.866332354878092872e+02 2.305580443891277920e+00
2.520619625837716455e+02 1.842100867113782101e+02 2.325218277993754246e+00
2.521857340476181548e+02 1.842493086457704692e+02 3.032530200277166355e+00
2.520558206840189257e+02 1.840811118150657251e+02 2.930123550280478106e+00
2.521781188416989323e+02 1.845135565410919867e+02 2.592041647453704467e+00
2.521420309631723455e+02 1.846223925042581016e+02 2.835115921328699606e+00
2.520983466230798058e+02 1.852465082393928810e+02 3.561199688593811086e+00
2.521291310992563410e+02 1.854170218721610013e+02 2.853834032497710282e+00
2.521298733756455874e+02 1.855544442236776206e+02 2.604679090424009580e+00
2.520766069221647001e+02 1.851235315361247444e+02 3.907472873796768553e+00
2.520908451329037234e+02 1.858670500511720718e+02 2.722406125154797074e+00
2.521523391078437726e+02 1.859519957112919712e+02 2.840071928331590279e+00
2.521032801368587855e+02 1.866944183064851757e+02 2.915632915584180473e+00
2.521062117537092035e+02 1.868403643402425018e+02 4.377491280751673486e+00
2.521968044626556207e+02 1.865426890149342398e+02 4.377701217508225717e+00
2.521883370134746940e+02 1.867771796246380802e+02 5.195061237802112153e+00
2.521001923170644829e+02 1.875624980474632082e+02 4.363010643043782721e+00
2.520859253649838081e+02 1.880108604782809039e+02 3.683436614719815871e+00
2.520711923033186395e+02 1.877919139359268001e+02 5.360372687727822161e+00
2.520607092113500869e+02 1.882629420387108325e+02 4.569236017649682680e+00
2.520733541520616825e+02 1.888054061214059232e+02 5.282989749338011798e+00
2.520339335275248231e+02 1.895456756152209152e+02 4.704791431581235805e+00
2.520726731072264499e+02 1.888602083622308783e+02 6.548964624406897528e+00
2.520619913251132971e+02 1.898706139775392785e+02 4.222799131761556524e+00
2.521009208475946650e+02 1.883100503473328615e+02 4.203678641809155181e+00
2.521242150802070796e+02 1.860613290246313341e+02 2.995127717775020404e+00
2.521401465308575780e+02 1.857104697209965423e+02 2.509147869204402248e+00
2.521269705001368209e+02 1.854200822002371751e+02 2.994594128518783815e+00
2.521745824070498827e+02 1.857286417466738158e+02 3.527464851213571784e+00
2.522457359720384318e+02 1.863918407079867166e+02 2.679464061451487744e+00
2.521341270942128574e+02 1.870411975892262433e+02 3.522252671382745781e+00
2.521230179408453296e+02 1.869267408193281881e+02 4.621905151073239182e+00
2.521228279980655884e+02 1.867022247048076906e+02 3.993794369446204140e+00
2.520998611668235014e+02 1.865761251922858150e+02 3.083323648750813994e+00
2.521202887630101372e+02 1.862002984101039544e+02 4.609487641847893613e+00
2.520713959919574165e+02 1.864752418333976891e+02 5.621743949635172655e+00
2.521183818374714747e+02 1.877234245683487757e+02 3.199113766977697892e+00
2.521324251069365232e+02 1.876087228722347504e+02 5.673785772036174180e+00
2.520842933566263184e+02 1.875142250896917346e+02 5.358314557739481288e+00
2.521088447105309456e+02 1.885953481513693930e+02 4.123555278972209415e+00
2.521221681968306996e+02 1.892319201340596067e+02 3.381685017388511572e+00
2.521503022214557745e+02 1.891790473119972660e+02 5.120922322150452288e+00
2.520406127654044326e+02 1.888508049450103101e+02 5.845820196665754587e+00
2.520173622696162852e+02 1.893211907412892003e+02 5.504816673976964836e+00
2.520288738017672188e+02 1.895406508789227189e+02 6.031100630934930429e+00
2.520604692836282936e+02 1.891707235695246823e+02 7.648187233595879597e+00
2.520848994240485013e+02 1.905032146565847029e+02 5.598409729069118157e+00
2.519993464468828677e+02 1.911632720642906236e+02 5.908784978525218889e+00
2.520945940035564377e+02 1.909165139001875673e+02 6.923204384679115364e+00
2.521533825435087692e+02 1.863997170852280760e+02 3.397172851678432082e+00
2.521416460791186580e+02 1.848925061325275863e+02 2.091366225924440325e+00
2.521119837648908231e+02 1.841521541635582366e+02 2.326864032210296696e+00
2.521659600045486229e+02 1.850229218447942685e+02 2.295402260069154377e+00
2.521503459582800701e+02 1.852350316967013555e+02 2.578007125353487083e+00
2.521287324693436176e+02 1.859837798863092360e+02 4.200033489911164430e+00
2.521400890481742465e+02 1.860445290856129645e+02 3.847684635003705278e+00
2.520820777740705694e+02 1.866368256562710428e+02 3.543187614731062141e+00
2.521615938198617641e+02 1.859717397633962719e+02 3.391813216268598996e+00
2.521278064982923866e+02 1.859891470194603755e+02 2.706402196338352883e+00
2.521279939418250251e+02 1.858599771818739725e+02 4.260316579630385903e+00
2.521321789310970019e+02 1.870943678216937087e+02 3.025139926597112616e+00
2.521059468335164127e+02 1.877575617845124043e+02 3.626346313173156588e+00
2.521349968322043082e+02 1.880902090745163093e+02 3.554211793697148902e+00
2.521314054141190013e+02 1.882560466159569330e+02 4.108168664189912889e+00
2.520890969095559910e+02 1.882662048058022606e+02 4.331328937157681302e+00
2.521275528247115574e+02 1.889276355497906366e+02 4.305329269557545580e+00
2.520771555069035514e+02 1.888089238117017317e+02 4.981063204709581527e+00
2.520544973326785225e+02 1.887685072371947967e+02 5.313832957821456482e+00
2.520175159733130386e+02 1.896181012969842925e+02 4.446098112943476011e+00
2.520744275786919104e+02 1.896155858047763161e+02 4.318107919989103038e+00
2.520337710764632106e+02 1.898216737207916083e+02 4.017599698090950078e+00
2.520239440368588930e+02 1.891714258579602870e+02 4.528165890025629636e+00
2.521433130769355841e+02 1.879010997936871377e+02 2.484376581554806673e+00
2.520767168890371863e+02 1.866956329405766439e+02 2.273585082493898568e+00
2.521655426302826299e+02 1.862514330058070016e+02 3.517744029611079792e+00
2.521673995708792688e+02 1.867738893658285519e+02 2.699341823275738239e+00
2.521070614977238051e+02 1.878658029268682697e+02 2.438359194292719412e+00
2.520904589992264846e+02 1.882038435921178632e+02 4.742902450636745648e+00
2.520583061852616993e+02 1.886853472891291403e+02 4.346111983764890496e+00
2.521321264469078756e+02 1.881957860194616501e+02 4.575789043550630097e+00
2.521233178504975285e+02 1.877674375594352227e+02 4.094848926760813690e+00
2.520657064559301546e+02 1.880792673707045708e+02 3.070388795375392998e+00
2.520773104602238561e+02 1.878172925406221339e+02 4.124450009434657893e+00
2.521146879502549893e+02 1.888066944832869183e+02 3.964965554126819391e+00
2.521170184981774298e+02 1.889818254750756239e+02 4.479926672090033257e+00
2.520965134253306132e+02 1.894985548103633732e+02 4.481141306181513073e+00
2.520520043336944696e+02 1.896124604962755029e+02 3.774994033047544217e+00
2.520665387052150663e+02 1.895176590552096059e+02 6.054212418508924110e+00
2.520143644227176480e+02 1.899040776466089540e+02 4.901503422094093843e+00
2.520127099211362633e+02 1.902939489478794428e+02 4.692887517635312200e+00
2.519777829428884672e+02 1.907211240113915665e+02 3.649395619569604676e+00
2.520174622395003610e+02 1.907148521507895680e+02 4.372911410437605895e+00
2.520583961581573647e+02 1.906422977578004634e+02 5.614782296833078945e+00
2.521085710429732956e+02 1.882001359590423419e+02 3.871944826620980606e+00
2.521529951602079791e+02 1.867291915810362184e+02 3.556817258800786252e+00
2.521767717475110544e+02 1.836098637785367202e+02 2.181416598249777294e+00
2.521169947553299551e+02 1.841725830093684237e+02 1.519003650150392293e+00
2.521348131375423236e+02 1.846909580988727271e+02 1.527102460383809479e+00
2.520866851361027443e+02 1.853607475747930948e+02 2.272276726636100808e+00
2.521543510017607161e+02 1.862669770731567098e+02 1.762246623204759555e+00
2.521551132721267834e+02 1.860162938414802625e+02 1.859147431836159381e+00
2.521308418338975343e+02 1.855454219416400861e+02 1.817090101606890995e+00
2.522078723784459839e+02 1.851163012142592095e+02 2.200234679302860208e+00
2.522193001858190087e+02 1.854976250904415167e+02 1.604000544835868292e+00
2.521614163733175360e+02 1.853833795069235464e+02 2.293470342059454659e+00
2.521180007022884411e+02 1.860419036265325019e+02 2.573738411303594820e+00
2.520777290841134004e+02 1.869929121352192567e+02 2.356188948079390943e+00
2.521432980814529685e+02 1.869913813463693941e+02 2.265758690194578762e+00
2.520746937485082526e+02 1.873252345230999083e+02 2.832871597431273702e+00
2.520492076761875353e+02 1.879735492182979897e+02 2.771302645078170368e+00
2.521134545718102515e+02 1.874612448000040104e+02 3.653976739507223570e+00
2.519762509044150534e+02 1.884482187241093527e+02 2.137294889914413076e+00
2.520935705618682334e+02 1.879822940839072203e+02 3.092660835923178198e+00
2.521080624461880859e+02 1.877082428918288315e+02 1.907935234510603761e+00
2.521712584084044693e+02 1.852427906093289494e+02 1.886871579936544085e+00
2.521695851624698150e+02 1.835827681910824367e+02 1.781185917742280189e+00
2.520694890664187540e+02 1.834297105496968925e+02 9.677297214214217735e-01
2.521290661188317017e+02 1.837175438399182212e+02 1.260109142120936054e+00
2.521297121742075262e+02 1.845098501576400167e+02 1.254073460370063620e+00
2.522076886837839993e+02 1.849481681143555534e+02 8.663202710183557365e-01
2.521218645383078467e+02 1.853497596349099865e+02 1.542247897820781422e+00
2.521668872252234053e+02 1.851595719289564101e+02 2.059470834411133655e+00
2.521084010941703752e+02 1.852696800088973248e+02 1.555222739149831224e+00
2.522068051999335125e+02 1.845367907917739672e+02 2.583712906486920868e+00
2.521454574309489374e+02 1.853533123146652031e+02 1.709852406962402593e+00
2.521912961220432408e+02 1.850901578399507059e+02 2.173695174328733604e+00
2.521821163874382705e+02 1.858941231454024603e+02 1.828991516305712883e+00
2.521301807830391226e+02 1.860631272329210901e+02 2.378232307517360589e+00
2.521055419554859043e+02 1.870966196433324455e+02 1.531554869095684834e+00
2.521224905997068504e+02 1.868802535736109576e+02 2.601768717173951195e+00
2.520764794605624957e+02 1.866247917814758353e+02 3.365824795280421888e+00
2.521309280579225458e+02 1.873200560831049586e+02 3.189098034217192179e+00
2.521135457943294682e+02 1.878654355375443288e+02 3.436052389217748360e+00
2.520974418956289469e+02 1.879937818732107075e+02 3.874110424234699313e+00
2.521206161643804933e+02 1.879942654775248911e+02 3.280204338443044154e+00
2.520874599027042962e+02 1.865612484239123035e+02 1.518728732969192974e+00
2.521161537586801842e+02 1.837083316151009456e+02 1.541029514858648808e+00
2.520415674777973152e+02 1.824516264475326750e+02 1.375641837896333763e+00
2.521474755729836374e+02 1.833208395970713696e+02 8.949903841467757859e-01
2.521489838686095766e+02 1.835455406558774030e+02 1.522308904442536637e+00
2.522175557113419586e+02 1.847566433112025095e+02 1.073164209281953774e+00
2.521717720036838841e+02 1.840694278348647401e+02 1.414660083649800448e+00
2.521511407188584428e+02 1.843172456797389884e+02 2.346453130994287761e+00
2.521482603365735997e+02 1.846037356246430647e+02 1.440448564869832859e+00
2.522091070065143015e+02 1.846287955753329300e+02 1.085755416180875566e+00
2.521689003687639001e+02 1.844006842938564716e+02 1.860517019247951653e+00
2.521835484560276086e+02 1.845603799355444039e+02 1.859003725127805318e+00
2.521549795624068224e+02 1.851081299258598278e+02 1.937496329230819159e+00
2.521672558641709259e+02 1.851139156829005401e+02 2.534910108329865519e+00
2.521115189049298806e+02 1.862263043258218431e+02 2.109874400336898326e+00
2.521765943009668263e+02 1.866127129202327808e+02 2.125650897667077821e+00
2.520940754097827892e+02 1.868669400842996140e+02 1.770952750483916649e+00
2.521603779361467446e+02 1.864743658472885102e+02 2.395047242018342182e+00
2.521571001735727009e+02 1.862322362888180010e+02 4.008699879161402357e+00
2.521523016191372335e+02 1.867544214805290039e+02 2.996708491566915544e+00
2.520570503135930380e+02 1.870021780938492384e+02 3.875353799667850208e+00
2.521026953130369463e+02 1.877893372121648383e+02 2.656960840546785274e+00
2.520388620428095976e+02 1.880528603258268561e+02 2.387322069226645471e+00
2.521459385360160184e+02 1.864655485035133040e+02 2.559187794676853756e+00
2.521130072065790273e+02 1.836570333187127346e+02 1.375249456101349521e+00
2.520956049490091004e+02 1.828420713260130412e+02 9.950564892326186905e-01
2.521328999638858761e+02 1.830465534757654211e+02 1.449199678596822638e+00
2.520549684407572215e+02 1.834342516816809052e+02 6.114395538344074010e-01
2.520962360089023093e+02 1.837315471214296565e+02 1.006236871142568212e+00
2.521646091614900911e+02 1.843951722043734378e+02 1.555855048666589191e+00
2.521192815664280999e+02 1.840629997713188857e+02 1.284906671865100547e+00
2.521693127445357163e+02 1.840103468830014890e+02 1.948028156517848997e+00
2.521202025389851258e+02 1.841264206657744467e+02 1.303883455109148271e+00
2.521351855253604981e+02 1.839264434089230633e+02 1.582019666575444239e+00
2.521574313238137108e+02 1.841174671130322054e+02 1.547742492574112116e+00
2.521708297875265146e+02 1.841096319733680104e+02 2.793872096031070562e+00
2.521516118269371418e+02 1.855056239307908470e+02 1.403166046228573549e+00
2.521446751666060493e+02 1.854716291717120100e+02 1.679495302040260318e+00
2.521457573406011363e+02 1.858790951725792695e+02 2.608392971617300216e+00
2.521235815210667681e+02 1.859228457427199999e+02 2.033522401376585353e+00
2.521497411404814386e+02 1.855423078797512346e+02 3.035594277223986115e+00
2.520811005684537633e+02 1.865413656635938366e+02 2.446674189400443122e+00
2.522026939384510342e+02 1.872158349797123549e+02 1.662054306140275273e+00
2.521384158022395638e+02 1.868379100795885108e+02 2.878610318641509291e+00
2.521768979594897075e+02 1.875436974611398284e+02 2.124883628806821800e+00
2.521013394714842093e+02 1.878733843929516354e+02 2.286639899730206427e+00
2.520790611828186627e+02 1.878324529735417343e+02 2.529707925487446829e+00
2.521308080940616776e+02 1.870716884038683361e+02 2.600094221615738110e+00
2.521441140856317134e+02 1.845167255864170954e+02 1.995846251316790720e+00
2.521035463066751277e+02 1.833000596070433801e+02 9.250463297931498241e-01
2.520286738619990672e+02 1.827588126576868603e+02 1.554521700337773149e+00
2.520680495000881081e+02 1.824816873916732618e+02 1.158775918754475276e+00
2.521300270793423408e+02 1.837680673697048803e+02 1.235005454606799669e+00
2.521435729986341698e+02 1.841518605020237658e+02 8.747927186934936206e-01
2.520926508389347589e+02 1.842892878520345619e+02 1.574475689198628903e+00
2.521301770341684687e+02 1.844431639968459535e+02 1.224191212397265360e+00
2.521438341699563068e+02 1.839118065682713166e+02 1.406517536592101658e+00
2.521371411862176615e+02 1.836687210477843450e+02 1.358593223791332960e+00
2.521549770631597198e+02 1.842953072886792825e+02 1.359159303259892981e+00
2.521361014994232903e+02 1.846346100737152938e+02 1.969872825811224359e+00
2.521541873010755523e+02 1.858421600492851553e+02 1.080696940046810939e+00
2.521494324834643521e+02 1.859475458018272036e+02 1.704155373193825262e+00
2.521673608325492069e+02 1.860822314777673228e+02 1.906961777764448529e+00
2.521168997839400845e+02 1.858570230717996310e+02 3.391871948575491569e+00
2.521976104698459551e+02 1.862470980617088969e+02 2.960434419131236616e+00
2.521684929914863176e+02 1.864236311311217378e+02 2.032725141551107839e+00
2.521696613895064161e+02 1.867542390354905706e+02 2.209910514457519515e+00
2.520660151129472126e+02 1.873256993830608508e+02 1.824963979601145203e+00
2.521552357352347542e+02 1.872861250548272380e+02 2.865640475806663368e+00
2.521392155613121417e+02 1.879637359245527364e+02 2.255891662636630546e+00
2.520492951498360981e+02 1.876269161415123676e+02 2.830284876680899675e+00
2.521435592527751055e+02 1.884719290813642374e+02 3.183544707156968911e+00
2.520988039852994405e+02 1.884911832810365979e+02 2.618647382476029239e+00
2.520910413238011927e+02 1.857945031559242750e+02 1.882699086900071261e+00
2.520592446525484149e+02 1.838639834749781699e+02 1.958583726652346035e+00
2.520031440528540827e+02 1.824739084850688755e+02 1.378056110596682649e+00
2.520592121623361095e+02 1.832624671817615081e+02 1.164040582774439114e+00
2.521481903576547552e+02 1.842245835941922394e+02 1.556632314515252302e+00
2.521162999646356582e+02 1.845581468582589366e+02 1.238965511639618544e+00
2.521655676227536560e+02 1.843396639262422241e+02 2.712880244826246123e+00
2.521231304069648900e+02 1.850637732882969146e+02 1.745564148800173854e+00
2.521482240974906404e+02 1.847021372311590994e+02 1.448229970721320203e+00
2.521289511534650103e+02 1.849820716509151737e+02 1.602431017655931100e+00
2.522015892712320522e+02 1.853848078266422306e+02 1.136312685803401834e+00
2.521393392740436923e+02 1.855053177730208915e+02 1.322577823430691524e+00
2.521773715668155091e+02 1.853645301852816942e+02 2.759160053034023452e+00
2.520645992894640415e+02 1.862584871307518597e+02 2.508334364272762684e+00
2.521997210840234516e+02 1.862043209483143187e+02 2.899791437829354113e+00
2.521328137398608646e+02 1.870360628860555892e+02 2.233564638652605794e+00
2.521488789002312956e+02 1.874193511704598905e+02 1.956575581606041281e+00
2.521263694312088433e+02 1.873330096808336407e+02 2.920681394729837788e+00
2.521311642367736852e+02 1.875796266374754566e+02 3.186572545020812441e+00
2.520949926334691611e+02 1.876975548615979505e+02 2.804187738443793876e+00
2.521183818374714747e+02 1.884330495438249216e+02 3.081581673520851883e+00
2.520594058539864761e+02 1.885612771652539550e+02 3.267758087876027506e+00
2.520546135476687652e+02 1.892425456831129509e+02 2.887044027986569006e+00
2.520667223998770510e+02 1.889403504694210767e+02 3.756900733653986801e+00
2.520962460058907197e+02 1.875810762007945129e+02 2.496151784274986962e+00
2.522350379448191120e+02 1.852498684771212538e+02 1.414282697337427175e+00
2.521126810548322226e+02 1.837707490618451232e+02 1.081301757845449130e+00
2.521464471328012564e+02 1.839207276308012240e+02 8.360281465208605489e-01
2.521183705908595130e+02 1.842727990692803814e+02 1.542556554837855032e+00
2.521218183022364485e+02 1.853131206723974458e+02 1.901730853580358982e+00
2.521775890013133505e+02 1.854767551275178334e+02 1.819002025639776088e+00
2.521129197329304645e+02 1.862886230523054962e+02 1.775835029697303780e+00
2.521827449480843768e+02 1.857816082905024757e+02 1.820264145426190305e+00
2.520897754551441494e+02 1.852152651513731598e+02 1.945340216259851651e+00
2.521356053988735937e+02 1.857302662572899976e+02 1.374271000860990632e+00
2.522471655413806673e+02 1.859653504381805078e+02 2.021302332672282542e+00
2.520897629589086364e+02 1.859364716379190838e+02 3.253747308623277323e+00
2.521646016637487833e+02 1.868948004413670390e+02 2.577944644175941935e+00
2.521739151080736860e+02 1.875551115226537888e+02 1.865752941926244635e+00
2.520702113488311511e+02 1.875944409246714315e+02 3.362911922783261343e+00
2.520739777142135836e+02 1.883112512355652939e+02 2.987117630813717284e+00
2.520835035945421509e+02 1.880672972267104512e+02 2.717260175372169240e+00
2.520943990622824913e+02 1.880832999059033455e+02 3.451961346644323303e+00
2.520796347600285401e+02 1.889105544454733092e+02 2.882829047749365436e+00
2.520668161216433418e+02 1.889532628295725942e+02 3.392244336393661630e+00
2.521092783299031055e+02 1.890501486427213820e+02 4.050932156687797381e+00
2.521004447410217608e+02 1.891968207077617876e+02 4.025546054251156747e+00
2.521104317324405883e+02 1.894007580216459701e+02 4.685357286117556974e+00
2.520624886752865734e+02 1.879459225408345731e+02 3.008427461227305422e+00
2.522445588266534742e+02 1.854470653215718698e+02 1.613224016265100147e+00
2.521300283289658921e+02 1.849570941753796660e+02 9.333275850649991323e-01
2.520915786619280823e+02 1.847522833746333788e+02 1.929817392510506213e+00
2.521356703792982330e+02 1.858893358375789262e+02 1.268646570220721026e+00
2.521305406746217841e+02 1.862521515393487732e+02 2.532723267115781329e+00
2.521509545249493556e+02 1.869083850989889299e+02 2.900743650975143861e+00
2.521145954781122214e+02 1.873198049087712320e+02 2.202201586771984854e+00
2.520863802279563401e+02 1.863070924883878661e+02 2.798491954298767403e+00
2.520943115886339285e+02 1.862244111461422165e+02 2.516201994149262600e+00
2.520396780469883424e+02 1.864829257686122048e+02 2.505179064806727141e+00
2.521527302400151882e+02 1.867332466094588881e+02 2.914599476907581810e+00
2.521450950401191733e+02 1.874009554621670190e+02 2.242811852929305072e+00
2.521663848765559237e+02 1.876981046959603532e+02 3.510599931770554072e+00
2.520790699301835218e+02 1.885974187775932478e+02 3.169916312710795658e+00
2.521132246410768687e+02 1.888385323921168606e+02 3.374279748225847086e+00
2.520852243261717547e+02 1.891281463958982272e+02 3.375010778003126433e+00
2.520967433560639961e+02 1.883950047548176201e+02 5.879443817549963036e+00
2.520894917905980890e+02 1.895074746232697294e+02 3.227307773533222957e+00
2.521141818527168823e+02 1.895043755568634936e+02 4.335627642172795504e+00
2.520080138358319459e+02 1.897439583825372722e+02 4.438461663423893810e+00
2.520242451961346717e+02 1.899790338160629233e+02 4.162703485574970941e+00
2.520776166179938400e+02 1.881583760392181830e+02 4.477543639978456724e+00
2.520693878469111269e+02 1.865876204793306101e+02 2.094980137233658279e+00
2.521333535772348569e+02 1.851480603968054766e+02 1.695994081782862928e+00
2.521187329816892770e+02 1.849618939794386847e+02 2.154728388073093193e+00
2.521687729071617241e+02 1.860367564271263348e+02 2.239634060239352742e+00
2.521551820014220766e+02 1.865164331745061759e+02 2.027581691015581722e+00
2.521293797743429650e+02 1.876712490362278345e+02 2.144458981731753422e+00
2.521034538345323597e+02 1.875534557714488528e+02 3.317703041958609766e+00
2.521057393960069533e+02 1.872417734157585016e+02 2.998149307521109197e+00
2.521053145239996525e+02 1.868259399355943913e+02 2.066993568187583286e+00
2.521895978836375605e+02 1.864360086523934683e+02 3.233207246317046923e+00
2.521694277099023793e+02 1.866283831995611422e+02 3.499544512215694958e+00
2.521296446945357843e+02 1.878565619607093424e+02 2.568440007447756468e+00
2.521391780726056311e+02 1.879961099218860454e+02 3.572550019306683922e+00
2.521043910521955240e+02 1.884455807687934055e+02 3.657187022409499111e+00
2.519638946267436950e+02 1.891585559850095137e+02 4.145398698642034141e+00
2.521184430690254601e+02 1.893707220699764093e+02 3.012013880818403599e+00
2.520716084279610811e+02 1.893685539731156098e+02 4.175068510611178674e+00
2.520497050263608116e+02 1.894075909632223329e+02 4.105133328584764207e+00
2.520186731247211753e+02 1.899909552247385420e+02 4.449844484349089413e+00
2.520449152192901749e+02 1.899673060990376712e+02 4.302531362427068906e+00
2.521739301035563017e+02 1.889744414495133356e+02 2.801256121593370008e+00
2.521552982164123193e+02 1.864622357514798807e+02 3.433566887974997428e+00
2.521500185569097425e+02 1.854008567419064946e+02 1.613140291487189515e+00
2.521736764299754725e+02 1.851639218685371020e+02 1.752548294826183684e+00
2.521460722457359793e+02 1.855943671968819331e+02 1.958562483051980552e+00
2.521017480983853716e+02 1.861693789745839069e+02 2.653600602818400933e+00
2.521493137692270068e+02 1.868091374973289192e+02 2.614166232422482583e+00
2.520482604615359605e+02 1.867504289332838425e+02 3.495481986051701906e+00
2.521400203188789249e+02 1.870850118901680901e+02 2.974793843354689216e+00
2.521569177285342676e+02 1.860108904692461351e+02 3.480476506452431007e+00
2.521111215246407085e+02 1.866870355305464102e+02 2.099678721785062319e+00
2.520713547543802520e+02 1.864498232407487137e+02 4.145140026566997093e+00
2.521077625365358585e+02 1.874300791886444131e+02 3.028172762955159580e+00
2.520554058090000353e+02 1.876492669083438614e+02 3.928950153766177955e+00
2.521019617840125591e+02 1.879791812716419201e+02 2.882090520230780495e+00
2.520604492896515012e+02 1.883021802182092586e+02 3.171715770624099484e+00
2.520566416866918757e+02 1.888203741122986798e+02 2.895685174841079235e+00
2.521271117075980897e+02 1.891060518018946652e+02 3.119010398117567195e+00
2.520683356638812427e+02 1.887587214351676437e+02 4.317906730597407261e+00
2.520874599027042962e+02 1.894446935360722648e+02 4.346409394170006379e+00
2.520959773368272749e+02 1.897565470901890876e+02 3.434407884624756768e+00
2.520353530998786482e+02 1.880994163008393798e+02 3.805191186155170602e+00
2.521272554143064326e+02 1.856707216950893553e+02 1.574364472702598272e+00
2.521649290651191393e+02 1.847888686033332419e+02 1.226368056622942238e+00
2.521806705729898965e+02 1.850062293734012542e+02 1.529313044445360870e+00
2.521494549766882756e+02 1.851240776216164932e+02 2.373245059925697564e+00
2.521401290361278598e+02 1.862137943444537314e+02 1.846564972302094043e+00
2.521466370755809692e+02 1.869593210045473768e+02 1.714903385355161847e+00
2.520934843378432220e+02 1.865958842398727313e+02 2.473064989172011785e+00
2.521688603808102869e+02 1.859633222991573689e+02 2.456126341939490754e+00
2.521207273808765024e+02 1.860364240272617735e+02 2.331932505332768635e+00
2.521439691292997907e+02 1.856626353810914338e+02 2.374880817153832258e+00
2.521716932774001805e+02 1.869883747521059263e+02 2.141269942429842921e+00
2.521012682429418135e+02 1.866980934493483915e+02 2.815228162516042243e+00
2.521547108933433776e+02 1.875342053206471462e+02 2.399920773866872636e+00
2.520881534437750702e+02 1.878793763378782273e+02 2.248916263975477392e+00
2.521560754822609738e+02 1.880268881499448241e+02 3.216509776429850476e+00
2.520920822602191151e+02 1.883188701903551419e+02 2.858928747714751140e+00
2.520889482043534429e+02 1.883516803063077134e+02 3.621505271536949344e+00
2.520909638471410403e+02 1.884272412935603143e+02 3.712701548658466688e+00
2.520608054323635088e+02 1.890738140135284198e+02 4.156917728534279100e+00
2.520616289342835330e+02 1.888921637356746146e+02 3.448526131502884784e+00
2.521283025988421116e+02 1.875172879170150111e+02 2.854120196290867550e+00
2.521295734659933601e+02 1.848990129223571444e+02 2.546973974090305237e+00
2.521504521762819024e+02 1.844565037282518745e+02 1.554501706360958746e+00
2.520937605046479746e+02 1.842894603000846132e+02 1.634916231485264992e+00
2.521585372406562442e+02 1.848335863821023963e+02 1.818650881421971732e+00
2.521364376481585055e+02 1.855403184790581861e+02 1.811600505347763956e+00
2.521801369837336608e+02 1.855646486495943179e+02 2.231159113317113363e+00
2.521533388066844736e+02 1.857636611970643798e+02 2.684155148261586188e+00
2.521945438936520247e+02 1.858020758746427532e+02 1.682088270908388861e+00
2.521581611039674158e+02 1.858920637657905672e+02 1.467671613926304630e+00
2.521158213588156514e+02 1.859806170891019121e+02 2.722171195927226783e+00
2.521514418781342215e+02 1.857073706545903065e+02 3.053342680517494134e+00
2.520952962919920424e+02 1.865909694704470212e+02 3.044545330719120813e+00
2.521200588322767828e+02 1.872691464196410891e+02 2.843814550866551549e+00
2.521315753629219216e+02 1.873528249614803656e+02 3.165163994346702925e+00
2.521034300916848849e+02 1.875909494764702004e+02 2.978838874788969804e+00
2.521662649126950555e+02 1.879654778997826838e+02 2.703545556900983637e+00
2.521068902992973335e+02 1.879149718647257430e+02 3.521972755707343250e+00
2.521675220339872681e+02 1.880985515613421342e+02 3.664424842016342776e+00
2.521081736626841234e+02 1.886863357413579081e+02 2.981361864738247824e+00
2.520403865835417037e+02 1.889001250873174342e+02 2.991412586958178910e+00
2.521696039068230561e+02 1.887110870350306868e+02 4.794089530528927945e+00
2.520916261476230318e+02 1.884294481287512042e+02 4.843953259080701734e+00
2.521838821055157212e+02 1.868928210376624008e+02 2.149048849034228326e+00
2.520951775777546970e+02 1.843337994429178082e+02 1.599550635371094431e+00
2.521247849085463031e+02 1.842443688838737330e+02 1.679461562204386027e+00
2.521110303021214918e+02 1.847175863271189655e+02 1.580121488401619034e+00
2.521677307211202503e+02 1.851970556369893472e+02 2.251076863094992664e+00
2.521494187376052878e+02 1.854317111970019027e+02 1.681998298012723714e+00
2.522428893295894738e+02 1.854126419416150782e+02 3.036206592763929901e+00
2.521119550235491431e+02 1.855455481536187108e+02 2.420137183673418235e+00
2.521251997835651935e+02 1.856111171509582789e+02 2.252892566114458095e+00
2.520869150668361272e+02 1.858199404929265199e+02 2.267563146602086022e+00
2.521624510616176735e+02 1.862056380515369653e+02 1.841131609102757860e+00
2.521610489839935667e+02 1.863759330001836929e+02 2.143885404521887583e+00
2.521048209226970300e+02 1.868068007012887506e+02 2.543090144094091620e+00
2.521297434147962804e+02 1.869955638363942967e+02 3.460671222794133417e+00
2.521670621725205308e+02 1.874142364612660572e+02 2.543197611719469453e+00
2.521456236308812038e+02 1.879742402601216327e+02 3.056460491277002589e+00
2.521344195061237770e+02 1.877991467570394377e+02 2.931346931736814376e+00
2.521874822709658588e+02 1.878971447351485438e+02 3.688591311867300160e+00
2.521126110759133780e+02 1.878694805689785881e+02 5.362930667136525109e+00
2.521466658169226491e+02 1.889484342841718956e+02 2.573927104459781567e+00
2.520368089113154610e+02 1.886685136102749141e+02 4.089578014623095115e+00
2.520777115893837106e+02 1.888013048569118553e+02 4.276048090512732713e+00
2.519995388889097114e+02 1.896983158823404381e+02 4.198830102431642786e+00
2.521008108807221788e+02 1.891681106066797327e+02 3.570623099791188082e+00
2.521305394249982328e+02 1.867450555520149464e+02 2.725220277391435797e+00
2.521027440483554187e+02 1.848310758883886251e+02 1.566465602237326005e+00
2.520885058376164238e+02 1.842076674401836556e+02 1.578645682987999788e+00
2.521312592081635273e+02 1.841585659819979242e+02 1.559590173460245088e+00
2.521757370592109169e+02 1.856537518072680655e+02 1.252548919637959113e+00
2.521167785704556366e+02 1.856065897648333305e+02 1.922562078173950084e+00
2.522053681328499692e+02 1.863905948333064657e+02 1.575390413637891562e+00
2.522228878550336617e+02 1.857501865063149751e+02 3.036141612339282592e+00
2.521162124909870954e+02 1.853655898660528578e+02 2.662629132973691526e+00
2.521999722583571781e+02 1.856626266337266031e+02 2.969597908630025263e+00
2.521313591780476031e+02 1.862351591583035599e+02 1.714441024641326861e+00
2.521472668858506267e+02 1.867647558672949799e+02 2.288505587691707976e+00
2.521128297600347992e+02 1.872661373261304902e+02 2.310880097370667130e+00
2.521154439725032717e+02 1.875062862312728384e+02 3.387012162586021002e+00
2.521936329180834377e+02 1.876274047443207849e+02 3.926512138218361869e+00
2.521451925107561465e+02 1.875507778281792639e+02 3.614434901485927387e+00
2.521283038484656629e+02 1.879247789103532682e+02 4.179543412546970593e+00
2.520663862511418358e+02 1.882558354295768481e+02 3.655213866822619728e+00
2.521444089967897071e+02 1.883642852590656958e+02 4.160437918077179553e+00
2.521196052189278021e+02 1.888826715951819608e+02 3.947512061991325094e+00
2.521060168124352572e+02 1.884146350911787806e+02 5.530652640891931426e+00
2.519980468383899392e+02 1.893761241925869854e+02 3.661963083621059045e+00
2.520707611831935537e+02 1.896772634743783499e+02 4.296790591834209749e+00
2.520644005993194412e+02 1.899476620168174463e+02 4.665746943733200425e+00
2.521108066195058655e+02 1.889785814523374938e+02 4.243327947455829197e+00
2.521289061670171918e+02 1.865420679520294414e+02 1.930267256988832170e+00
2.521042261018868089e+02 1.845942209909264875e+02 2.454488085464253899e+00
2.520793685902121979e+02 1.845620669273381509e+02 1.290626198857594220e+00
2.521164261766142829e+02 1.842895577707215580e+02 2.907772783448986154e+00
2.521133833432678273e+02 1.851276590427133897e+02 1.946797277320207353e+00
2.521921721081524197e+02 1.855626904894900520e+02 3.307457378464737641e+00
2.522036461515968426e+02 1.863416795690298216e+02 2.401086672639867192e+00
2.520970520130810542e+02 1.863475827906842994e+02 2.337468337663278994e+00
2.521479091923557974e+02 1.864196248380175405e+02 1.702918245878429104e+00
2.521578274544793317e+02 1.859905216053663821e+02 2.618091299995876309e+00
2.521339871363751683e+02 1.860637170552371060e+02 3.015642787610232300e+00
2.521928056672927312e+02 1.870937892459896545e+02 2.740334474239635387e+00
2.521548570992988232e+02 1.874689024931239487e+02 3.567888923461806971e+00
2.520862365212479688e+02 1.882630120176296771e+02 2.568696180275691798e+00
2.520948914139615340e+02 1.886520773117098599e+02 3.179619639583575630e+00
2.520596795215441261e+02 1.889270044898974277e+02 4.062374959543437747e+00
2.520525529184333209e+02 1.891174333731963202e+02 3.667001565778309491e+00
2.519938581002473086e+02 1.900828862805080064e+02 1.998537940445440864e+00
2.520350381947438336e+02 1.899740965534132897e+02 2.855166131202975244e+00
2.520720070578738046e+02 1.898846010139445468e+02 5.053772551019005910e+00
2.520391819464386458e+02 1.901358178348772299e+02 4.389757585527360284e+00
2.520544510966071527e+02 1.904280060631734557e+02 4.851538474034697401e+00
2.520594658359169387e+02 1.909725420217159524e+02 4.531409912763780135e+00
2.520363527987193777e+02 1.915889238366941925e+02 3.883812501483927981e+00
2.520366639549835668e+02 1.898040952663010330e+02 3.669960674346853136e+00
2.521304606987145007e+02 1.872688090212823511e+02 2.982863912246435767e+00
2.521758107870004153e+02 1.860620563055379648e+02 1.783693912208947019e+00
2.521569989540650738e+02 1.851441815653034553e+02 1.600630310119076638e+00
2.521106154271025730e+02 1.856400646805149961e+02 2.211496286743618533e+00
2.521627934584706452e+02 1.862168521732828026e+02 1.719175848275706908e+00
2.520942191164911605e+02 1.866882014293194061e+02 3.215558812907611586e+00
2.521233978264047835e+02 1.868355657858070344e+02 3.590647067570894357e+00
2.521343570249462402e+02 1.871768542226654120e+02 3.099051410762507786e+00
2.520739614691074451e+02 1.867824680315055161e+02 2.814464642526438798e+00
2.520756247180536889e+02 1.864642638905029912e+02 3.076415729761409423e+00
2.520834748532004710e+02 1.875894899161627620e+02 2.436332304893150891e+00
2.521289486542179077e+02 1.877201817952341969e+02 2.860387058398657256e+00
2.520822089845433993e+02 1.882467131776552378e+02 3.501029064994170437e+00
2.520361566078218800e+02 1.881552982164123193e+02 4.699224358661952650e+00
2.520257135038069691e+02 1.883269590036001659e+02 5.167824442886580272e+00
2.521168398020096504e+02 1.890298510073840248e+02 3.635877191995911417e+00
2.520433419432395965e+02 1.890997586976923230e+02 4.493997433273226427e+00
2.520208824591591679e+02 1.896935073309165602e+02 3.353439776267399530e+00
2.520433831808167895e+02 1.896370180982978866e+02 4.612240562530537602e+00
2.520492151739288431e+02 1.901542422845117812e+02 4.034648312195950659e+00
2.520445053427654898e+02 1.908655967389823900e+02 4.101519417275545365e+00
2.520460498774744167e+02 1.912281912573837133e+02 3.721847543427542426e+00
2.520430070441279611e+02 1.897728384324222191e+02 2.542194164008092727e+00
2.521247899070405083e+02 1.868809221222106771e+02 3.257608645395574598e+00
2.521129984592141682e+02 1.861341970731317303e+02 9.046274809713573672e-01
2.521771541323176393e+02 1.857297476635163775e+02 1.620615539568704966e+00
2.521225968177086543e+02 1.864948196855697233e+02 1.445701982277838749e+00
2.521669659515071089e+02 1.863501395204694688e+02 2.845481548683459039e+00
2.521403977051913046e+02 1.873004394926028624e+02 2.421880408526931205e+00
2.521749472971267494e+02 1.878508774231762573e+02 2.209179484680240169e+00
2.521251847880825778e+02 1.876520198290265000e+02 2.125369732368123987e+00
2.521718419826027286e+02 1.872634918730732352e+02 1.960454413108051241e+00
2.521400528090912587e+02 1.868501663873757934e+02 3.468078991203899619e+00
2.520757359345497264e+02 1.876730784851063731e+02 2.720530440204888212e+00
2.520380335423953397e+02 1.881039861741650441e+02 3.044897724560476249e+00
2.520539362517041866e+02 1.883389366453355933e+02 3.604170493638791495e+00
2.521068015760252194e+02 1.891338721710084769e+02 3.243397926374679496e+00
2.520505122831746974e+02 1.890838384936537864e+02 3.446845387826916962e+00
2.521156114220591178e+02 1.888187945881303165e+02 4.127236669953176396e+00
2.521263669319617406e+02 1.897037779868814482e+02 3.760755822308529339e+00
2.519848633099278743e+02 1.895406046428513491e+02 5.121164749119327730e+00
2.520375674328108744e+02 1.900863552354853141e+02 4.309389296474437359e+00
2.521053920006598048e+02 1.904458894258104635e+02 5.153460020168924238e+00
2.520162276114320434e+02 1.911502597342550587e+02 4.545641875385039832e+00
2.520185481623660735e+02 1.906151196951918223e+02 4.865214354175804168e+00
2.520332824736548218e+02 1.876622380008022617e+02 4.162513542795233334e+00
2.520962647502439893e+02 1.854912332659786216e+02 2.973610449851982196e+00
2.521745636626966132e+02 1.858354070836160474e+02 2.009275955618369913e+00
2.521340033814813353e+02 1.860291499685719714e+02 1.640575776547315012e+00
2.520903390353655880e+02 1.858527568569968196e+02 2.209658090500236760e+00
2.521943127132951190e+02 1.855768924611460875e+02 3.626722449861979225e+00
2.521521529139346853e+02 1.867975097501877428e+02 1.542024215205169524e+00
2.521481203787359107e+02 1.868093274401086603e+02 2.367104409796548570e+00
2.521745036807661791e+02 1.867076418229008539e+02 2.691977791690253419e+00
2.521338696717613743e+02 1.864824871507458397e+02 2.663992472267729283e+00
2.521912498859718426e+02 1.872756669553297115e+02 2.034250931906762982e+00
2.520730030078438801e+02 1.872876296015825233e+02 1.931039524343291625e+00
2.520145256241557092e+02 1.881556481110065704e+02 2.148539002625458938e+00
2.520806569520931930e+02 1.883303142428343335e+02 2.395871993561939473e+00
2.520919310557694359e+02 1.881068878000502309e+02 3.528545775585104849e+00
2.520737902706809450e+02 1.882295783395252045e+02 3.616401808955052477e+00
2.520095483735524624e+02 1.892873696798839376e+02 2.365304951883245188e+00
2.520385533857925395e+02 1.889451027877851743e+02 3.631708447830091391e+00
2.520594483411872204e+02 1.894599676847349770e+02 2.539761146954480076e+00
2.521070077639111275e+02 1.890225269637521706e+02 5.082546382902150661e+00
2.520521018043314427e+02 1.900831874397837566e+02 4.059813231264081779e+00
2.520335486434711640e+02 1.897653819286939836e+02 4.129288551823763420e+00
2.520716509151617970e+02 1.881048234219441326e+02 3.834819760547135026e+00
2.520727218425449223e+02 1.855549178310034222e+02 2.987031406788704935e+00
2.522359376737757657e+02 1.848058947242143404e+02 1.225218402956109509e+00
2.521931655588753927e+02 1.847023659122689310e+02 2.338391809467398108e+00
2.521803919069380413e+02 1.851105354511953180e+02 1.759428722097468034e+00
2.521655401310355273e+02 1.850278166202431578e+02 2.571675282821050068e+00
2.521289786451831390e+02 1.861617150333462121e+02 1.807801649753011830e+00
2.521179757098174150e+02 1.860408801848443261e+02 2.161477604871532510e+00
2.521499985629329217e+02 1.864534121595869181e+02 2.231377797438521604e+00
2.520591821713708782e+02 1.861253997233333450e+02 2.338283092218468973e+00
2.521881758120366328e+02 1.865949882597867315e+02 2.483595566835490764e+00
2.521485102612837750e+02 1.868389635122419463e+02 2.389157766222925527e+00
2.521214746557599540e+02 1.872175582105890612e+02 2.145411194877543171e+00
2.520807706678363047e+02 1.873084320848344362e+02 3.523208633399188550e+00
2.520998724134354632e+02 1.880493438851545989e+02 3.686302001522041571e+00
2.520175209718072438e+02 1.886678937969936669e+02 3.038254725763863462e+00
2.520916673852001963e+02 1.886469438581627287e+02 3.407384775336429694e+00
2.520729917612319184e+02 1.891878809008786106e+02 2.813637391735739790e+00
2.521270792173857558e+02 1.889532790746787612e+02 4.008751113726989779e+00
2.520989839310907712e+02 1.887518585026260780e+02 4.724431764930814737e+00
2.520270531002535392e+02 1.901448576116444826e+02 3.751842257519922175e+00
