2.531553933277234592e+02 1.621673648532109553e+02 7.768163738900010218e-01
2.529901426338924182e+02 1.849277122129943791e+02 7.350600274919118604e+00
2.529180286313104773e+02 1.855594996053917498e+02 9.396241552509028594e+00
2.528174335829905601e+02 1.852822128375729847e+02 8.806508683994584530e+00
2.529395060341087742e+02 1.858873876934495115e+02 9.706303017315722315e+00
2.526780401820947191e+02 1.861143958835304772e+02 8.691712965624656562e+00
2.525223789911618155e+02 1.856378672339268974e+02 7.196372478819206719e+00
2.524551113526961501e+02 1.856122895640493482e+02 7.983725676713932629e+00
2.522008098615473841e+02 1.853713067543341708e+02 6.523833292391639560e+00
2.521725130534315156e+02 1.841145343884094814e+02 7.255182173115419353e+00
2.521608028579044571e+02 1.838346878936282565e+02 6.421697703954967196e+00
2.521799217578098364e+02 1.842473004615087007e+02 5.978606222789017544e+00
2.522238722305557417e+02 1.844207007301559145e+02 5.887979605809888106e+00
2.521683644403096309e+02 1.847003721338636524e+02 5.165198427838958217e+00
2.521660203105645337e+02 1.841848948669569097e+02 7.501732617637681955e+00
2.521559865467336294e+02 1.846049657919081710e+02 6.934722389183030522e+00
2.521102159108133094e+02 1.850400083102927340e+02 5.621059797521546386e+00
2.520957238578574220e+02 1.845943139827208768e+02 5.399972037694233506e+00
2.521720740190980052e+02 1.848791753994428575e+02 5.045906527499751881e+00
2.522483314082026311e+02 1.849837897025542475e+02 5.598116333645187126e+00
2.522365454269870213e+02 1.851847223891830367e+02 6.153655483486559774e+00
2.522088954105232403e+02 1.851545636050990709e+02 6.824729915485891141e+00
2.521809108917100843e+02 1.855072715061490953e+02 6.245646242859159258e+00
2.521119851146454494e+02 1.855377190598393327e+02 5.288539635915099346e+00
2.521954238510628272e+02 1.853987934395726711e+02 6.850606808168128836e+00
2.521927674320150174e+02 1.855144332537147989e+02 6.273564122532391707e+00
2.521316449675689455e+02 1.856905735669971591e+02 7.063846829283590090e+00
2.521092842695043714e+02 1.862372810708256452e+02 5.910039774419978187e+00
2.521504803244672814e+02 1.861862028234089053e+02 7.110161031521619712e+00
2.522088366112821234e+02 1.860109510319920219e+02 6.601068055548296343e+00
2.520815584673520391e+02 1.867164739793758486e+02 5.868194314505380760e+00
2.521366703427081006e+02 1.867413813379048690e+02 6.127450621703975919e+00
2.521197244014237242e+02 1.866903592764296036e+02 5.940594473393996822e+00
2.521668056070956254e+02 1.855682580790157203e+02 6.779444046642171706e+00
2.521649423244777211e+02 1.848098445609395242e+02 6.083007541982658140e+00
2.521151498204663142e+02 1.847622785881910090e+02 5.338848266598372305e+00
2.521894446215680716e+02 1.846212466484432468e+02 6.773332845517407108e+00
2.521410018868023144e+02 1.851420445933444512e+02 5.366976516889755189e+00
2.521975432370419412e+02 1.846834784585713578e+02 6.437768189871896141e+00
2.522190350129880869e+02 1.853278240622174451e+02 6.519898969837296221e+00
2.521440764337868359e+02 1.856899764280375678e+02 5.871851627301663434e+00
2.521761442332317529e+02 1.858437050839130507e+02 5.051859623998453230e+00
2.521009426171672771e+02 1.851956551280778172e+02 5.506808952119124356e+00
2.521620859880101762e+02 1.848765790862859149e+02 6.057365846264811005e+00
2.522008268479948185e+02 1.855725909297597411e+02 5.877406195610701545e+00
2.520918796941394078e+02 1.857277582070674100e+02 6.065627792963952380e+00
2.521491854345133277e+02 1.854696491383951127e+02 6.078480000418127638e+00
2.521092372301114892e+02 1.856913745433259066e+02 7.717086798133058423e+00
2.522172253030120999e+02 1.858484247029984999e+02 6.906662084681360447e+00
2.521269645479775647e+02 1.858759192281358423e+02 7.724956749891547680e+00
2.520792470038520037e+02 1.865568876124372082e+02 6.473077787476023026e+00
2.520905952573838817e+02 1.863390442640686899e+02 6.562832869037103833e+00
2.521523867265286469e+02 1.865818759832539797e+02 6.303181953598252285e+00
2.521889846808377058e+02 1.863409389062818491e+02 6.216624244103089225e+00
2.521141384735194322e+02 1.865102036283051632e+02 7.374400901065703451e+00
2.521730500865002114e+02 1.869065183532031256e+02 4.629636646823011681e+00
2.521211290499610698e+02 1.855634731274401759e+02 6.045096404622404052e+00
2.521399735534079980e+02 1.850324911539808284e+02 5.402878026854266658e+00
2.521595432474951508e+02 1.844736435668403658e+02 6.971874363008221387e+00
2.521186869214807871e+02 1.855211468203983713e+02 4.978278253688672272e+00
2.520990662680513594e+02 1.854304313512326985e+02 7.494242900971625154e+00
2.521814701378254142e+02 1.858645017221644480e+02 6.121822881006015571e+00
2.521643647852651782e+02 1.860594669391467164e+02 5.824889326761756081e+00
2.521479166775554290e+02 1.859035313517553618e+02 6.175447788887204581e+00
2.521447428251859435e+02 1.856682742814732876e+02 5.954329976114441259e+00
2.520993341312608038e+02 1.854563043239655258e+02 5.297471893962755196e+00
2.520917921486026785e+02 1.859603431785040470e+02 5.917264241176193984e+00
2.521963084529789114e+02 1.864076342321341713e+02 4.632277386073203829e+00
2.522228112309163919e+02 1.857970785923722872e+02 6.834946610289082791e+00
2.522393285910656573e+02 1.862973921883248352e+02 5.960552242472390461e+00
2.520848773578495639e+02 1.863399902785254767e+02 7.019378923216031296e+00
2.521630215492685352e+02 1.856914777686602633e+02 7.344119291900339519e+00
2.521005048894835738e+02 1.866813290196467960e+02 5.758749327075351587e+00
2.522106763742035866e+02 1.862893680518896815e+02 7.680982757449210219e+00
2.521437131851418201e+02 1.866938885375452628e+02 7.302749452513732642e+00
2.521366193833658258e+02 1.869979289600635468e+02 6.980972565580753297e+00
2.521344673311416500e+02 1.868087208421096648e+02 5.381558728682008130e+00
2.521122333781078737e+02 1.864070671461200277e+02 5.089112209858411617e+00
2.521627327796622637e+02 1.855453276816373887e+02 4.430632575302228204e+00
2.521935592617951158e+02 1.845564459648040838e+02 7.241501549686665484e+00
2.521084440936815554e+02 1.851858918407559713e+02 5.115204699758008289e+00
2.521543257948350742e+02 1.853577345828389866e+02 6.246698095949907881e+00
2.521273068902257251e+02 1.857645025061543151e+02 5.161286318331251621e+00
2.522205964595017065e+02 1.853458231632423860e+02 5.937645364790491875e+00
2.521499798775930401e+02 1.854403109303869144e+02 6.426670813102038693e+00
2.522053204166644775e+02 1.859272784052600400e+02 5.554506896497655610e+00
2.521890173470827676e+02 1.851902495178462118e+02 6.406658164731953597e+00
2.520765056525670502e+02 1.854695772726560108e+02 5.751196891218790519e+00
2.522084602961391226e+02 1.851097272237873028e+02 7.690212931651761785e+00
2.521708444616341467e+02 1.859081542787554326e+02 5.953352602062415677e+00
2.521372060691269894e+02 1.862650682855186517e+02 4.693851951350814566e+00
2.522061096331449903e+02 1.861612288257399541e+02 5.679409551087394092e+00
2.521503731791835037e+02 1.863222211478657186e+02 5.761007217933507008e+00
2.521237057633709355e+02 1.865059661629967138e+02 6.073671529146130510e+00
2.521544812861615412e+02 1.864402521311458258e+02 6.960275232714329796e+00
2.521271331058020451e+02 1.860638311494859636e+02 7.589296447480517571e+00
2.521065991041608925e+02 1.865095189438088426e+02 6.940043067177479763e+00
2.521611661065494445e+02 1.868297722770724647e+02 6.736412148707200842e+00
2.521283130105734074e+02 1.857245516884528627e+02 6.404767442468209282e+00
2.521592257315932102e+02 1.847305701174416868e+02 5.381678940463808125e+00
2.521577544439159908e+02 1.847917879673233017e+02 5.031095651992118611e+00
2.521267959901530844e+02 1.850640258403064990e+02 4.784525607722822649e+00
2.521958458989489316e+02 1.850438812203063890e+02 5.770067527661776552e+00
2.521592649310872787e+02 1.850000143731478204e+02 6.518354509771127070e+00
2.522170854914832603e+02 1.858367314939188475e+02 4.781897934970652742e+00
2.521765153217755824e+02 1.854173361069153145e+02 5.257513236362496123e+00
2.521897346978241785e+02 1.850747952479759988e+02 5.771174260044216631e+00
2.521703740677053531e+02 1.851073517344469508e+02 6.029770709092714398e+00
2.521589853080296280e+02 1.852241962797066890e+02 4.839376153118450041e+00
2.521903135436865284e+02 1.848928311965253499e+02 6.197481824501251957e+00
2.521406726110521674e+02 1.855953436227649718e+02 6.153147196713514511e+00
2.521720413528529434e+02 1.858972254598100733e+02 5.010952338641815551e+00
2.521311432140449256e+02 1.857453431001050603e+02 5.620139916060816532e+00
2.521141698331146870e+02 1.858812738790251444e+02 5.243300806464257668e+00
2.521966769282231269e+02 1.859101155601084940e+02 7.118527510204934572e+00
2.521599038828405526e+02 1.862228242974144052e+02 6.023927371177395962e+00
2.522219331622493144e+02 1.862596443821898333e+02 5.490337324712928790e+00
2.521664789446450925e+02 1.869973867003956514e+02 4.403072717674790582e+00
2.521477964657736095e+02 1.863918146229792683e+02 4.951648730720382474e+00
2.521219875188810988e+02 1.868978918512091809e+02 5.390884288320118678e+00
2.520745887973072570e+02 1.864821498570525193e+02 6.686218503206518449e+00
2.521416277720575465e+02 1.864125158757950942e+02 5.050177965703055882e+00
2.521567587767667078e+02 1.850839169702449567e+02 4.899595722551207899e+00
2.522207127513340765e+02 1.846235672584919030e+02 4.227894098646833854e+00
2.521767596652885857e+02 1.850890952234109932e+02 4.696362025620789638e+00
2.521696828499600258e+02 1.846507743206727810e+02 5.898291686048638738e+00
2.521309929493176583e+02 1.849108237643012842e+02 5.076435093477726923e+00
2.521278269368470148e+02 1.851529368260953561e+02 3.448277574230775411e+00
2.521534372729695974e+02 1.852144525921318916e+02 5.152760428372070933e+00
2.521204678851611618e+02 1.846175135499584599e+02 6.491517229484291107e+00
2.521457463322340118e+02 1.843410382116668131e+02 6.304203753743551353e+00
2.521634658102012736e+02 1.850914615662027245e+02 4.911082480962112307e+00
2.521669820048189194e+02 1.846544656063639138e+02 5.523595482127643841e+00
2.521715356793795024e+02 1.847176996168902861e+02 6.596195558435992368e+00
2.521829649451991031e+02 1.850669514292135602e+02 6.302199352947018163e+00
2.522093122318101166e+02 1.857755698299787355e+02 4.744489857784235376e+00
2.521652049610879658e+02 1.857141115565335099e+02 5.493862665879192697e+00
2.521036121027131287e+02 1.858308319700620359e+02 4.703134391545453319e+00
2.521893910489261827e+02 1.858868611135792150e+02 5.114621933946239096e+00
2.521770758745407193e+02 1.858353582049767567e+02 4.883380198506237946e+00
2.521587161381703766e+02 1.856757509316413177e+02 6.081710038729100098e+00
2.521745252941268802e+02 1.860743300806464333e+02 5.946598529234982777e+00
2.521286553528215677e+02 1.866823638862901191e+02 5.156582379043427977e+00
2.521795480559664213e+02 1.870872410873417095e+02 5.187403634577089306e+00
2.521544538465156791e+02 1.863694251786190250e+02 5.541767060926466648e+00
2.521397618761400565e+02 1.872619636855887109e+02 4.458545228376252112e+00
2.521617932984544836e+02 1.867765106178362942e+02 6.030567765472039987e+00
2.521637075404146913e+02 1.859178875131318307e+02 5.934412713179915144e+00
2.521552665826926329e+02 1.849487754078054138e+02 4.509707101380344696e+00
2.522102974457609719e+02 1.851743449764541651e+02 3.385760914445797631e+00
2.521810689963361654e+02 1.846411247118837196e+02 4.636139842888427509e+00
2.521301044274521814e+02 1.847092390594212077e+02 4.687896241552508947e+00
2.521794931766747254e+02 1.850015444600661567e+02 4.356369133795713111e+00
2.521611582666506308e+02 1.845138975272959101e+02 5.850230493025103229e+00
2.521214622456606094e+02 1.853847796204443625e+02 4.339498978199854307e+00
2.521575310067998146e+02 1.854369972664886177e+02 4.663502396395736938e+00
2.521303605308134195e+02 1.851317390463547099e+02 5.674959101861191790e+00
2.522128323463771835e+02 1.855534171505626375e+02 4.259043323280840454e+00
2.521590467205703305e+02 1.851743580429521785e+02 5.192951669637117185e+00
2.521117107181869983e+02 1.854335673107579225e+02 5.905088878319543433e+00
2.521537482556225029e+02 1.856925387682996416e+02 5.665863512588264150e+00
2.521486902142383144e+02 1.862518998688123588e+02 4.661541115042675543e+00
2.521660555901091811e+02 1.858328481307067932e+02 4.385593663271118992e+00
2.521962744800840426e+02 1.860248799188831867e+02 5.428501429474883899e+00
2.522218743630082258e+02 1.858827373268035785e+02 5.232394200565518183e+00
2.521527761081696895e+02 1.860046895661400015e+02 5.804237726638407757e+00
2.521012522931704041e+02 1.862692665513330326e+02 4.681233634211228178e+00
2.521613072247280911e+02 1.866318932310313699e+02 4.312959614067914060e+00
2.521271383324012447e+02 1.868240778972346163e+02 4.802147086954930977e+00
2.520951293321974163e+02 1.867241675334110482e+02 5.007757579875502074e+00
2.521142874315968925e+02 1.867805259526783743e+02 6.415033789963883848e+00
2.521074980792247970e+02 1.869211645908356729e+02 6.644255444809725297e+00
2.521311249209476841e+02 1.862030964987011998e+02 7.803580481787914636e+00
2.521366755693073287e+02 1.879242208447229530e+02 4.772891197884272962e+00
2.521135779207542953e+02 1.871785915883112352e+02 6.351754046694437328e+00
2.520895603907405587e+02 1.863744231141123464e+02 4.557287447276680226e+00
2.521784047373895135e+02 1.855023310632470839e+02 4.736951795075498239e+00
2.521495134036136676e+02 1.856117904238249423e+02 4.106444919484239620e+00
2.522130636233921734e+02 1.848577476493370000e+02 6.160365130220719188e+00
2.522461937291262757e+02 1.854929754506635220e+02 3.774738800704545483e+00
2.521160618620282321e+02 1.858199606437079581e+02 4.382500823189375616e+00
2.521208624934014324e+02 1.853810569751579749e+02 5.823039110641878402e+00
2.520998607111311003e+02 1.859188910201798990e+02 4.102208760825593714e+00
2.521320147494629680e+02 1.851523645134820129e+02 6.517422868462177554e+00
2.521438360102232252e+02 1.856757796779369585e+02 4.061510539437303891e+00
2.521850542782327693e+02 1.855620567190546240e+02 5.931969278049851191e+00
2.521308766574852882e+02 1.858839747241662224e+02 4.523285806124529351e+00
2.521860943714753205e+02 1.855227461597562240e+02 5.413476263399693345e+00
2.521325361027340364e+02 1.862298266337042492e+02 4.160439609259443117e+00
2.521608263776008982e+02 1.860068847378076384e+02 5.413515462893759178e+00
2.521400401925479287e+02 1.866405118931265008e+02 4.925187765576572119e+00
2.521600358544705784e+02 1.863953125244996727e+02 6.122566364743452283e+00
2.521907891642145216e+02 1.868757493636615550e+02 4.038222120013171157e+00
2.521222331690439091e+02 1.862319891391268527e+02 6.926992248953373732e+00
2.521960392831196600e+02 1.867332160832910972e+02 6.180286313104652152e+00
2.521616299672292314e+02 1.868582193499156006e+02 6.030216276675255394e+00
2.521470163958417174e+02 1.866183223661859927e+02 5.872893027193995863e+00
2.520748488206178877e+02 1.875639970940108299e+02 4.864357990686199784e+00
2.521618716974426206e+02 1.869279069038148862e+02 6.177614214259207870e+00
2.521172927261418693e+02 1.873246449832487599e+02 7.150039983483946315e+00
2.520922677691306717e+02 1.875882615808371838e+02 6.963110662785045868e+00
2.520859004646446806e+02 1.877748485592879319e+02 7.036272598508328535e+00
2.521560440393249394e+02 1.873448614689879719e+02 7.722525074609703388e+00
2.521196538423344009e+02 1.867283671058752077e+02 6.076026112089646602e+00
2.521484197377292560e+02 1.854252073653236152e+02 5.566068133947284835e+00
2.522033604419612232e+02 1.858313912161773658e+02 5.204200617784026761e+00
2.521805254300184629e+02 1.860354298093859313e+02 5.196452184457139190e+00
2.521122555911545078e+02 1.865665228480784492e+02 4.502732204736344279e+00
2.521895021141593816e+02 1.860043106376973583e+02 5.864054847932096415e+00
2.521268064433515121e+02 1.865820353945298393e+02 4.693989149580042763e+00
2.521824266054806003e+02 1.867166634435971559e+02 5.006031495486831240e+00
2.521165871352487216e+02 1.869228266493840351e+02 4.447096362809610959e+00
2.521639832435229494e+02 1.861730435532512047e+02 4.968951387400760034e+00
2.521541637702596006e+02 1.864870929132541448e+02 5.639946113762158042e+00
2.521109384881539199e+02 1.866347365010009014e+02 5.290966084597735097e+00
2.521054035195919028e+02 1.865809835414390818e+02 5.870436525565909669e+00
2.520583967929587175e+02 1.868652752588473334e+02 5.200300268124539826e+00
2.521571337852599584e+02 1.867683113903276535e+02 5.887645103460531715e+00
2.521176834144327188e+02 1.871604004097653728e+02 6.171804849238745838e+00
2.521380057388059299e+02 1.876221325570091381e+02 5.449062870761881783e+00
2.520794482279215458e+02 1.874867793173016253e+02 6.543906046652624653e+00
2.520513186709803506e+02 1.875187425847623786e+02 6.037707299991114773e+00
2.521749669417600046e+02 1.875636769648093036e+02 5.197061083264951975e+00
2.520108726330038849e+02 1.876889298015460383e+02 6.478540890298909005e+00
2.520776568110427718e+02 1.881153641110338697e+02 6.159663459276952580e+00
2.520634417678449211e+02 1.878592372301114892e+02 7.361287363651093152e+00
2.520756328104992008e+02 1.885545500159411176e+02 5.603766287389784218e+00
2.520857292935205862e+02 1.886268508694447803e+02 5.118897292098949947e+00
2.520619286673739907e+02 1.887165471517647575e+02 6.655769642866475877e+00
2.521060882040882518e+02 1.875547865195553072e+02 7.484970913975403484e+00
2.521242427964396313e+02 1.864993845679431672e+02 5.450487119046250051e+00
2.522099446503143838e+02 1.861472450595570933e+02 5.194047948821140182e+00
2.522400158888615920e+02 1.863246881026922210e+02 5.665458451149590680e+00
2.521779343434607483e+02 1.865024081555854139e+02 5.882956843970333694e+00
2.520762338694081848e+02 1.875192312717883851e+02 5.154017425481761450e+00
2.521019565774137732e+02 1.876508697061083240e+02 6.625007186573911966e+00
2.520920704650105222e+02 1.878615800532067794e+02 5.367100648620962033e+00
2.521479493438004624e+02 1.873552036021721676e+02 6.583769318817324745e+00
2.520877768137605983e+02 1.871968742323432480e+02 6.719994093942894153e+00
2.521769086233660460e+02 1.872014279069038025e+02 5.302769052260765115e+00
2.521616351938284311e+02 1.874420592278222273e+02 5.911383010416612294e+00
2.520688251650298639e+02 1.876255102467477514e+02 4.793994898839172514e+00
2.521603024110302158e+02 1.874432691855390374e+02 6.986818516795676892e+00
2.521075215989212381e+02 1.883430987984048386e+02 6.492550789477810724e+00
2.520326597118053087e+02 1.888615003475688354e+02 4.957479002137678670e+00
2.520564642579013253e+02 1.886497773468737194e+02 5.530482833234898976e+00
2.520608951073804747e+02 1.883259947524943811e+02 5.535327890701357667e+00
2.521031992013756451e+02 1.883541961751747067e+02 5.301040354572490010e+00
2.520644361283443686e+02 1.883854094256490157e+02 6.809379393609959585e+00
2.520767682891772949e+02 1.889139231376320254e+02 5.814835963183835332e+00
2.521473626580392988e+02 1.886304389298015565e+02 6.229946845486047380e+00
2.520678595508260571e+02 1.889738147379644602e+02 6.493920158470488424e+00
2.520770008728420635e+02 1.884321600489209629e+02 5.969040239587307894e+00
2.520943022228726420e+02 1.873407350689127213e+02 6.171258669621437321e+00
2.521287206853116913e+02 1.869264499892854587e+02 5.157072372719242459e+00
2.522122482739156055e+02 1.865689989494535723e+02 6.109753356783341971e+00
2.521118453031166098e+02 1.869870680869078967e+02 6.667786901097063179e+00
2.521216726162787722e+02 1.877490435323448139e+02 4.477839219355142397e+00
2.521521097167705818e+02 1.881296902194648908e+02 4.778082517548306818e+00
2.520991760266347512e+02 1.882496785641486667e+02 5.540770087127408594e+00
2.520947595503033938e+02 1.883860823502971300e+02 5.081768837970197517e+00
2.520844553099634595e+02 1.884115241285952607e+02 4.496398873145210473e+00
2.520875468433954154e+02 1.880223032054732926e+02 6.100060628550821207e+00
2.521026373419607012e+02 1.879817278091664150e+02 5.135909872523245490e+00
2.521272833705292840e+02 1.881742744173648418e+02 5.750441647633134146e+00
2.521140822875779293e+02 1.880927564561566783e+02 5.880112267351003119e+00
2.520819609154911234e+02 1.893662839924946013e+02 5.221345169838341072e+00
2.521303592241636125e+02 1.884054756466609888e+02 6.621961385885046347e+00
2.521217601618155015e+02 1.888591405380261108e+02 5.268726904964746716e+00
2.520471661379090449e+02 1.887472455822170048e+02 6.486419988606013654e+00
2.520262767275216902e+02 1.890598432542897172e+02 6.235098965656016290e+00
2.520564146052088290e+02 1.892867821919311666e+02 6.767455534707232268e+00
2.520510063816776380e+02 1.892569984163404513e+02 6.864981262641836501e+00
2.520823894966262344e+02 1.882354726674994367e+02 7.031929294565904875e+00
2.521242872225329279e+02 1.875614804864918597e+02 6.350900804373618591e+00
2.521739608214123223e+02 1.875339742015063109e+02 5.800377883122788347e+00
2.520142895222365667e+02 1.877426514015125747e+02 5.060964359819996261e+00
2.521391242310365897e+02 1.874293834180913620e+02 6.443235212644188969e+00
2.521155457353563634e+02 1.878617316245838254e+02 6.550602626888762714e+00
2.521745174542280665e+02 1.882745179768879780e+02 5.135798807290060886e+00
2.520417330880316058e+02 1.881182518070966694e+02 7.559504831990968121e+00
2.520952181843839810e+02 1.877122613404136189e+02 7.118257033695885028e+00
2.520747965546258058e+02 1.886977287813138560e+02 4.822295626904441690e+00
2.520991851731833719e+02 1.882416374412660787e+02 6.252591086557709232e+00
2.521268469494953592e+02 1.877973699752781727e+02 6.494343513006391788e+00
2.519928669987299372e+02 1.881985454374402309e+02 6.668796941394143474e+00
2.521141737530640796e+02 1.881204979381066096e+02 7.232247855787674595e+00
2.521244492471083731e+02 1.886249000412901466e+02 7.314050666652729404e+00
2.520601503169932300e+02 1.885755674780090771e+02 6.904361074379733232e+00
2.520332346377182660e+02 1.890106661823351430e+02 5.988698785861004126e+00
2.520592918480732010e+02 1.891452158324143227e+02 6.106489345577513106e+00
2.521040746567431086e+02 1.889758740180526786e+02 7.361194591515138441e+00
2.520799316883483527e+02 1.891244205008127324e+02 7.314157811936507159e+00
2.520472811230916363e+02 1.891995502511380778e+02 7.879183239341657874e+00
2.520027465778841815e+02 1.890914471930549041e+02 6.383770886797087485e+00
2.521040393771984327e+02 1.880154981733035697e+02 4.996055224247238691e+00
2.520899288659847741e+02 1.870346209931583701e+02 5.525564603379518935e+00
2.521484314975774623e+02 1.864817970616059313e+02 6.284474648380538042e+00
2.521048207537801318e+02 1.869422813582885965e+02 5.203496333540654994e+00
2.520875520699946151e+02 1.866871370780174573e+02 6.732560145090394244e+00
2.520949228815286745e+02 1.864457008608208923e+02 6.750386768341443577e+00
2.521789195574115752e+02 1.869526653042664748e+02 6.267553533442394631e+00
2.520650646268992148e+02 1.874178352471397488e+02 6.742011143109513327e+00
2.520800309937333168e+02 1.872259707101380286e+02 5.881371877760297906e+00
2.521354172655478294e+02 1.871627928855531593e+02 6.993338699308520923e+00
2.521213773134234657e+02 1.871164708434163231e+02 7.158030147024235568e+00
2.521356001965201301e+02 1.875389956566960450e+02 6.013539505250118822e+00
2.520149742067329157e+02 1.878854355586450424e+02 6.057125422701211015e+00
2.520375113025207838e+02 1.878647264659304028e+02 6.086579922541799803e+00
2.521307172462094002e+02 1.873821833072874483e+02 6.777221435328674382e+00
2.521584378217625044e+02 1.880651678522335999e+02 6.354132149334392743e+00
2.520832270591494364e+02 1.882426853744074435e+02 6.384996524311525867e+00
2.520824718155637640e+02 1.876991112168045674e+02 6.869696961777879807e+00
2.521002213464765020e+02 1.889109910154759575e+02 6.395039434691029534e+00
2.520395797291576230e+02 1.877691019134579733e+02 8.649663668340920708e+00
2.521239710132807943e+02 1.881878910149532942e+02 7.406262249841895517e+00
2.520676204339122535e+02 1.884830828050112643e+02 7.635822326986499320e+00
2.519904026572030489e+02 1.888481921193337030e+02 8.325337507643901347e+00
2.520432501084519288e+02 1.888146595654605449e+02 7.237164778993252057e+00
2.520810044478359373e+02 1.878415138321948064e+02 6.051688452874368629e+00
2.521030894427922533e+02 1.869784637979605861e+02 6.445604168735528994e+00
2.521654218649551353e+02 1.862886559277474987e+02 5.614394576880661347e+00
2.521437393181378752e+02 1.865557155475646596e+02 6.774576776129076272e+00
2.521213838466724724e+02 1.871731036591421002e+02 4.893758917884899695e+00
2.520815297210563983e+02 1.868182110396228381e+02 6.535254718312435429e+00
2.520871626883535725e+02 1.870631595314876563e+02 5.664023749666804441e+00
2.520952011979365466e+02 1.867038033962441546e+02 6.506853378212398731e+00
2.521331097219971866e+02 1.871390157791030049e+02 5.465689989494535439e+00
2.520881047828609383e+02 1.874397085648281234e+02 5.793321974191052881e+00
2.521399121408672954e+02 1.873002877242864486e+02 6.072844419821354478e+00
2.521215341113997397e+02 1.868691311824135255e+02 6.877467608151404121e+00
2.521103609489413486e+02 1.876884097549247770e+02 5.315420035645406216e+00
2.520433494138368928e+02 1.879095563139931642e+02 6.337343006026268988e+00
2.521250672924648200e+02 1.877054092688510423e+02 5.752933428805878435e+00
2.521082520161606340e+02 1.878147209780012474e+02 5.914777686602658235e+00
2.520390309362407208e+02 1.879423885035723742e+02 7.641778036784804939e+00
2.520487576373680838e+02 1.876552770358910607e+02 6.500812736176952100e+00
2.520451094711204121e+02 1.882111389282335665e+02 6.247892373869095017e+00
2.520986520600640688e+02 1.887098087587349653e+02 5.812785829644225188e+00
2.519988566814230921e+02 1.882553285178932754e+02 6.986542813687417919e+00
2.520357473252878435e+02 1.886567679233153285e+02 6.317262411866471083e+00
2.520617052302578145e+02 1.890848655980013575e+02 6.710716880347463942e+00
2.520779468872988502e+02 1.885700377360462880e+02 7.565128652739521620e+00
2.520637997898907088e+02 1.888451045058511681e+02 8.260297707090927588e+00
2.520141836836025959e+02 1.895649705481134504e+02 7.840399259913551688e+00
2.520452871754935131e+02 1.889909096373262685e+02 7.339095223410983415e+00
2.521027980598863678e+02 1.876488731452106151e+02 5.159136879406676535e+00
2.521323165855672812e+02 1.867989601680874330e+02 6.341917586983677246e+00
2.521341589617883301e+02 1.871640119898185901e+02 5.955171458587041222e+00
2.520686121811121154e+02 1.875226651474685013e+02 4.348622007118628119e+00
2.521119772747466357e+02 1.875002534900616240e+02 4.667080003554087142e+00
2.521827375881335342e+02 1.871112677639040669e+02 6.458955516414135012e+00
2.522073901499511237e+02 1.876283861829623447e+02 5.458449842940694019e+00
2.521065977975110854e+02 1.874636098030094900e+02 6.159169545651730360e+00
2.520720734964380654e+02 1.882088823440252270e+02 5.307530484139884486e+00
2.521835751506567362e+02 1.879288058788787907e+02 5.512100883817926622e+00
2.521167360933261534e+02 1.875980745208515259e+02 5.693543581997501768e+00
2.520459731666396692e+02 1.880529402233848373e+02 6.053019929022783074e+00
2.520805418938059574e+02 1.882233992233273625e+02 6.551624427034061782e+00
2.521389517532627167e+02 1.877641653905053545e+02 6.939120572417145638e+00
2.520531270743065591e+02 1.875210292219161659e+02 7.621221822097016485e+00
2.520105825567478064e+02 1.885039839752468254e+02 6.173958208112726886e+00
2.521066017174605065e+02 1.884345420715103216e+02 6.406945627688432232e+00
2.520223593914147955e+02 1.888486546733636828e+02 7.541188215064104305e+00
2.520894597787057876e+02 1.890227500797056450e+02 7.078474773818919097e+00
2.520687245529950928e+02 1.886864223405756604e+02 7.513289935137903441e+00
2.520568967589858289e+02 1.890065855150029392e+02 7.373150437205024055e+00
2.520833041514877380e+02 1.895760822980311389e+02 6.534912376064266226e+00
2.520482846301397046e+02 1.893407598952589410e+02 7.060465219595565500e+00
2.520315778057691318e+02 1.894027238421776076e+02 7.463016583999289466e+00
2.521036121027131287e+02 1.897532770777038422e+02 6.776880399730307758e+00
2.520406590218942142e+02 1.900611120112476442e+02 6.717968786749525911e+00
2.519904431633468960e+02 1.903064172185084431e+02 7.193675553627521424e+00
2.520220353422638482e+02 1.895892533280370458e+02 5.679042382492982988e+00
2.520712751334089319e+02 1.877126363489068694e+02 6.143357776395633074e+00
2.520758915271600245e+02 1.878654973893137026e+02 5.915898792132923134e+00
2.520762769888516743e+02 1.877345501727390911e+02 5.340847440795697842e+00
2.520988676572814313e+02 1.873647434523778372e+02 6.937975947190441417e+00
2.521412841231595792e+02 1.880693308385033049e+02 7.147329991794239668e+00
2.520748841001625351e+02 1.882603408265343887e+02 5.948224001588886090e+00
2.521182831666919242e+02 1.876779526365579613e+02 7.612599240052475125e+00
2.520954573012977562e+02 1.885852889525372404e+02 6.471017200737995800e+00
2.521590519471695302e+02 1.885515826142404023e+02 6.021125914001536295e+00
2.521449061564111958e+02 1.885546362548280683e+02 4.756322878392715836e+00
2.520998293515358455e+02 1.887036805711627494e+02 5.910834217499699506e+00
2.520653298768090451e+02 1.888647539055762650e+02 5.768887622890414235e+00
2.520608663610848339e+02 1.889391610785609998e+02 6.988176125940134931e+00
2.520330922128898408e+02 1.890037801378776976e+02 6.209684627003747792e+00
2.520505033215038111e+02 1.891451622597724338e+02 6.815519341030372047e+00
2.520260676635533628e+02 1.894138930846865776e+02 5.484850702193603489e+00
2.520117533149705480e+02 1.891861505574167950e+02 7.430149114875423955e+00
2.520437322622289287e+02 1.893019785291304515e+02 7.654685123530672541e+00
2.519619372912627000e+02 1.896449558091036920e+02 6.472890936554311914e+00
2.520508116908571026e+02 1.900578453867422013e+02 6.571152308327540936e+00
2.520430136048377392e+02 1.896365867171207640e+02 6.766190697698728052e+00
2.520426660359903508e+02 1.898334478829659986e+02 7.762269441642406953e+00
2.519794137323667655e+02 1.901357308615003490e+02 6.996392339896199353e+00
2.520711327085805067e+02 1.902176395109993905e+02 8.758004536688112296e+00
2.520085389564572154e+02 1.905972042920832621e+02 7.443236519293990661e+00
2.520167277307674283e+02 1.907496524311526116e+02 7.992505056734734659e+00
2.520753309743948876e+02 1.900633908085026178e+02 6.071667128349596432e+00
2.520290951711450020e+02 1.882380650607069583e+02 6.081546707503828308e+00
2.520677275791960312e+02 1.887328868075409503e+02 4.283637085857344928e+00
2.521220162651767396e+02 1.885037213386365806e+02 6.074008644795091172e+00
2.520828415974577865e+02 1.894234486146898746e+02 4.233298402228621526e+00
2.520914916191481723e+02 1.888406880295198391e+02 6.130384050509854355e+00
2.520174359349601900e+02 1.890418428466149976e+02 6.801769465162102790e+00
2.520414704514213611e+02 1.893357880927616748e+02 6.741704080406002220e+00
2.520450833381243854e+02 1.891606147003329284e+02 7.867752666872246614e+00
2.520712555336619118e+02 1.891821482890727566e+02 7.576700343387567926e+00
2.520969560286208662e+02 1.887262163603008389e+02 7.284785631033455111e+00
2.520885438171944770e+02 1.890553235526240030e+02 7.695949124283302467e+00
2.519949171322695349e+02 1.896605206215471640e+02 6.270667279920973947e+00
2.520882720340356116e+02 1.893881651500817895e+02 8.330570640101605306e+00
2.520123504539301393e+02 1.892469437461127200e+02 8.570461090582190522e+00
2.520287436823481926e+02 1.896074484265323008e+02 8.177100700886953177e+00
2.519998445086735330e+02 1.900036586194460710e+02 7.181769360630118726e+00
2.520317790298386456e+02 1.900619378139226114e+02 6.493769893743237986e+00
2.520606259375212232e+02 1.901877329103272416e+02 8.141437001186437428e+00
2.520640545866021398e+02 1.901957322204161471e+02 7.772625947974431071e+00
2.520946118988757689e+02 1.907884037443356817e+02 8.367244380099201351e+00
2.520105603437011723e+02 1.903676781878335191e+02 8.272747466406032757e+00
2.520079091512525622e+02 1.907240773745746765e+02 7.339035117520083418e+00
2.520186445860272215e+02 1.911058059677309870e+02 8.098359370508390498e+00
2.520951227989484096e+02 1.911717983159897472e+02 8.767929848585421126e+00
2.520067109533839584e+02 1.914388579358069080e+02 7.544541078456481031e+00
2.520445515316548892e+02 1.909354501931228469e+02 8.535040427744879921e+00
2.521089811267502512e+02 1.870013471559460356e+02 6.000401141489267509e+00
2.521442084054168333e+02 1.864244547350375569e+02 4.302339164475850630e+00
2.520861931542003447e+02 1.863634041363306153e+02 3.604858646624400809e+00
2.521585109941514418e+02 1.865637514438480196e+02 3.454391388655143835e+00
2.521431343392794702e+02 1.868007437450673933e+02 4.017019113673305775e+00
2.521314555033476381e+02 1.869553112701158852e+02 5.325747795681783359e+00
2.521177983996153102e+02 1.875502824976872205e+02 4.072623596004787849e+00
2.520151048717131346e+02 1.882126677085020958e+02 3.432120849426903320e+00
2.520385513957633066e+02 1.874219721004134271e+02 5.638220029373487208e+00
2.521326380214186145e+02 1.873459538282225765e+02 5.181387818887884578e+00
2.521083826811408528e+02 1.872729473838257661e+02 5.606792488331617363e+00
2.521104027617350312e+02 1.873263305614935632e+02 5.877360462867625479e+00
2.521453843902388030e+02 1.869807478218147878e+02 5.542518384562716172e+00
2.521191769151566291e+02 1.879080027073783867e+02 4.172648945010950072e+00
2.520996215942172967e+02 1.874583832038007927e+02 5.116792279267649235e+00
2.521174233911220881e+02 1.883894717998839781e+02 4.721522874211436793e+00
2.520426281431460893e+02 1.881872638230482551e+02 4.633597102373398613e+00
2.521017200737995836e+02 1.882947710488216728e+02 4.944888124643937566e+00
2.521132512583037624e+02 1.882032167104829909e+02 5.501276596856722989e+00
2.520035122746682532e+02 1.886002827590171762e+02 5.441230811847654891e+00
2.520351358131804318e+02 1.885976394064673798e+02 5.434020718239263026e+00
2.520455942381970260e+02 1.887830752264424063e+02 5.041635089296447880e+00
2.520506561995306640e+02 1.884672631958563613e+02 6.552358764222883103e+00
2.520324767808330080e+02 1.892044018418535529e+02 5.675443868937798619e+00
2.520461547909621629e+02 1.889265819609154846e+02 7.011993738534147980e+00
2.520794403880227321e+02 1.892609967647350970e+02 5.406321049082992936e+00
2.520900490777665652e+02 1.883991201020232040e+02 5.345228637582383868e+00
2.521481126750257431e+02 1.852947318493276043e+02 3.018003020974342476e+00
2.521023185194089820e+02 1.848056528283741500e+02 2.661428743159688359e+00
2.522346664645714895e+02 1.851695090655363174e+02 2.955537320531649748e+00
2.522358973286851551e+02 1.846884685541658655e+02 4.189802643613879773e+00
2.521498283062159942e+02 1.855792548437508174e+02 2.910508861698958505e+00
2.522042228308306733e+02 1.856994940651966033e+02 3.936805188967694491e+00
2.521854436598738403e+02 1.858103502344129652e+02 4.025797187044306114e+00
2.521163127387902421e+02 1.860732638544078554e+02 2.794746222475422037e+00
2.521977144081660356e+02 1.860567713206048097e+02 2.696407758363865259e+00
2.521590846134145920e+02 1.854198749274809472e+02 2.936828708664133369e+00
2.521747317447956220e+02 1.862286192892870531e+02 2.881936350474836317e+00
2.521946764473759970e+02 1.860603097282691181e+02 3.220383475583942001e+00
2.521486235750983838e+02 1.867407593725990296e+02 2.588667948925672313e+00
2.521419204616132390e+02 1.864865245205901942e+02 3.556656335422230697e+00
2.520940552660600247e+02 1.867766007766726375e+02 3.124642631279105576e+00
2.521035206372269784e+02 1.870344119291900427e+02 3.254191732565371531e+00
2.521547151764761168e+02 1.866530126117838790e+02 3.018924209084874910e+00
2.521404530938854123e+02 1.871638564984921231e+02 3.399551296457933525e+00
2.521658439128412397e+02 1.869731091470712840e+02 3.941676379430196331e+00
2.521241134381092195e+02 1.870218772376377956e+02 3.968886054910651495e+00
2.521237345096666047e+02 1.873260927512295666e+02 4.129154493046010010e+00
2.521671374961453864e+02 1.875738217938733783e+02 3.110443267878889362e+00
2.521399526470111709e+02 1.873717274955704681e+02 4.047377815176998794e+00
2.521449022364618031e+02 1.874571079135938589e+02 4.682353433091690498e+00
2.521273460897197936e+02 1.877972941895896497e+02 3.559564937881868563e+00
2.521305460750853342e+02 1.865745901039570640e+02 2.103721861296510287e+00
2.521810376367409106e+02 1.854923560986572966e+02 2.923253923869356008e+00
2.521367618081942510e+02 1.850715416899685977e+02 3.777691829257456835e+00
2.521616391137778521e+02 1.852997493845679458e+02 2.746381886697782271e+00
2.523250735643838709e+02 1.860438250343648861e+02 3.004984868995290714e+00
2.521592322648422453e+02 1.860816499328381894e+02 4.051857010698848960e+00
2.521857193629820983e+02 1.863559353260613989e+02 3.814300236764944341e+00
2.521350017509107317e+02 1.862146224566061505e+02 4.424303163660501248e+00
2.521527944012669309e+02 1.861982148550402769e+02 4.242499830135526118e+00
2.521915849139440411e+02 1.860166937578725594e+02 3.792210015209403817e+00
2.521020833224445710e+02 1.855416050363510010e+02 5.198455278603870688e+00
2.522117870265354327e+02 1.862664533343089772e+02 4.246938519513507870e+00
2.521800968488833234e+02 1.863437076972126647e+02 4.973252878549514477e+00
2.520740060314954860e+02 1.870650803066968422e+02 2.260630902790481400e+00
2.521695482650303859e+02 1.869410805471204071e+02 3.817798138285362075e+00
2.521418067830804546e+02 1.866476958537388384e+02 5.093141917848313938e+00
2.521585606468439096e+02 1.874774158648192497e+02 3.821029483246136227e+00
2.521051826957753406e+02 1.878918224628780820e+02 3.111176298417908548e+00
2.521272350244866232e+02 1.877685779468872909e+02 3.601058908999681396e+00
2.521270128940202540e+02 1.878947310653377087e+02 3.614223405756576302e+00
2.522258282853096034e+02 1.876607205389668991e+02 4.096160278891333384e+00
2.521245851386878201e+02 1.879351026242754585e+02 3.968382994736814773e+00
2.521169137976992545e+02 1.877881254279278096e+02 4.535642793303680698e+00
2.521333148660161214e+02 1.873649172368015172e+02 4.788851925217818106e+00
2.521697311960026866e+02 1.868441754778418442e+02 3.198162589048183957e+00
2.521085237993194994e+02 1.862927392083792881e+02 2.943007855578610776e+00
2.521527094690297872e+02 1.853815208358377333e+02 3.315877363076167317e+00
2.522205089139649488e+02 1.863330127685818809e+02 2.896255925656852970e+00
2.522003015747743291e+02 1.863836990210579643e+02 2.277555937678031217e+00
2.521718466620324079e+02 1.870131618834572862e+02 3.202168777341646955e+00
2.521324328773996513e+02 1.866617750053572706e+02 4.244728974698033674e+00
2.521696122908707025e+02 1.867525466604644464e+02 4.330318456689785656e+00
2.520442692952976245e+02 1.875818524635575386e+02 3.120614229939005391e+00
2.522490474522942066e+02 1.868345480820994169e+02 3.128625299876129695e+00
2.521880621860773886e+02 1.870564472714538908e+02 2.849933883520010092e+00
2.521873801148806535e+02 1.869730033084373133e+02 3.476481610210684359e+00
2.521605977138854939e+02 1.872746447219187758e+02 3.451060738309404297e+00
2.521882163707540485e+02 1.874155329301883057e+02 3.842648004223092162e+00
2.522143937928907746e+02 1.870175783597886436e+02 3.616555775653455651e+00
2.521420994726361471e+02 1.874421363201605573e+02 3.474309958239472529e+00
2.521136537064428182e+02 1.876929124701430567e+02 3.337831693052281778e+00
2.521408895149193370e+02 1.876763193243052683e+02 5.176319324305254099e+00
2.521653852787606809e+02 1.874623658723978110e+02 5.032054732946913411e+00
2.521017435934960247e+02 1.878456689785657261e+02 4.828234350255319107e+00
2.521259048549879935e+02 1.878997211609322164e+02 4.909476608355241467e+00
2.521197858139644268e+02 1.882013795608611417e+02 4.084809412059854594e+00
2.521013489852557541e+02 1.871668892326829621e+02 3.638760982391587184e+00
2.521244178875131183e+02 1.866802366604121630e+02 3.164543796288069366e+00
2.521107006778899233e+02 1.861228969471434027e+02 4.317155266582692441e+00
2.521685408380329250e+02 1.866919586157874562e+02 3.555702481066644438e+00
2.521949560704336477e+02 1.864481050964568851e+02 3.648157101119014811e+00
2.521165061229609705e+02 1.868446589382686227e+02 3.872379513821741615e+00
2.521442815778057707e+02 1.873331499668111064e+02 3.828110218524112707e+00
2.521105229735168223e+02 1.870690459888464261e+02 4.739940103173068131e+00
2.521577792702622105e+02 1.872773455670598821e+02 3.588326913327305245e+00
2.521550653586230908e+02 1.869879252491781187e+02 3.251390275389512308e+00
2.521528074677649442e+02 1.869811332835064093e+02 2.992256793272321413e+00
2.521332403869774055e+02 1.868762471972361823e+02 3.795683090383580094e+00
2.521762383120175173e+02 1.876092999493019988e+02 3.140634718207903742e+00
2.521446448264507865e+02 1.879176758358638892e+02 2.829339775987957939e+00
2.521097899429778124e+02 1.870318352157801485e+02 5.382134961244767091e+00
2.521299541627249425e+02 1.868346330143365606e+02 4.920057858453239952e+00
2.521147826518719057e+02 1.875390701357347893e+02 5.021618520976955935e+00
2.521134577089725042e+02 1.877967244902759205e+02 3.430175247871467548e+00
2.520657506180453424e+02 1.878976592675443840e+02 2.278684883107108483e+00
2.520768885009590861e+02 1.879148247259955440e+02 4.108875288116281332e+00
2.521338153128903627e+02 1.876304467697003702e+02 3.379225052135327090e+00
2.520893461001730032e+02 1.869598335850811850e+02 3.491807305740374012e+00
2.522444728713367965e+02 1.864175098913389945e+02 2.976881445050149289e+00
2.521819013322601393e+02 1.858764810875507578e+02 3.375719310716096544e+00
2.521472934055997825e+02 1.859700176136393281e+02 3.818685353501037660e+00
2.521495839627029909e+02 1.860935953253296589e+02 4.253585447057163016e+00
2.521394652666349714e+02 1.862632455090446228e+02 2.977281279889614218e+00
2.521124215356793741e+02 1.869697118575856223e+02 2.551939329636385700e+00
2.521730879793444728e+02 1.866868404685123437e+02 3.400834426563667634e+00
2.521391372975346030e+02 1.863806741267659390e+02 3.799889196096775557e+00
2.521895099540581953e+02 1.865343465966999190e+02 3.978462491310778670e+00
2.521607950180056434e+02 1.869993728080949609e+02 2.853102509290279976e+00
2.521183876986761163e+02 1.870727111415415322e+02 3.395529428366844460e+00
2.520562421274349560e+02 1.867146302965049642e+02 4.533788657234397057e+00
2.521881588781627386e+02 1.868424284870563383e+02 3.945148147954570472e+00
2.521968232730009447e+02 1.870395588227607959e+02 3.757293719195730741e+00
2.520817988909156497e+02 1.870897955877049412e+02 4.896536855364320040e+00
2.522150445044922549e+02 1.870900543043657649e+02 4.083714439525634177e+00
2.521478082256218443e+02 1.873592607498079303e+02 3.156698670875821122e+00
2.520817387850247542e+02 1.879011205828703339e+02 3.587622629083933923e+00
2.521102577236069919e+02 1.876520548374788859e+02 3.676865503922562617e+00
2.521164708434163231e+02 1.878809968692670793e+02 4.220883922458174453e+00
2.520907585886091624e+02 1.881178297592105650e+02 2.815423955594813066e+00
2.521473718045879195e+02 1.865333796758463052e+02 3.749979093603165392e+00
2.521794592037798850e+02 1.857216718322888767e+02 3.805165447997951311e+00
2.522079363295684402e+02 1.859173583199619486e+02 3.960762613090540452e+00
2.521316737138645863e+02 1.857719203570812567e+02 2.966680430044582817e+00
2.521490573828327229e+02 1.864150965091543810e+02 2.602879072174108632e+00
2.521345391968807519e+02 1.860710268699465360e+02 2.942964736135138981e+00
2.522458422403294946e+02 1.856819274652561944e+02 3.671945967417380441e+00
2.521329842836161674e+02 1.863090775575056455e+02 4.131412383904165431e+00
2.521756699193535667e+02 1.859375565126039476e+02 3.571766433734561819e+00
2.521920017352309458e+02 1.860534315237104579e+02 3.626893988888249876e+00
2.522163315545473949e+02 1.857922740410497227e+02 3.500772230033084575e+00
2.521778755442196314e+02 1.864557071850059344e+02 3.340396646613947862e+00
2.521365331444788751e+02 1.868430478390625638e+02 2.811936507272812857e+00
2.522016931568136613e+02 1.862663932284180532e+02 4.509126948868179774e+00
2.521582078513973215e+02 1.866424875476273826e+02 3.786147160127319999e+00
2.520818420103591109e+02 1.868190917215895013e+02 2.700692263065191501e+00
2.521812663004562864e+02 1.867494760334293176e+02 3.371278008038509633e+00
2.521225833511908831e+02 1.865435127450621735e+02 4.125209717293248701e+00
2.522017088366112887e+02 1.869985535386690003e+02 4.100967443513528821e+00
2.522501398115288396e+02 1.870639043218748725e+02 4.273715693909443836e+00
2.521324250375008376e+02 1.868745942852364124e+02 4.602323746008185168e+00
2.521256801112220387e+02 1.870632509969738067e+02 4.654642004087200746e+00
2.521685107850874772e+02 1.873629180626041943e+02 3.859846128919296238e+00
2.521553358351321492e+02 1.873994114849290895e+02 3.761546864301804849e+00
2.521333684386580103e+02 1.874037299625252899e+02 3.897609614851904158e+00
2.521245825253882060e+02 1.870720617365898590e+02 4.637771848491341942e+00
2.521128148372698377e+02 1.868169723356103873e+02 3.005047588185794982e+00
2.521588846959948569e+02 1.863022790585849577e+02 1.807199901739934944e+00
2.521959844038279641e+02 1.848696629888830216e+02 3.923034406702590626e+00
2.521994130529088523e+02 1.858057469071599144e+02 2.764205896649227334e+00
2.521766695064522423e+02 1.858758029363034439e+02 4.029988919609677644e+00
2.521867908158198759e+02 1.860446887298841148e+02 2.905406394221472066e+00
2.521472293797594659e+02 1.851286867124168225e+02 3.789739140433494136e+00
2.521818033335249822e+02 1.860816486261884108e+02 3.384104082496641741e+00
2.522123880854444451e+02 1.857782759017190415e+02 3.610639265349215421e+00
2.521865699920033137e+02 1.860382351865112014e+02 3.293605517198124666e+00
2.521575662863444620e+02 1.854171414160947791e+02 3.442234318895724066e+00
2.521993385738701363e+02 1.860567046814649075e+02 3.522491363044807589e+00
2.521608969366901931e+02 1.859377172305296142e+02 3.490224952829942051e+00
2.521563471820790312e+02 1.861690125386114971e+02 3.437559125903548285e+00
2.521278818161386823e+02 1.863926195192574085e+02 2.492631801765545330e+00
2.521319285105760173e+02 1.862524917811727505e+02 3.771493082595947399e+00
2.520802060848068038e+02 1.865763410146919625e+02 3.810141170444626635e+00
2.521427109847435588e+02 1.866095116265699403e+02 3.155611538240413072e+00
2.521363502135065744e+02 1.861198145602600675e+02 3.292243988104260222e+00
2.521464035770844987e+02 1.864881787392397428e+02 3.598133320092615328e+00
2.521611282137051830e+02 1.866823090069984232e+02 3.062866841931960238e+00
2.521512760741968009e+02 1.860468185690616565e+02 4.100430410444835694e+00
2.521710613655013162e+02 1.867867077128924507e+02 3.286715552791265260e+00
2.521529694923404179e+02 1.870228154121957402e+02 3.943874164397451310e+00
2.522167549090833063e+02 1.867587911398690323e+02 3.969660898243339897e+00
2.522622093357514927e+02 1.870698195255293115e+02 3.491165740687506958e+00
2.521917913646127829e+02 1.871756045868634715e+02 4.217755802831771206e+00
2.521542865953410058e+02 1.869369541470451281e+02 4.171286109267283493e+00
2.521599809751788825e+02 1.875303913677487344e+02 2.665402265208097088e+00
2.521350736166498621e+02 1.854545259735847651e+02 3.287734739636960501e+00
2.521294484892515015e+02 1.849331217431753771e+02 3.002222611313496436e+00
2.521533013813901789e+02 1.848812399061302756e+02 2.372284128386183077e+00
2.522018577946887206e+02 1.854434717162583866e+02 2.513966779735429480e+00
2.521459749959493877e+02 1.859926122020185062e+02 1.339742015063059011e+00
2.521590872267142061e+02 1.851895517668518494e+02 3.226537796152177506e+00
2.522614161993215873e+02 1.845611512107417127e+02 4.200036324864500514e+00
2.521547452294215645e+02 1.854380465062797612e+02 2.480665502877243078e+00
2.521736001860669205e+02 1.857581273617695103e+02 2.359767729931165903e+00
2.521591878387489487e+02 1.849733234376388396e+02 3.571288199906966554e+00
2.522032742030742725e+02 1.851576342321341713e+02 2.664469317249345437e+00
2.521646679280192700e+02 1.849619007050682455e+02 2.877285983828901994e+00
2.521300312550632725e+02 1.856124920947686974e+02 2.566700552451536499e+00
2.521819065588593389e+02 1.859493882265626326e+02 2.567131746886253563e+00
2.521562766229897079e+02 1.857096192945136295e+02 2.928412577288335594e+00
2.521600058015251307e+02 1.848286799178378601e+02 2.879441956002487757e+00
2.521118296233189824e+02 1.849771845878042598e+02 3.233464346753498031e+00
2.522073104443132081e+02 1.850465663856498395e+02 4.077426840677576436e+00
2.521686166237214479e+02 1.849186140104218339e+02 3.745429338991998147e+00
2.521731467785855898e+02 1.860223241118701196e+02 3.196615515682410980e+00
2.521843173277443668e+02 1.856874689670671899e+02 3.726164094308756169e+00
2.521084231872847283e+02 1.861402557897652628e+02 3.409198291947378667e+00
2.521882176774038555e+02 1.856627510727594768e+02 5.244210234726570441e+00
2.521743567363023999e+02 1.854809242195380818e+02 4.271924277030664463e+00
2.521960980823607485e+02 1.861408986614679293e+02 3.875648751626779021e+00
2.521800824757355031e+02 1.862213347166399160e+02 2.386160749285262561e+00
2.521112468575072398e+02 1.863830078033126085e+02 3.932370419539118700e+00
2.521636735675198224e+02 1.866645555561362926e+02 3.578960847545327617e+00
2.521631025615562862e+02 1.867598547528079962e+02 4.411198772794505452e+00
2.521276453125244927e+02 1.866287925510508217e+02 3.787227759513717373e+00
2.521537090561284629e+02 1.860604051137046611e+02 3.701150897145754293e+00
2.521420014739009900e+02 1.853151822253814203e+02 2.594031746363593793e+00
2.521746977719007532e+02 1.848331342870134790e+02 2.590503791897726060e+00
2.521781277276314484e+02 1.848524648641868282e+02 2.791044483585864988e+00
2.521503901656309381e+02 1.853672835795932770e+02 2.183295527599057095e+00
2.522482190363196253e+02 1.848720502380715800e+02 3.071928458310031473e+00
2.521285390609891977e+02 1.845683678375991121e+02 3.501238704012460179e+00
2.521520665973271207e+02 1.857374287222532985e+02 2.850225266425894688e+00
2.522061292328920388e+02 1.855240266765623574e+02 2.778159609886635018e+00
2.521615006088988196e+02 1.856156424274417418e+02 1.748886734368548357e+00
2.521424065353396600e+02 1.854159889509692789e+02 1.804471616952997293e+00
2.521711933371313421e+02 1.852158441741711954e+02 2.559779228449424959e+00
2.521190410235771822e+02 1.852584200513252028e+02 3.097868070182774325e+00
2.521608864834917938e+02 1.853316878256824509e+02 2.900604456198485170e+00
2.521342229876286467e+02 1.855408942188586252e+02 2.356651370152982761e+00
2.521383154148090568e+02 1.852748759989337657e+02 4.047788103214880806e+00
2.522063213104129602e+02 1.851130487275844132e+02 3.753179078968687410e+00
2.521619906025746332e+02 1.857853461837985947e+02 2.448860340042544603e+00
2.521914869152088841e+02 1.856206168432386221e+02 2.861684585190953811e+00
2.521702303362271209e+02 1.858252538820565576e+02 3.317138280135264239e+00
2.521862302630547390e+02 1.860948575490385792e+02 2.244271647267272574e+00
2.521250058799241174e+02 1.858793857700609919e+02 2.991527682682708633e+00
2.521221547700557721e+02 1.859811750963000918e+02 4.053752959561801816e+00
2.521049383522623373e+02 1.859987665225867488e+02 2.867034009481050916e+00
2.521053055208567457e+02 1.859643715798441406e+02 3.575014765142764617e+00
2.521800289030936142e+02 1.864471251091052579e+02 2.703800782944561387e+00
2.521756163467116778e+02 1.864886478265187293e+02 3.508660474888804170e+00
2.522121698749274685e+02 1.865643577293562316e+02 3.231114990409190479e+00
2.522298214071050495e+02 1.861583790225214159e+02 3.796864301804744546e+00
2.521196525356845939e+02 1.869777020211259071e+02 4.363102300226311847e+00
2.521544290201694594e+02 1.862939491660960982e+02 3.272729173308803308e+00
2.521300090420166384e+02 1.852368341965932927e+02 2.465066717538899166e+00
2.521242872225329279e+02 1.846907133785259987e+02 2.112644972795551190e+00
2.521833268871943119e+02 1.849903908973548141e+02 2.342381447663449023e+00
2.521451426600254138e+02 1.855178488362976736e+02 1.710881518222538089e+00
2.522047886101950098e+02 1.853358769449482395e+02 2.415637462172488092e+00
2.521237044567211569e+02 1.847084994956331627e+02 3.402689869282753854e+00
2.521339342180223468e+02 1.847042345906788796e+02 3.429945277506285084e+00
2.521246504711779153e+02 1.847178668680649594e+02 4.048863476002069639e+00
2.521403368020530138e+02 1.849178692200345893e+02 3.031802549535094204e+00
2.521372518018700646e+02 1.853531913614768314e+02 2.669339201062045142e+00
2.521921546132577987e+02 1.846773711773959974e+02 3.888985726157561107e+00
2.521624740630014401e+02 1.848388848527928303e+02 3.177977462904212125e+00
2.521825063111185443e+02 1.851911654793575508e+02 3.804786519555320989e+00
2.521055002116772812e+02 1.856533222877870060e+02 2.463886812767536405e+00
2.521456078273549792e+02 1.856180192234319009e+02 2.106712782693684893e+00
2.521979861913249010e+02 1.853983687783869811e+02 3.850399050849583560e+00
2.521424718678297552e+02 1.857653583617747302e+02 2.276770641146924845e+00
2.520903535271704641e+02 1.851767779583858271e+02 3.114593187650591233e+00
2.521523004876416962e+02 1.845011132656314601e+02 2.879954162724939870e+00
2.521504568047708403e+02 1.839116391137778521e+02 3.744387939099666163e+00
2.521316057680748770e+02 1.840230453825609231e+02 3.166204548186631218e+00
2.521868274020143303e+02 1.851662045481866414e+02 1.838751574513011633e+00
2.521317873923973991e+02 1.852389940887162822e+02 3.726756006669140753e+00
2.521554312205677206e+02 1.860827605851700355e+02 3.512304721187065049e+00
2.521555239927036780e+02 1.864065196598529326e+02 2.161823351399944748e+00
2.521689249930747678e+02 1.863676010954951892e+02 3.519158099399463779e+00
2.521881405850655256e+02 1.865013523825452353e+02 3.671364508255413384e+00
2.521356877420568878e+02 1.871165374825562253e+02 2.445866805345765727e+00
2.521101780179690479e+02 1.862593033465914800e+02 3.463885506117734270e+00
2.520644635679902024e+02 1.851588102169561409e+02 2.194929937437607670e+00
2.521370492711507438e+02 1.848807133262600075e+02 1.845901562230503501e+00
2.522053282565632912e+02 1.844812940014320759e+02 2.912258465784068218e+00
2.521872899560443102e+02 1.847509094282623039e+02 2.057517417641863133e+00
2.521545714449978846e+02 1.844027774148194965e+02 3.489780691897203191e+00
2.521803163660501070e+02 1.849714758348185626e+02 2.437091345274370546e+00
2.522414571235933920e+02 1.850049613492988385e+02 2.564199624730176819e+00
2.520775888652530341e+02 1.846080364189432999e+02 3.257044149083515805e+00
2.520985109418854506e+02 1.844510934045544559e+02 3.919995139262736128e+00
2.521351912151320391e+02 1.849965883373665179e+02 2.190640206137072887e+00
2.521568280292062241e+02 1.851465015758196557e+02 2.228079642918741943e+00
2.521314764097444652e+02 1.848397563882108727e+02 2.462516137125057014e+00
2.521844440727751646e+02 1.847415969351222316e+02 2.973319517689425151e+00
2.522139521452576503e+02 1.846945222626993370e+02 3.478832273204794046e+00
2.521837881345744847e+02 1.849094256490129453e+02 3.521380710712960216e+00
2.521701101244453298e+02 1.854721722791631180e+02 2.881546968833788913e+00
2.521431970584699513e+02 1.855102519743478524e+02 2.931645228898912325e+00
2.521270298804676884e+02 1.853826510879166278e+02 2.283583513215456051e+00
2.521471000214290541e+02 1.855974643153938928e+02 3.065071160148226337e+00
2.521250685991146270e+02 1.862238591640577283e+02 2.687442834071155140e+00
2.521167870526684283e+02 1.858707096153745510e+02 2.995482911633887024e+00
2.521580484401214619e+02 1.858311756189600032e+02 3.648853545463573322e+00
2.521533013813901789e+02 1.858804101835058873e+02 2.828928181300273348e+00
2.521562034506007990e+02 1.858579410335077284e+02 3.118790146815171749e+00
2.520872332474428958e+02 1.865728013003778756e+02 2.282010306853639481e+00
2.521928210046569063e+02 1.867246784334836889e+02 3.504334157393808713e+00
2.521139333295004974e+02 1.868111159311970368e+02 3.405205170151937022e+00
2.521418093963800686e+02 1.864227155841508647e+02 4.055575736035833323e+00
2.522252076266535710e+02 1.858438174557960281e+02 3.686658844189850903e+00
2.522086602135588578e+02 1.848255766245576979e+02 2.163450130403650196e+00
2.521902665042936462e+02 1.840832348990482501e+02 3.523833292391639560e+00
2.521982945606781925e+02 1.840957356177056283e+02 2.787672020446456234e+00
2.521139607691463311e+02 1.842053517762597323e+02 1.741109554746013366e+00
2.521331384682928274e+02 1.846938558713002294e+02 2.474730699475772067e+00
2.521582509708408111e+02 1.843497339661002741e+02 3.133190734284923007e+00
2.521629470702298192e+02 1.844133560516178818e+02 3.320304292605930296e+00
2.521686715030131438e+02 1.845609486800223635e+02 3.284051293844634234e+00
2.521660582034087952e+02 1.850330347202985308e+02 2.030003292757501576e+00
2.521688230743901897e+02 1.846162160467048921e+02 2.707669773008796188e+00
2.521406856775501808e+02 1.845893656999200232e+02 3.171275656068865523e+00
2.522613848397263325e+02 1.850173353229254190e+02 2.053324378426689023e+00
2.522379409289757461e+02 1.847237899116182120e+02 3.659336796826409000e+00
2.522236122072451110e+02 1.858806414605208772e+02 2.076789195574115787e+00
2.521880765592252089e+02 1.848010847806657750e+02 2.945713927318911463e+00
2.521492246340073962e+02 1.853440722525074591e+02 2.818712793146882944e+00
2.521639819368731423e+02 1.853246685029452010e+02 3.590929759733234583e+00
2.522248626711057966e+02 1.857314259730621018e+02 2.637193002628979599e+00
2.521582026247981219e+02 1.853511634409838678e+02 3.762159683059024040e+00
2.521175070167094248e+02 1.854738500175091076e+02 3.109243763360494128e+00
2.521166851339838786e+02 1.859955586973224229e+02 3.005622514098751363e+00
2.521879929336378723e+02 1.860943571021643379e+02 1.909736631665873929e+00
2.522022733093258182e+02 1.859202224963283072e+02 3.013734196070642746e+00
2.520943427290165175e+02 1.863897867024863046e+02 2.894060753989201817e+00
2.521027627803417204e+02 1.861356537691620190e+02 3.109008566396103124e+00
2.520982861981194674e+02 1.865347229118429482e+02 3.092333101620768243e+00
2.521092372301114892e+02 1.865027674842810086e+02 3.528730615850184549e+00
2.521124293755781878e+02 1.857074045230989441e+02 2.960209900224221258e+00
2.521765649744680502e+02 1.843301420589664872e+02 2.001436008132588373e+00
2.521622035864923816e+02 1.838510928818945445e+02 2.645158339823027394e+00
2.520860768623679746e+02 1.839857431440084952e+02 2.455725478103162551e+00
2.521455503347636693e+02 1.841115748266075798e+02 2.168803474643154150e+00
2.521400297393495009e+02 1.839541993111342322e+02 2.814119919092244348e+00
2.521415964124622917e+02 1.842968015826142505e+02 2.049967595084905891e+00
2.522098571047776261e+02 1.846306009543770017e+02 2.543273628148372545e+00
2.521564883002576778e+02 1.844770500028746198e+02 2.617790559716509424e+00
2.521469954894448904e+02 1.844948936125730938e+02 2.138110270790105183e+00
2.522323772141180882e+02 1.843291503117666537e+02 2.700318561221769720e+00
2.520975753806270916e+02 1.843678741853038616e+02 2.720545500159411212e+00
2.521424248284368730e+02 1.844688481620663936e+02 2.593680257566809200e+00
2.521541912099054628e+02 1.850091922813582812e+02 2.902432459271725662e+00
2.521222253291450954e+02 1.850647654040945156e+02 1.576088831280150870e+00
2.521965371166942873e+02 1.855715926493108725e+02 2.119900799147019121e+00
2.521910491875251523e+02 1.852808304020822732e+02 2.427190859723303618e+00
2.521526493631388917e+02 1.850175470001933888e+02 3.374664844325742763e+00
2.521680508443571114e+02 1.853589432339059897e+02 2.145786838377872652e+00
2.521508775460071377e+02 1.849620405165970567e+02 1.912987576373680998e+00
2.522072908445661596e+02 1.851140012752902066e+02 3.015823529104317835e+00
2.521673831463081967e+02 1.852650094862775632e+02 3.129848324090963807e+00
2.521917443252199007e+02 1.853120541057550099e+02 2.724891417401439586e+00
2.522369099822818157e+02 1.860741157900788778e+02 2.543661703139618258e+00
2.521653317061187920e+02 1.864083398230273474e+02 2.525930465324127461e+00
2.521416434518551739e+02 1.856484314975774623e+02 3.365449043271014684e+00
2.521498857988073041e+02 1.854318516795676430e+02 3.298641345535700431e+00
2.521221403969079518e+02 1.865677380323944590e+02 3.140957460709040472e+00
2.522079964354593358e+02 1.859069208013421814e+02 3.032440194638554409e+00
2.521250450794181859e+02 1.847482543158643011e+02 2.743829999634137984e+00
2.521508331199138695e+02 1.836188084399124136e+02 2.101228773473963862e+00
2.521547622158689990e+02 1.837564352502757004e+02 1.443044441773071451e+00
2.521318213652922395e+02 1.835764259469291062e+02 3.123871707895823580e+00
2.521219796789822851e+02 1.834106826461226376e+02 3.232358921020859199e+00
2.520736911288931594e+02 1.841870260127842585e+02 1.322320453250683370e+00
2.521428220499767292e+02 1.842695383344918980e+02 1.222897469803323034e+00
2.521624453167057709e+02 1.841853469677884618e+02 2.967498392820743458e+00
2.520666861793037015e+02 1.841298391775423511e+02 2.403374553779092704e+00
2.521121105530264686e+02 1.837845530473686608e+02 2.530710190300477169e+00
2.521545753649472772e+02 1.832452137417746485e+02 2.766666318226719490e+00
2.521717865561415124e+02 1.838634289626768634e+02 2.443442969962734246e+00
2.522038635021350785e+02 1.846543963539243975e+02 1.705384442504795484e+00
2.521327203403561441e+02 1.841348710859305129e+02 2.121514511652702772e+00
2.521796734943474405e+02 1.848436815642166096e+02 1.206451975393170839e+00
2.520158744884465989e+02 1.840037997376247176e+02 2.955031647058208755e+00
2.521580262270748278e+02 1.842458670666757143e+02 2.908138598957815901e+00
2.521297437921067797e+02 1.848044559371553817e+02 2.384455571293426335e+00
2.521303043448719166e+02 1.843883402411552765e+02 2.928196980070977062e+00
2.521527434419246561e+02 1.843086398298219422e+02 3.254020561441286929e+00
2.521345405035305589e+02 1.843824786101427264e+02 2.532248117117635200e+00
2.521881183720188915e+02 1.841545884314453190e+02 3.939440701618677654e+00
2.522264215043197737e+02 1.855819086494990415e+02 2.596633286119720552e+00
2.521833608600891523e+02 1.850251111958981767e+02 3.550656199530651591e+00
2.521429683947545755e+02 1.851718741016782701e+02 3.210624108211510119e+00
2.521797518933355775e+02 1.853683942319251230e+02 3.238172205990728081e+00
2.521760240214499618e+02 1.857025725321305174e+02 2.714784481181629516e+00
2.521604840353527095e+02 1.856811487019740810e+02 3.627480674649425918e+00
2.521582588107396248e+02 1.847601304559162543e+02 2.424156818882657660e+00
2.521207448949192269e+02 1.838940803537362285e+02 2.065866909877749791e+00
2.520673826236482569e+02 1.831837972811231054e+02 2.344770003501821520e+00
2.520816042000951143e+02 1.832806435511605798e+02 1.560077144604320232e+00
2.520756524102462208e+02 1.837563281049919226e+02 1.761262014644930929e+00
2.520843952040725640e+02 1.836740470602992730e+02 1.718750163331225211e+00
2.519940325303534792e+02 1.829937934134396755e+02 2.240560761829100578e+00
2.520697881659340851e+02 1.829588810373754200e+02 3.263701529825588477e+00
2.521302259458837796e+02 1.832560602417824782e+02 2.363882370158209234e+00
2.520745273847665544e+02 1.830925552320871361e+02 2.058422925954769056e+00
2.521311040145508571e+02 1.838584663067281895e+02 1.015371428272765719e+00
2.520544585504549673e+02 1.829816232771822229e+02 2.954934954972847638e+00
2.520707590067370916e+02 1.835366972596940229e+02 1.728386705622252828e+00
2.521182896999409309e+02 1.839947720941414957e+02 2.184624390447867270e+00
2.521671557892425994e+02 1.839167298214071025e+02 2.510846500007839932e+00
2.521146650533897002e+02 1.834983301015528241e+02 2.665245467231836418e+00
2.521199086390458319e+02 1.837992084315498573e+02 3.064983614611480611e+00
2.521778010651809154e+02 1.837557427258805376e+02 2.861501654218649549e+00
2.521462258727113976e+02 1.841412606034631381e+02 2.068640927407763730e+00
2.521416173188591472e+02 1.841620872946599832e+02 2.465706975941963641e+00
2.520787687700243964e+02 1.837284023854198836e+02 2.886390719650445025e+00
2.521166851339838786e+02 1.847414022443016961e+02 2.162262385733474623e+00
2.522242145728039020e+02 1.847111376215837595e+02 2.781999853655221955e+00
2.521314084639547559e+02 1.844000399834839357e+02 1.999726910191345741e+00
2.522067747178943193e+02 1.849130437623151693e+02 2.504624233649891174e+00
2.520835106021565082e+02 1.852557753921255994e+02 1.849477862739051570e+00
2.521718218356861883e+02 1.853489160033241205e+02 2.399742067329051043e+00
2.521140417814340822e+02 1.847986073726408449e+02 3.405133304412817807e+00
2.521892277177009305e+02 1.851548667478531627e+02 3.022752693005242186e+00
2.521275303273419013e+02 1.837898789519623222e+02 2.400918052151006954e+00
2.520570156641178414e+02 1.828422442494342306e+02 2.096425528801174831e+00
2.521308230848433709e+02 1.833503964375499891e+02 1.551116140261016296e+00
2.521206978555263447e+02 1.827467268422455504e+02 1.386820607435359953e+00
2.520718278462752551e+02 1.823869813253610346e+02 2.367721307276994036e+00
2.520783258157414650e+02 1.826276152595790450e+02 2.107845648072169009e+00
2.520588580403388903e+02 1.833617198647356190e+02 1.513783848763125217e+00
2.521844793523198121e+02 1.848673685118304206e+02 4.280497206382722908e+00
2.521659654312728378e+02 1.845975283412342094e+02 3.739531121784988255e+00
2.521848177746185797e+02 1.850351488796784736e+02 2.916259427478322674e+00
2.522046148257713014e+02 1.852688209837505156e+02 3.224471982814941740e+00
2.522079912088601361e+02 1.846152857120457327e+02 3.732752222611313453e+00
2.521636448212241817e+02 1.854171623224916345e+02 2.457575694223039786e+00
2.522100766219444097e+02 1.852177740959290020e+02 3.545666103936151892e+00
2.521573114896330310e+02 1.851716924773557480e+02 4.513536891950514551e+00
2.521643582520161715e+02 1.852123449660009840e+02 3.566304637561477975e+00
2.521846074040004453e+02 1.854139035378850053e+02 3.401175462162035146e+00
2.522055229473838267e+02 1.855729384986071011e+02 4.205073459851877971e+00
2.521269475615301303e+02 1.855726431957518230e+02 3.802639693930350173e+00
2.521964887706515981e+02 1.857907962201234398e+02 2.607424906835869027e+00
2.521844610592225990e+02 1.861609701090791305e+02 2.758642181791573833e+00
2.521896288591901794e+02 1.861676928223112952e+02 3.964898159714418835e+00
2.521598947362919318e+02 1.857799941462088782e+02 4.917963298820356322e+00
2.520662053321765086e+02 1.862123750189464317e+02 4.021794918700249077e+00
2.521800354363426209e+02 1.858257595555299986e+02 4.698716608564305730e+00
2.521236025380365788e+02 1.871918410173052791e+02 2.896856984565852500e+00
2.521328679917837974e+02 1.868774218754083165e+02 4.323265161057654460e+00
2.521787091867934407e+02 1.870110098312331104e+02 4.649253380303037808e+00
2.521010184028558001e+02 1.865348705632706015e+02 4.673479974285132066e+00
2.521680129515128499e+02 1.856391895635267133e+02 4.886525304580068507e+00
2.522141899555216469e+02 1.846802066074667152e+02 3.443334518029153912e+00
2.521725026002331163e+02 1.847901023890784984e+02 2.435829121565471045e+00
2.520945243533390112e+02 1.842013847874603414e+02 3.312817189239477766e+00
2.521023433457552301e+02 1.847138998792655684e+02 2.424942115413763588e+00
2.521959883237773568e+02 1.841881575715129316e+02 4.008088162275452504e+00
2.521187862268657511e+02 1.844653672469933952e+02 3.180734493986797418e+00
2.521540997444193124e+02 1.853122906093691995e+02 3.300197565450088799e+00
2.521213368072796186e+02 1.846304925024434453e+02 3.598517475134454191e+00
