2.522977161480256711e+02 1.202332523403118358e+02 7.465632577342454779e-01
2.533764549757777047e+02 1.841093468803403823e+02 1.204812699436913626e+01
2.533252768801891364e+02 1.843083099344158029e+02 1.078920557944457670e+01
2.531693329670163450e+02 1.841068969254578462e+02 1.027731750104602071e+01
2.531126865822121204e+02 1.846314015153424748e+02 1.061427955699169701e+01
2.529335991652005475e+02 1.864280035892343221e+02 1.201713456099933985e+01
2.524933773081750985e+02 1.854838686098270273e+02 1.257045384658039744e+01
2.524770241113872373e+02 1.859906589168779760e+02 1.140923950577453283e+01
2.522956266288923359e+02 1.859079653780038370e+02 1.184418463384264797e+01
2.521654740360233973e+02 1.867359430057821044e+02 1.125502719651561989e+01
2.520833639997781859e+02 1.868986961299786742e+02 1.138885346144345689e+01
2.520814773832868809e+02 1.875082635566690783e+02 1.085273931169374606e+01
2.521288267942390746e+02 1.871806703096722799e+02 1.229295990845436037e+01
2.521141308457385435e+02 1.880002734774740247e+02 1.223068896159216834e+01
2.520356894404928028e+02 1.879092269031259548e+02 1.148388247274047202e+01
2.520687625711419457e+02 1.884001933246291003e+02 1.105781086953234116e+01
2.520857143937369926e+02 1.889231024192044117e+02 1.215975873489572656e+01
2.520585027549389849e+02 1.891024670944845809e+02 1.172988491261323496e+01
2.521063020804452321e+02 1.880068747447963631e+02 1.210473305069793426e+01
2.521619755407796504e+02 1.857933644534735436e+02 9.412324634145111446e+00
2.522055958280192272e+02 1.840794798634881033e+02 1.033983167902566436e+01
2.521058559466857503e+02 1.842281470073750711e+02 8.418983873650885741e+00
2.520963800152239855e+02 1.848880695767022360e+02 8.471857025472473879e+00
2.521477194247142961e+02 1.847803635612060305e+02 8.176129575391565041e+00
2.521874354114260655e+02 1.850396088641988968e+02 7.774505850149467712e+00
2.522134573601988166e+02 1.852773099394568703e+02 9.040959868125884924e+00
2.522557102600682697e+02 1.857486893245484509e+02 6.885854031083172622e+00
2.521374646495707452e+02 1.853476125542543969e+02 8.207532855104828329e+00
2.521438441102782235e+02 1.855234258031667878e+02 7.981004027806483769e+00
2.522607840863835804e+02 1.859018304086786770e+02 7.449297024262619082e+00
2.521377179628070735e+02 1.859818799118822881e+02 8.830866154831099379e+00
2.521199721733519539e+02 1.866898702431302866e+02 9.563958441506066777e+00
2.520980082774195807e+02 1.872362794964989803e+02 8.513002152532376243e+00
2.520862966361010535e+02 1.870458181891506229e+02 1.081411345408350932e+01
2.520548782332094788e+02 1.872785160129252802e+02 1.072068245862550562e+01
2.521016592647110599e+02 1.875601663045505632e+02 1.042334817085158605e+01
2.521032396368420905e+02 1.877377729103548347e+02 9.707116967701931998e+00
2.520590018198224413e+02 1.877673261212576392e+02 1.056252299983364473e+01
2.520510066995679779e+02 1.882282453080339337e+02 1.022486149689218671e+01
2.520924038795993454e+02 1.883257204934188849e+02 1.157994490122043985e+01
2.520262147692959047e+02 1.886347727238356526e+02 1.049211578305296655e+01
2.520458786818637691e+02 1.891524265139561862e+02 1.192229584969577161e+01
2.521130344153127112e+02 1.899506492884544571e+02 1.071817201102983752e+01
2.519653729627818564e+02 1.904570337902213453e+02 1.182410231334217166e+01
2.519736213962726481e+02 1.896438541923970718e+02 1.189195371299232207e+01
2.520813538773308551e+02 1.876017033739810813e+02 9.532348478356210464e+00
2.521496589723296324e+02 1.831964047164152021e+02 7.421365774231112766e+00
2.521244713188923754e+02 1.828120995508415945e+02 6.362999127896718399e+00
2.521581392945541324e+02 1.837573977547121444e+02 5.337593448639165850e+00
2.522216125340901556e+02 1.837739714978499990e+02 6.730996466217340490e+00
2.521352226383896777e+02 1.839909853254760037e+02 5.669769018656960924e+00
2.521350840092553938e+02 1.842952258646677137e+02 5.497493333198905319e+00
2.521421591361640537e+02 1.843360231586270288e+02 6.669869839845541826e+00
2.520812744806448507e+02 1.843663955416870408e+02 6.279177651975339280e+00
2.521320908802193799e+02 1.839641215197785868e+02 7.337439696326580219e+00
2.521700286332175551e+02 1.844875750487722428e+02 6.679770480564195090e+00
2.520905575915834334e+02 1.849363906518593978e+02 5.389560470028381012e+00
2.521907486477358020e+02 1.850613534740461148e+02 8.480807426488750522e+00
2.521629535063088952e+02 1.862077420590711370e+02 6.035088294155899646e+00
2.521359561125366042e+02 1.861245015652489485e+02 7.487407433546233726e+00
2.521375894157916093e+02 1.863938441102782235e+02 6.786787131183489308e+00
2.521395075389043825e+02 1.861701723034112774e+02 8.133211255677492701e+00
2.521911771377872640e+02 1.869034889172308453e+02 7.235262462759173729e+00
2.520796941085138485e+02 1.862081012345554427e+02 9.665456392315409317e+00
2.521019251805959414e+02 1.869506240831573223e+02 9.057946978136925509e+00
2.520649691739215825e+02 1.871959926098068649e+02 9.157029001214894492e+00
2.520476808606096597e+02 1.874151388055713880e+02 7.704766573743137670e+00
2.520190715880849552e+02 1.882917097257159469e+02 7.515384053112602381e+00
2.520352659915007791e+02 1.880978872919932883e+02 8.735953087900952596e+00
2.520173790523816422e+02 1.884198685795806796e+02 9.557043368234268144e+00
2.520809027025119633e+02 1.891724433006840798e+02 8.323706590176991327e+00
2.521114351392088508e+02 1.869585662722877828e+02 7.354594421563636075e+00
2.520215480085294644e+02 1.854410851384527064e+02 5.446560989257502428e+00
2.521850522505809806e+02 1.845437173276335727e+02 6.650789429906589056e+00
2.521100047385958760e+02 1.849869360944896073e+02 5.545746354053767924e+00
2.521118207802551865e+02 1.851278601710935447e+02 6.819498565818592262e+00
2.521607165361872376e+02 1.859695104123082388e+02 5.963642619132836664e+00
2.521613000388161652e+02 1.859618480019761080e+02 6.477557203421871357e+00
2.521563698826945483e+02 1.863831961324991937e+02 6.435716410160759793e+00
2.521249640824515552e+02 1.852330910264101078e+02 8.295179234867999796e+00
2.521549886324109764e+02 1.858797026783148851e+02 5.774097524335714660e+00
2.521399083031289763e+02 1.863418720478295825e+02 6.229167821909452840e+00
2.521557347092064845e+02 1.866125920623478294e+02 7.713812754888567547e+00
2.521250825473481427e+02 1.870223293727409839e+02 7.933275277132241676e+00
2.520513721763765886e+02 1.871543988284578006e+02 8.335773626185279284e+00
2.521487893895781269e+02 1.878167259831326135e+02 7.232392839679186558e+00
2.521037676878172817e+02 1.873724763196233312e+02 1.033349884811792130e+01
2.521001847548280637e+02 1.874294390309067353e+02 9.700611480508744222e+00
2.520130160154457997e+02 1.881781333965146246e+02 8.917750074355627277e+00
2.520753398934320160e+02 1.881243440321418063e+02 8.881503596795901956e+00
2.520353668126893467e+02 1.886917127503516269e+02 8.859329236632371263e+00
2.520535398319310900e+02 1.885473342877739071e+02 9.586849892373381365e+00
2.520413329065236212e+02 1.891509595656623333e+02 8.841142354477216969e+00
2.520974285555852532e+02 1.896080916565425412e+02 8.826288872869522351e+00
2.520420726819948527e+02 1.897151763614641311e+02 9.232165992004880195e+00
2.520209266979548488e+02 1.898545704765313360e+02 9.304870671620347977e+00
2.521664280565203455e+02 1.860342729027932478e+02 6.188846908066198971e+00
2.521435214824747675e+02 1.847638881187270385e+02 3.079859203210146834e+00
2.521396927978383928e+02 1.836347147516522114e+02 5.075255455686566997e+00
2.521453160996314864e+02 1.839111072182929831e+02 5.023672815078817244e+00
2.521594575315948532e+02 1.844123989897717024e+02 4.175513305876362935e+00
2.522073576782896680e+02 1.846892010424910779e+02 4.656775687978585765e+00
2.521997028295466521e+02 1.849882140030548783e+02 5.672765928487531362e+00
2.521625792076462744e+02 1.852404446718522308e+02 5.162673727510573407e+00
2.521600725408451922e+02 1.843541407262150074e+02 5.272301646914115736e+00
2.521407274752862122e+02 1.843663816787736209e+02 4.621585312369247411e+00
2.521887801140287593e+02 1.846442864632431053e+02 5.598774518452797722e+00
2.521938841867006715e+02 1.847569314567149377e+02 5.445922034974870485e+00
2.521763173548552857e+02 1.859878611288948491e+02 5.625277888401026161e+00
2.521441717791411179e+02 1.857343890992131037e+02 5.217579686546924833e+00
2.521347059297982014e+02 1.865501207333733191e+02 4.580896401187673384e+00
2.522143168608314738e+02 1.864095470103997059e+02 5.962289094676137324e+00
2.521134578643047632e+02 1.860945009603218239e+02 6.827854121822242384e+00
2.521885784716515957e+02 1.867490182536761836e+02 5.498526750381860673e+00
2.520572739967031453e+02 1.868914911957897118e+02 6.569427990986585364e+00
2.520953592006896145e+02 1.870138855981973052e+02 6.312286070040479480e+00
2.521395289634069456e+02 1.870086038281805259e+02 6.729888693407806599e+00
2.521163829390384592e+02 1.871227850845133673e+02 6.037991944387032461e+00
2.520974789661795228e+02 1.873740188838086169e+02 7.232928452243523765e+00
2.520443991309213629e+02 1.877143949972526116e+02 7.976308280948323670e+00
2.520901719505371261e+02 1.874279872057911689e+02 6.376408345977990777e+00
2.520863823341113346e+02 1.848631251543824590e+02 3.996132247153061812e+00
2.521330020517112018e+02 1.837277613663287354e+02 5.871392491846086692e+00
2.521195348614464820e+02 1.841128680603515591e+02 4.514275020038211572e+00
2.521871518518331925e+02 1.838645013636065642e+02 5.487213352758216089e+00
2.521710922967570809e+02 1.850200621562627532e+02 5.558800177445291979e+00
2.521151554410674862e+02 1.854692621401313772e+02 4.518740138427491893e+00
2.521406884070756291e+02 1.858099533197896847e+02 5.697885527622485569e+00
2.521015017316039177e+02 1.862147050224075144e+02 4.481138876146211203e+00
2.521799658216170599e+02 1.860350000756158977e+02 3.741239898977168910e+00
2.521545916489809542e+02 1.858495861290208779e+02 5.621158082582635274e+00
2.520887667552212861e+02 1.860439492163673094e+02 4.944818042959908233e+00
2.521562186509116827e+02 1.860502089519133335e+02 6.438749867672189708e+00
2.520527987961950203e+02 1.869399660232594442e+02 5.653119659627667382e+00
2.521708402437856478e+02 1.872883763251684854e+02 5.223349179063472292e+00
2.521366051489380880e+02 1.875588707522773007e+02 5.891823905712024079e+00
2.521312477630298758e+02 1.879984687781984292e+02 6.652054735823280218e+00
2.521248330149064145e+02 1.884879241421377003e+02 6.196277429664617920e+00
2.521162178443421737e+02 1.886986139607099915e+02 7.508597526856243931e+00
2.520762056953889498e+02 1.883469862026203430e+02 6.251264045651834245e+00
2.520374147430823939e+02 1.890379037258470305e+02 7.026624355374525344e+00
2.521035925110021196e+02 1.889600710285273522e+02 8.046307171915250578e+00
2.520869003029676776e+02 1.898769263148343214e+02 6.729210670914599568e+00
2.520050158541318979e+02 1.895498787625207342e+02 7.738637452046922327e+00
2.521148958265069098e+02 1.884392451517610994e+02 6.761569231389668921e+00
2.521360808787574683e+02 1.862846472014558685e+02 5.444573551577599702e+00
2.521177755317057461e+02 1.858538496050329911e+02 5.647627425379718069e+00
2.521128541974381392e+02 1.864796958728846334e+02 5.112410584208377351e+00
2.521074892499407554e+02 1.867019158546360131e+02 5.864269474872839005e+00
2.521499311895387905e+02 1.875140280081261892e+02 5.322196792877991633e+00
2.520705496267095498e+02 1.882589151136002670e+02 5.431239949387763666e+00
2.520981053178136051e+02 1.876679996067973661e+02 5.724860236627329790e+00
2.521330285172732033e+02 1.882706091112108027e+02 4.390248574640446044e+00
2.521301664557823585e+02 1.873691832475513195e+02 5.871429039526947058e+00
2.520683618069173519e+02 1.873085166178524048e+02 6.515695338532346170e+00
2.521393651289754985e+02 1.877247405114658818e+02 6.295830791799204462e+00
2.520956956914065188e+02 1.884427726330965811e+02 6.444197992650135376e+00
2.520797306561946982e+02 1.886542324734966201e+02 7.283114719389426561e+00
2.520076321639755861e+02 1.891046826401036469e+02 7.239328077188702082e+00
2.520640895090512288e+02 1.891701697828815725e+02 7.118785003856410221e+00
2.520676346340947021e+02 1.896394621693695228e+02 6.499695015904542572e+00
2.520616950058224290e+02 1.897768146553679856e+02 6.199136970625747090e+00
2.520517464750391810e+02 1.899104808666589292e+02 6.953109325455837819e+00
2.520378848218741723e+02 1.902029240665218310e+02 7.856835172479848417e+00
2.520255228838892663e+02 1.904915158969808999e+02 7.188792716677337324e+00
2.520519518982109162e+02 1.894736554234237929e+02 7.052888274999873808e+00
2.520752466338325632e+02 1.871378843177682256e+02 6.341205367720079700e+00
2.522116387980098011e+02 1.865166972490938804e+02 5.788566625161943868e+00
2.521345446158964876e+02 1.843894344435426547e+02 3.084541087154876404e+00
2.521943404025790016e+02 1.846922408013268182e+02 3.850283055486940942e+00
2.521246704407398340e+02 1.853113660766946680e+02 3.631294392829596873e+00
2.521454635506198088e+02 1.861932906019528957e+02 2.715534276683587933e+00
2.521766677084856099e+02 1.859806448523221718e+02 3.554607276265179916e+00
2.521201901991722707e+02 1.854864105640441494e+02 3.693212465531756195e+00
2.521730532688749804e+02 1.849505887957413108e+02 3.907525545568656611e+00
2.521095913717226722e+02 1.847277802703015936e+02 4.640919035544509796e+00
2.521462978459553028e+02 1.855187237549843360e+02 5.018460359629179912e+00
2.521677853617716210e+02 1.861150659622626335e+02 4.228676318615120167e+00
2.521505436782594245e+02 1.858657490258152620e+02 5.087830378432331102e+00
2.521402952044401786e+02 1.869696515619722561e+02 3.845419693402765571e+00
2.520843797732531471e+02 1.871309805868801277e+02 4.664702753930765944e+00
2.521420961229212026e+02 1.868936815361116430e+02 4.543474096516123772e+00
2.521029044063900528e+02 1.874072785336566369e+02 4.157089493928044277e+00
2.521362043847134942e+02 1.872904532416532675e+02 4.316670531478895789e+00
2.520927655756133845e+02 1.879172459684127148e+02 4.465933780643339901e+00
2.520906306869451612e+02 1.858364818950350639e+02 5.097126092019498955e+00
2.521288305750336463e+02 1.842518097403350339e+02 3.296313473239536052e+00
2.520963674125754324e+02 1.838754669281296117e+02 2.198586234883122881e+00
2.521345799033124706e+02 1.836131427980904505e+02 3.522231072082108838e+00
2.521710002974224949e+02 1.842887808701876793e+02 2.015584435224906823e+00
2.521147004854540228e+02 1.840907856995225984e+02 3.211471182783773859e+00
2.521564996899748508e+02 1.843518218388776688e+02 3.893254306325017122e+00
2.521948382071976198e+02 1.849194564729723709e+02 3.550789934012532179e+00
2.521447149532945957e+02 1.847263334862454656e+02 2.909301258752539532e+00
2.521474194816782699e+02 1.844806612357652966e+02 3.571342333304767358e+00
2.521606270573823849e+02 1.848575434413296250e+02 4.048390389724304761e+00
2.521321123047219714e+02 1.844127304394291400e+02 3.551973322713501524e+00
2.521334582675895035e+02 1.855400171900126622e+02 3.914186045339288711e+00
2.521463293525767426e+02 1.851132650437816096e+02 4.604636010303925886e+00
2.521740677820850749e+02 1.855782863926682751e+02 4.685976024721355770e+00
2.521477710955734324e+02 1.859826763992720657e+02 3.949104203739457919e+00
2.522110250490243004e+02 1.858837418271824049e+02 4.417926511435643633e+00
2.521975313931976075e+02 1.861196596276673461e+02 4.161114779882139736e+00
2.521055471817957141e+02 1.862122802728221416e+02 5.749605537099676589e+00
2.520718716445448138e+02 1.865617517177410036e+02 4.810938846908066502e+00
2.521680512776565024e+02 1.867792482268073400e+02 3.974277994263274216e+00
2.521693858981403480e+02 1.848322978157089551e+02 3.171534649721985399e+00
2.521077160976150822e+02 1.831460987241078726e+02 3.151410740481219719e+00
2.521151314960352181e+02 1.826667078353186753e+02 3.750986787383236543e+00
2.520661702063305540e+02 1.832415247188349099e+02 3.103368183857519558e+00
2.521329919695923252e+02 1.835817432991717624e+02 3.777326322900020461e+00
2.521461566962912855e+02 1.834277137283171442e+02 3.413584899002374495e+00
2.521544177324306588e+02 1.842958547368315010e+02 2.514393484934793754e+00
2.521327449576803019e+02 1.841964941952200547e+02 2.380360536570365504e+00
2.520866936195310757e+02 1.839749068664270624e+02 3.319417908867727807e+00
2.521480546551663338e+02 1.838635599457581975e+02 3.002380640315368776e+00
2.521124408305649638e+02 1.838863430138477781e+02 2.998575900711293318e+00
2.521283932631281743e+02 1.840490973983092147e+02 4.132973065619470532e+00
2.521518556139758402e+02 1.846899408179623094e+02 3.088168129414077701e+00
2.522274815875304341e+02 1.852404358499982493e+02 3.254708349506732379e+00
2.521582867455424548e+02 1.853494588422702805e+02 3.889126938917482956e+00
2.521364387939769358e+02 1.857872950179209681e+02 3.697777144844760500e+00
2.521466481995856270e+02 1.855317448114895740e+02 4.735988375316956933e+00
2.521673543511904541e+02 1.857523932429639331e+02 4.235540981292628793e+00
2.521083701750760042e+02 1.860795315343472680e+02 4.954147783698221730e+00
2.521582640607750250e+02 1.860169177954439022e+02 3.922868009940969181e+00
2.521388900091243102e+02 1.870016093582227370e+02 3.611019251805959396e+00
2.521596755574151416e+02 1.874220425364594576e+02 3.457827757081428199e+00
2.521989126434811510e+02 1.862997943247752914e+02 4.266399826587555566e+00
2.521286087684187578e+02 1.842624388141411771e+02 2.576054463606071376e+00
2.521496665339187757e+02 1.844085387985138880e+02 1.344605562304973967e+00
2.520808636343013802e+02 1.834385368829113077e+02 3.055974663635309785e+00
2.520753197291942911e+02 1.837509439383781000e+02 2.942993179446592666e+00
2.521177868740894610e+02 1.842599762566100878e+02 2.446836987261242768e+00
2.521090179512126213e+02 1.841323681384879762e+02 3.365328097352939807e+00
2.521644771665213227e+02 1.844778168179824718e+02 3.487401132221947808e+00
2.520801162972410339e+02 1.846039806725781602e+02 3.699542775909785419e+00
2.521750192820523182e+02 1.849010036749323262e+02 2.204382192961672704e+00
2.521101068200493103e+02 1.852391440785195300e+02 2.532175822070766191e+00
2.521970638349355625e+02 1.850571265457148513e+02 3.911281134843298535e+00
2.521126336510881174e+02 1.848518558660288136e+02 4.424990295960599340e+00
2.520789051827131857e+02 1.853865837244355248e+02 4.530072440023995561e+00
2.521651955174899626e+02 1.863932278407630179e+02 3.101487868690484095e+00
2.521756544555403821e+02 1.862465103266102346e+02 4.175619168124373282e+00
2.521012043090975965e+02 1.865013283191595406e+02 4.428537941533792655e+00
2.521305394941800841e+02 1.865458824626583407e+02 4.527467472564033812e+00
2.520924076603939170e+02 1.868044636060714652e+02 4.053839774967107346e+00
2.521405913666816332e+02 1.873459074159025306e+02 3.487364584541086998e+00
2.521642150314310129e+02 1.875290881731704644e+02 4.800071583043892254e+00
2.522287342907985419e+02 1.878385487294009693e+02 3.643142142752720858e+00
2.520777079310987858e+02 1.881399108236587097e+02 4.071952301495682214e+00
2.521046523937470738e+02 1.882399909765036341e+02 4.435809669760196527e+00
2.520831434534281641e+02 1.882099739881333562e+02 4.279636388383382339e+00
2.520540237736362599e+02 1.864825478522566300e+02 3.394984649974038593e+00
2.520993025694280050e+02 1.845857169142666976e+02 3.209011145782397545e+00
2.521598305699925788e+02 1.848105292608294690e+02 2.668068921364513901e+00
2.522085763544066310e+02 1.851009169687101519e+02 3.129051121383669809e+00
2.521707179980944886e+02 1.855037240826532070e+02 2.758568540764527288e+00
2.521871190849468860e+02 1.852526957065296926e+02 3.451404187103961796e+00
2.520711898412570520e+02 1.859734361373386093e+02 2.461624935096359934e+00
2.521335464861295179e+02 1.856799771640007748e+02 3.106667557253832257e+00
2.521722252748637629e+02 1.859380995710058357e+02 2.456985900156777092e+00
2.521744231767748374e+02 1.854464589078040717e+02 4.007192331540396779e+00
2.522254109723699571e+02 1.859867621779393119e+02 4.053713748481380996e+00
2.521675005419138813e+02 1.860651128441153332e+02 3.369170644902732548e+00
2.521758813032146804e+02 1.867434592253908079e+02 2.919393459729496598e+00
2.521503697617091291e+02 1.867887644867445260e+02 3.801256232009718961e+00
2.521302030034632082e+02 1.869312575930957792e+02 4.702201934758608814e+00
2.521778863846026013e+02 1.871339661543269983e+02 3.754013943570380540e+00
2.520839638858502383e+02 1.870170148358378981e+02 5.213693029727127559e+00
2.521359876191580440e+02 1.874844937011962429e+02 4.505782095165120182e+00
2.521188064283589938e+02 1.878649840450468957e+02 3.639633565390102188e+00
2.521732208841009992e+02 1.877251740425767821e+02 4.262467800232896842e+00
2.520374172636121273e+02 1.879490210262588903e+02 3.791878601206829735e+00
2.521417445090260117e+02 1.882409991883894236e+02 4.509799819530072362e+00
2.520968816006372037e+02 1.883081788668706622e+02 4.801780502190339917e+00
2.520960951953662459e+02 1.863963394346955909e+02 4.683645795000277445e+00
2.520718678637502421e+02 1.853181765479833132e+02 3.679979684530501061e+00
2.520835542997716345e+02 1.844424437039688200e+02 3.357805576419940596e+00
2.520990227906296752e+02 1.854619475628998089e+02 2.278678587091863328e+00
2.521635067625812212e+02 1.851447225148837390e+02 2.957363979613955696e+00
2.520875846267851728e+02 1.850723971749903001e+02 4.054536701433173462e+00
2.521793344289235961e+02 1.860169455212707419e+02 3.322457667703444528e+00
2.520835870666579410e+02 1.858699507488493907e+02 3.340760494225466282e+00
2.520558650205927336e+02 1.853062431000498975e+02 3.298687812230618466e+00
2.521798902057256271e+02 1.856683877683734067e+02 2.879285530647120783e+00
2.520896086121459234e+02 1.856166022251236427e+02 3.077007223838161831e+00
2.521959636237151585e+02 1.861409127342202225e+02 3.289873519818925285e+00
2.521013013494916208e+02 1.863162861506974366e+02 2.934251982396620662e+00
2.521524643219019026e+02 1.868650520993491853e+02 3.886548437019524016e+00
2.522023569473360567e+02 1.864489013010974361e+02 5.198741247460565873e+00
2.521453211406909247e+02 1.869209057775582039e+02 4.051115082345705609e+00
2.521055244970282843e+02 1.872158909316381994e+02 3.384116125845007428e+00
2.520891007254084570e+02 1.871841309969703104e+02 3.950835807653336307e+00
2.520689201042491163e+02 1.877690665470255169e+02 3.928747145500098181e+00
2.521036114149749778e+02 1.873698335442176415e+02 4.715544358802445934e+00
2.520477930241819706e+02 1.880164678808898486e+02 4.114739553664597871e+00
2.520440399554370288e+02 1.885646011765832668e+02 4.659686899798861859e+00
2.520178062821682659e+02 1.884807784403970459e+02 5.354860337448518415e+00
2.519832712442847082e+02 1.893912908136774149e+02 4.775989181886465040e+00
2.520607296429417659e+02 1.873677604085274595e+02 5.075852821228909129e+00
2.521566635244062979e+02 1.851586648249996188e+02 3.549186877114094418e+00
2.521728453251735402e+02 1.846152096324563558e+02 2.186278488287098476e+00
2.521446973095865758e+02 1.841510566060563292e+02 3.601854605763947337e+00
2.521328054503934482e+02 1.847027060407015142e+02 2.109041896244914671e+00
2.521559073654919416e+02 1.842796313473239422e+02 3.178648844841232002e+00
2.521633895579495004e+02 1.844587288464543633e+02 2.877657268451537576e+00
2.521479097247077448e+02 1.854028096344727885e+02 2.639723044194968171e+00
2.521259155824187985e+02 1.854978588100075001e+02 2.268236032484586939e+00
2.521543131304474912e+02 1.850358444530702684e+02 2.901037702083469672e+00
2.521269679035746094e+02 1.851864561856319824e+02 3.108810007511178419e+00
2.521500105862247949e+02 1.854411708364629874e+02 2.451539035443688785e+00
2.521163274873847513e+02 1.853866744635052441e+02 3.380214345846923152e+00
2.520599936482651060e+02 1.856752751158183514e+02 3.823525112037545970e+00
2.521341010026667107e+02 1.861391357607714951e+02 3.809492062851929095e+00
2.521113103729879867e+02 1.862620191459437251e+02 3.093388146452858312e+00
2.521468158148116459e+02 1.862888703489925319e+02 3.976056227976871416e+00
2.520509260426171068e+02 1.863283998165054243e+02 4.155341506571020638e+00
2.521568727283726048e+02 1.869861698534564027e+02 3.406702592616864145e+00
2.521689914352400308e+02 1.871856710406258912e+02 3.758988208961995259e+00
2.521641973877229930e+02 1.875862474857716222e+02 4.060045319124267138e+00
2.521231064520519567e+02 1.871987588911685805e+02 4.083028769326161544e+00
2.521363266304046533e+02 1.879913974320843408e+02 4.035442428580790164e+00
2.521069422949927059e+02 1.882619788174682753e+02 4.703571842658453406e+00
2.521163816787736209e+02 1.888760693347313975e+02 4.272703671403582426e+00
2.520192757509918238e+02 1.885506475240836721e+02 5.750864541692082277e+00
2.520966106436928840e+02 1.879245895317359896e+02 5.340639508799169377e+00
2.521311343391927267e+02 1.862815469499069820e+02 3.255325879286790958e+00
2.521578469131072495e+02 1.843181765479833132e+02 3.382847039133744182e+00
2.521498618749716343e+02 1.840928437120345222e+02 3.391948671932893511e+00
2.520904618114543041e+02 1.841096858915869632e+02 2.660863987175544843e+00
2.521147836629345989e+02 1.842246636353096108e+02 2.265895720644650613e+00
2.520812870832934323e+02 1.843190310075565606e+02 3.003870273376652911e+00
2.521360581939900385e+02 1.848749741645704319e+02 2.490002318887337474e+00
2.521593919978222686e+02 1.847511934708198282e+02 3.278756723513013505e+00
2.522160434236859317e+02 1.850652615553684655e+02 3.096897984080334343e+00
2.521800603414813793e+02 1.851891040020970820e+02 1.925333088001774495e+00
2.521210887680154826e+02 1.846318791557233681e+02 4.085177520907794069e+00
2.521446884877325942e+02 1.851417608924691649e+02 3.456709902153036307e+00
2.521924437039688200e+02 1.863285271032560217e+02 2.454830847250858206e+00
2.521576666952326775e+02 1.866569445634694659e+02 2.989070983157820383e+00
2.521566471409631447e+02 1.868690748647735802e+02 3.141154705072818132e+00
2.521769613501973595e+02 1.864888844639589536e+02 4.710583956324261301e+00
2.521681924273205198e+02 1.866309553815829929e+02 4.714802062801518368e+00
2.520974550211472547e+02 1.870351134994530469e+02 4.500202902642019609e+00
2.520329748299902803e+02 1.877939164494810313e+02 3.483830801881323325e+00
2.520657039083333757e+02 1.876037487838444235e+02 4.620812770011745840e+00
2.520851283705783601e+02 1.875372307444132502e+02 5.387637305856198822e+00
2.520471124811590471e+02 1.884133290652363542e+02 4.782800913439968937e+00
2.520674153480095470e+02 1.886410311991168101e+02 4.729620256993209537e+00
2.520664071361237291e+02 1.886172361383468399e+02 5.905754873444203135e+00
2.520461206527163824e+02 1.887884985708596446e+02 5.198411058067963886e+00
2.521394268819535114e+02 1.894347661704583743e+02 5.773713143554249250e+00
2.520999919343049100e+02 1.900460626805329412e+02 5.964343326393474420e+00
2.520771937430370429e+02 1.884660661084533615e+02 5.137522621754188279e+00
2.521562539383276658e+02 1.861320442504196819e+02 3.043045606464654718e+00
2.520927731372025278e+02 1.854984637371389908e+02 2.569944699578063485e+00
2.521128491563787009e+02 1.844077347495349670e+02 2.916518795590081314e+00
2.521484881862772340e+02 1.852227606353751241e+02 3.393622303663337725e+00
2.521292729279985565e+02 1.858415305160532398e+02 2.724198597577266678e+00
2.520636370739674703e+02 1.855980813727813086e+02 3.332723785230704117e+00
2.520941165795403549e+02 1.864970484597043026e+02 3.165959237993456910e+00
2.521378036608173545e+02 1.860442668031113556e+02 3.374899808943847557e+00
2.521875009451986500e+02 1.861181926793734931e+02 2.739835963926178675e+00
2.521464213519113287e+02 1.854788905636408458e+02 4.280681147950053500e+00
2.520615551164232784e+02 1.859856531448649264e+02 3.668356261751969605e+00
2.521254329009784669e+02 1.871247662208689917e+02 4.000735994676641205e+00
2.521643145923547422e+02 1.866693871584052147e+02 4.610677720029641158e+00
2.520714595379365051e+02 1.876185657177712471e+02 4.492268275100695263e+00
2.520756789046785968e+02 1.875069528812175292e+02 5.643116937455575410e+00
2.520686617499533781e+02 1.877030362300941135e+02 5.037225703353817252e+00
2.520944908782029756e+02 1.877782122890946823e+02 6.348043564835585961e+00
2.520530596710204634e+02 1.885087550599633914e+02 6.489479308971573879e+00
2.520496178876952911e+02 1.891911141245444128e+02 4.547451492405643947e+00
2.520536230094116661e+02 1.887351553402463082e+02 6.172056399372892521e+00
2.520836614222845071e+02 1.897955043832011768e+02 4.750715830438925202e+00
2.520926634941599218e+02 1.898765280711394325e+02 5.144229751324538746e+00
2.520234762137610858e+02 1.900363662027211547e+02 6.611154100145686385e+00
2.520490066592394953e+02 1.902997981055698631e+02 5.915752554556865661e+00
2.520839588447908284e+02 1.910373429079855327e+02 5.679455414349879661e+00
2.520376819192321420e+02 1.909249613098688769e+02 7.337375422818859683e+00
2.520282148096243873e+02 1.904160852644791930e+02 6.734367674710517448e+00
2.521010366938715777e+02 1.876844863916600730e+02 4.603394649419522366e+00
2.521697249093869573e+02 1.861139115596533884e+02 4.411426065301883526e+00
2.521376007581753242e+02 1.837960664613275128e+02 2.815047310342741582e+00
2.521455429473058132e+02 1.842477957967646489e+02 2.973102167151448594e+00
2.521355692112254303e+02 1.846415781540648595e+02 2.017531544429377099e+00
2.521570290012149087e+02 1.848562680532940874e+02 1.866537951615911517e+00
2.521458731366984125e+02 1.849484274415111145e+02 3.066618860619747977e+00
2.521701269338764178e+02 1.849574975676888187e+02 2.873256423569977347e+00
2.521866502664200027e+02 1.855348072550927441e+02 1.965215429674700420e+00
2.521368584621744162e+02 1.853441682503994912e+02 2.734728110459694328e+00
2.521679139087870567e+02 1.854041757615780455e+02 2.050050158541318890e+00
2.522171713607331753e+02 1.854501464427764006e+02 3.667312762450156693e+00
2.521979296368924963e+02 1.863252541954217065e+02 2.556020033170171235e+00
2.520770475523135872e+02 1.871003649727026641e+02 2.419592581576944124e+00
2.521563144310408404e+02 1.868540915758855760e+02 2.964558831684066753e+00
2.521866855538359857e+02 1.868799635531403283e+02 3.547625408955946025e+00
2.521343971649081652e+02 1.873959739578869801e+02 3.128079457178720713e+00
2.521395340044663840e+02 1.874602588079910959e+02 2.831048893235402542e+00
2.521560648985990838e+02 1.881066625161944046e+02 3.577353796673909070e+00
2.520994273356488691e+02 1.879425798125733991e+02 3.577738177455374036e+00
2.520697216326983323e+02 1.881413021560611298e+02 4.197898130271057404e+00
2.521249766851001368e+02 1.884983679570098332e+02 3.835553079835258394e+00
2.520119032015768425e+02 1.885552626139909478e+02 4.446952931628111116e+00
2.520792315913112418e+02 1.892235772870026267e+02 4.791792903196535391e+00
2.520458648189503492e+02 1.886790899375412778e+02 5.601433677301622005e+00
2.521161863377207339e+02 1.871561947058793862e+02 3.200237181846136814e+00
2.521371684873292907e+02 1.848975807955800121e+02 2.715454879997580395e+00
2.521629749308114583e+02 1.844440820482832635e+02 2.098736710507079994e+00
2.520790362502583548e+02 1.840923484279456090e+02 1.809134147632466494e+00
2.521353297609025503e+02 1.846328104914528865e+02 2.442881015874295958e+00
2.521762026707532982e+02 1.851243566347903595e+02 1.918063880305084901e+00
2.521356864158571511e+02 1.850960989761608175e+02 2.515671393500058084e+00
2.521638861023032518e+02 1.854347094585397997e+02 3.058274646999813662e+00
2.521677437730313329e+02 1.851339031410841187e+02 2.362197599447499741e+00
2.521961967727137619e+02 1.850699774664643655e+02 2.781743551224725497e+00
2.522021868115803329e+02 1.855380209304787513e+02 2.048350061248871867e+00
2.521759153303658252e+02 1.858938491513376334e+02 2.720023340105156340e+00
2.521528713874507730e+02 1.860078968195956008e+02 3.529889701619692399e+00
2.520485491830963269e+02 1.865521384174097932e+02 3.634532013247904203e+00
2.521150281543169172e+02 1.867334665853375668e+02 4.316902420212631597e+00
2.521128819232650073e+02 1.871774478124322627e+02 3.548442060583452129e+00
2.521517169848415278e+02 1.871109096087633645e+02 4.739593993073584421e+00
2.520993302952548447e+02 1.877189180878253296e+02 4.217812835545518446e+00
2.521278677326826880e+02 1.876773255667411036e+02 4.277338925548593629e+00
2.520626200402276424e+02 1.881817869043358087e+02 3.988122003720302011e+00
2.521079101784031025e+02 1.884289550892015370e+02 4.366016201965004839e+00
2.520960901543068360e+02 1.886147471152537491e+02 4.218189654737839689e+00
2.520592853794153427e+02 1.891684822882376977e+02 4.795566136179179040e+00
2.520838227361862494e+02 1.891404855044335989e+02 5.387029858194998688e+00
2.520610459694209453e+02 1.891682377968553794e+02 5.803578900141653563e+00
2.520201806211593407e+02 1.893057616788744326e+02 5.052374086938111297e+00
2.521358615926723132e+02 1.870479934062942675e+02 3.393385373870172472e+00
2.520439845037833209e+02 1.852259264206965668e+02 1.476155788900595400e+00
2.520858139546607219e+02 1.840153739709937497e+02 1.894283942713400615e+00
2.521926239218434205e+02 1.842717357879932081e+02 1.748854419244748382e+00
2.521203389104254029e+02 1.840896628035347931e+02 3.212079890709831798e+00
2.521133872894727688e+02 1.844562385630964343e+02 3.277346487137736908e+00
2.521158926960089843e+02 1.848784777008736171e+02 3.105872330128899961e+00
2.520519922266863659e+02 1.853177178115752781e+02 2.478523826567391453e+00
2.521038823719192692e+02 1.848763869214754152e+02 3.834794400391186020e+00
2.521910624536852765e+02 1.850142145273250662e+02 2.229820639105514424e+00
2.521859735041916508e+02 1.852843044094146876e+02 2.675643113156660924e+00
2.521527982920890736e+02 1.861635042420515163e+02 2.365033195376340380e+00
2.521548764688386939e+02 1.858064006331570681e+02 3.579545397260688322e+00
2.521578998442312525e+02 1.864989501993738941e+02 2.936558267085410456e+00
2.521099896154175894e+02 1.869585839159957743e+02 2.356651173810687894e+00
2.521063764360717983e+02 1.872307431529810344e+02 4.008571061294241566e+00
2.520495624360415547e+02 1.876779078091051645e+02 3.197454517041301347e+00
2.521393096773217906e+02 1.875218466913006523e+02 5.097336556250661843e+00
2.521082050803796903e+02 1.885618802647564394e+02 3.488358933513467264e+00
2.520078728745633043e+02 1.882287708384794200e+02 5.166864108160971192e+00
2.521326643007294308e+02 1.890134797929132731e+02 3.544430637542785867e+00
2.521116884524451791e+02 1.885420197508708497e+02 5.286642200724904761e+00
2.520783594880300029e+02 1.892251879054902304e+02 4.609431318085809082e+00
2.520929760398445296e+02 1.896349794072722261e+02 4.506710910364922107e+00
2.520520791849615136e+02 1.900098225042975173e+02 4.501131717841821533e+00
2.520423764058254505e+02 1.899926060260824556e+02 5.391346265331121934e+00
2.520369686093229404e+02 1.879414165881101439e+02 3.842169470335885961e+00
2.521873345902374979e+02 1.858286518694768858e+02 2.492017482394099925e+00
2.521650984770959383e+02 1.845571857781631309e+02 1.828937949599487744e+00
2.522138077138291408e+02 1.849531925029364174e+02 1.395341304928643833e+00
2.521635848990023874e+02 1.851007329700409798e+02 3.238539151388055704e+00
2.522178897117018153e+02 1.850936238159811751e+02 2.978273033860796115e+00
2.521517447106683960e+02 1.853478683880204301e+02 3.450155264630414553e+00
2.520994916091565869e+02 1.861450199373900318e+02 2.388970666075182159e+00
2.520761804900917866e+02 1.857586139102994025e+02 3.010534553941856206e+00
2.521430413215641408e+02 1.856646359598933316e+02 2.311532431655836994e+00
2.521735901417041816e+02 1.854603520675905202e+02 3.310487672089166278e+00
2.521615520917875983e+02 1.856331860503803455e+02 3.437950859752685773e+00
2.521593894772925353e+02 1.863011932187668549e+02 3.960830968236284555e+00
2.521084899002374300e+02 1.867695051191958555e+02 3.561010682004930317e+00
2.521323139470991350e+02 1.873839220450569769e+02 4.371778132892409019e+00
2.520680656446758974e+02 1.878877028396287869e+02 4.508252214285354498e+00
2.520768736357632918e+02 1.879189170796134647e+02 3.557766760262336625e+00
2.521118787524385993e+02 1.884633111694753893e+02 3.651292275584636648e+00
2.520773916046196348e+02 1.886478693962323234e+02 3.270924177425127866e+00
2.520625557667199246e+02 1.885301808228017251e+02 5.529472553951938707e+00
2.521401301097438648e+02 1.889349047995926867e+02 3.980686441062453618e+00
2.520523022518412404e+02 1.887962857474126679e+02 5.375938267186231911e+00
2.520606363833423131e+02 1.895037555892746468e+02 5.800269444626482418e+00
2.520535310100770801e+02 1.898090194635304613e+02 5.397740849216871695e+00
2.520666339837980274e+02 1.901200717342756832e+02 6.217762424951227551e+00
2.520858530228712766e+02 1.886725491629320857e+02 4.922173604004617786e+00
2.521338628126086974e+02 1.871497812180207916e+02 3.151049044467185034e+00
2.520700644247395132e+02 1.854325619672230232e+02 3.691202343084422743e+00
2.521461314909941507e+02 1.852601968029601096e+02 2.748394422571847517e+00
2.521072573612070187e+02 1.861671489280187188e+02 2.642818254684404344e+00
2.521562678012411141e+02 1.862879667390898817e+02 3.782471984312222979e+00
2.520830690978015980e+02 1.864522208387314777e+02 3.928229176643763587e+00
2.521957040091545537e+02 1.873007508658019447e+02 3.341356599502951497e+00
2.521245708798161047e+02 1.864847306309894179e+02 3.323429331908394069e+00
2.521861612836553661e+02 1.866518089841761139e+02 3.177498223026551383e+00
2.521777376733494407e+02 1.858030143014856037e+02 3.397583316109713536e+00
2.520887667552212861e+02 1.865267491215954010e+02 2.917547171713607224e+00
2.521247939466958314e+02 1.872472979921460308e+02 3.660502291161510602e+00
2.520693548956248549e+02 1.874721418453302135e+02 5.520258757580493558e+00
2.521040008368158567e+02 1.876311582842250232e+02 5.455057694925165457e+00
2.520537818027836749e+02 1.883946809261434510e+02 4.043654314390712656e+00
2.520473393288333455e+02 1.888934483871130396e+02 5.250418407932611053e+00
2.520687045989585044e+02 1.890387418019770962e+02 4.605750084437745251e+00
2.520918481027972859e+02 1.890083454738847877e+02 5.142083520272620056e+00
2.520337498928774949e+02 1.895943472080092249e+02 5.290685130387002388e+00
2.519719691890447564e+02 1.897755367468027146e+02 4.261053783063048606e+00
2.520680984115621754e+02 1.893325838958315614e+02 5.623775652691169746e+00
2.520223167700924023e+02 1.904217778808394428e+02 4.861312893517701461e+00
2.520713322511859076e+02 1.902662019650049672e+02 5.821255375029616097e+00
2.520265121918022260e+02 1.884813392582585152e+02 4.068786516174239587e+00
2.521176545462794536e+02 1.861651035181553766e+02 3.581626094540028671e+00
2.520448137580594050e+02 1.834385419239707460e+02 1.612972662334716256e+00
2.521064054221635331e+02 1.831428132136249758e+02 2.603606373915542171e+00
2.521114338789440126e+02 1.835891851631538998e+02 2.530291726109159089e+00
2.521709813934496367e+02 1.846024570123657327e+02 1.480058829163537037e+00
2.521633845168900621e+02 1.842215343976690178e+02 3.262610210161767554e+00
2.521728314622601204e+02 1.850239349501691208e+02 2.475000126026485781e+00
2.521435416467124639e+02 1.846113796875551429e+02 1.719599891113116286e+00
2.521231745063542462e+02 1.840093057957060125e+02 1.811587883309556446e+00
2.522075656219911082e+02 1.845435207263158475e+02 2.245000529311239834e+00
2.521361275085571947e+02 1.847487939265315902e+02 2.253972354830091174e+00
2.521225784010767654e+02 1.856184964032040909e+02 1.801435189619450483e+00
2.521153457410609349e+02 1.854306173785482770e+02 3.163070710940611097e+00
2.520349118570758833e+02 1.858413591200326778e+02 2.358358832692278639e+00
2.521068616380418632e+02 1.863380622671660660e+02 2.458213398127750526e+00
2.521436336460470500e+02 1.863402967167579902e+02 2.957753401454849662e+00
2.520813425349471402e+02 1.870907718366091785e+02 2.056105731180464691e+00
2.520676989076024199e+02 1.872293190536923362e+02 1.956364589582146651e+00
2.521203036230094199e+02 1.864167204379672569e+02 3.924323615851107228e+00
2.521675522127730460e+02 1.863839774967107132e+02 3.568024055935595573e+00
2.521662490989106402e+02 1.848828407378094596e+02 2.454099893633646001e+00
2.520827187441712738e+02 1.834534722817347188e+02 1.127866472417843324e+00
2.520006313926934922e+02 1.824849020270100084e+02 1.130931436550705493e+00
2.520255858971321459e+02 1.828084334403718287e+02 1.133271748390641820e+00
2.521236471056757296e+02 1.835209203966305438e+02 1.508928976513704168e+00
2.521421793004017786e+02 1.836712750351613863e+02 1.574602638490505191e+00
2.521481542160900631e+02 1.840365766669523282e+02 3.045842134182919825e+00
2.520803973363042019e+02 1.841664860287037868e+02 2.584778016948041657e+00
2.521265318519340042e+02 1.844800941165795507e+02 1.600141905822927813e+00
2.520423297760257242e+02 1.839156114048928430e+02 2.184685513507518717e+00
2.520803381038558939e+02 1.834698935328248695e+02 1.816218096395138426e+00
2.520777306158662441e+02 1.845431212223560919e+02 2.422557984786082752e+00
2.521977305150450377e+02 1.853698411058067848e+02 2.381710280232493648e+00
2.521673505703958824e+02 1.852880789026621926e+02 1.526904134172837768e+00
2.521083802571948524e+02 1.855250187779463715e+02 2.028635738086716156e+00
2.521443822433722630e+02 1.857973821778385002e+02 2.182270846041003853e+00
2.521529154967207944e+02 1.857809584062186445e+02 3.637270568782735580e+00
2.522099172762147816e+02 1.870520703631075037e+02 2.231772789369413701e+00
2.521395529084392422e+02 1.865808296071502355e+02 2.326735006628993130e+00
2.521775952634205566e+02 1.867787907506641716e+02 3.163649172510094587e+00
2.520629678733282617e+02 1.857847845703252858e+02 2.410879110353831845e+00
2.521060701917114955e+02 1.827803055890225892e+02 2.172532779488937305e+00
2.520475195467079459e+02 1.821608476037324067e+02 1.289390838378593696e+00
2.520020101224473308e+02 1.814267193793447746e+02 1.279016338073609482e+00
2.520888902611772835e+02 1.818226152008105885e+02 1.254078217078101076e+00
2.520996088137883078e+02 1.826771982799905345e+02 7.188764990850476932e-01
2.520454426302231639e+02 1.818415821869124045e+02 1.430381709019967529e+00
2.520803544872990472e+02 1.828408033432306183e+02 1.173746414546481098e+00
2.520571101622716981e+02 1.823483926582010497e+02 2.160942123596695019e+00
2.520590648330653210e+02 1.832377199792308318e+02 1.135798579429452948e+00
2.520019849171501960e+02 1.827458184412035962e+02 7.716941992529150474e-01
2.520572160245197040e+02 1.827229874830494509e+02 1.243091228052487507e+00
2.521198990779902260e+02 1.832573964944472777e+02 1.949397845451199984e+00
2.521691426670228964e+02 1.841749890356957451e+02 1.528021989101229439e+00
2.520865738943696499e+02 1.844440417198078421e+02 1.639469730958658333e+00
2.521149298536580545e+02 1.842347180283408363e+02 2.528376123526120178e+00
2.521728654894112651e+02 1.848533518004143730e+02 2.154923098638410028e+00
2.521474673717428345e+02 1.846854441929515929e+02 2.553667118681662185e+00
2.521953813813510976e+02 1.851420986434509075e+02 2.288014629154463186e+00
2.521472493459225461e+02 1.851432631281790293e+02 2.032847543239687305e+00
2.521711691729133804e+02 1.855458244904749279e+02 2.402260158995014550e+00
2.522057004300023664e+02 1.857187063633293178e+02 3.131208694819303417e+00
2.521274594068689510e+02 1.865161414722918209e+02 2.511276849942783773e+00
2.521274077360097863e+02 1.854055683542453323e+02 1.730396580145283414e+00
2.520879362406803352e+02 1.825537427345730919e+02 9.056099429856178107e-01
2.519897817725373272e+02 1.816409354189876524e+02 8.144386024166838656e-01
2.519864156051035593e+02 1.810119775572034087e+02 1.094746711968987318e+00
2.520031443608188795e+02 1.814098519944951704e+02 1.095603692071925872e+00
2.520274145414400380e+02 1.814977340437866360e+02 1.126906150596609368e+00
2.520758843278503321e+02 1.815855014089761141e+02 1.230314662929561376e+00
2.521413223202988263e+02 1.842262427471757462e+02 3.060754848238905979e+00
2.521885104173493062e+02 1.844942443703968706e+02 2.400572664351140251e+00
2.521413991964551258e+02 1.850789593741020553e+02 2.218522364660156843e+00
2.521019377832445230e+02 1.843260027927469196e+02 3.762500567119185568e+00
2.521483722419103515e+02 1.845620504005121632e+02 4.025574554748425626e+00
2.521826577473521809e+02 1.855447356216382389e+02 2.444214376093279739e+00
2.520949130669301326e+02 1.861485953087901066e+02 3.030518573783466341e+00
2.521724937112783493e+02 1.863008642896391223e+02 3.813735374626331609e+00
2.521486621028275295e+02 1.868112955018626735e+02 3.597441158233814384e+00
2.521142757761971325e+02 1.870885197433092628e+02 3.111966970978620850e+00
2.521864271995402476e+02 1.875870490142208382e+02 3.578519541666876691e+00
2.521014273759773232e+02 1.876989189448054276e+02 4.176327436974154317e+00
2.520495221075661334e+02 1.877598174632380790e+02 4.003353564785175678e+00
2.520782662284305786e+02 1.881610366434609887e+02 4.007698958013016011e+00
2.520597604992665310e+02 1.879694637825085408e+02 4.799437669820689756e+00
2.520228738071593000e+02 1.883267791158990008e+02 5.829546657525545683e+00
2.520346245166884387e+02 1.889030188384390954e+02 4.663247148020627897e+00
2.521367916681369650e+02 1.892692455046352507e+02 4.930207792469665229e+00
2.521397117018112510e+02 1.878938453705430618e+02 5.431463016267498389e+00
2.520649011196192930e+02 1.859749194690756156e+02 3.245945727954187010e+00
2.521771869376068196e+02 1.846183854998966467e+02 2.811678622379279346e+00
2.520531693140630409e+02 1.848140680845486372e+02 2.491164283085733455e+00
2.521850333466081224e+02 1.852300222814826896e+02 2.942552086746550444e+00
2.521253963532976172e+02 1.844911428585831459e+02 4.213593468803403574e+00
2.521646548638661898e+02 1.847822602598162121e+02 3.667523226681319137e+00
2.522034206108755825e+02 1.848819749358525257e+02 4.040123052260662817e+00
2.521401981640461543e+02 1.853226341047834751e+02 2.940298733181765378e+00
2.521397016196924028e+02 1.852712808323797447e+02 2.990729491709977594e+00
2.521228115500753688e+02 1.857045069591825381e+02 2.896536036013328541e+00
2.521494283438607340e+02 1.857422128234469767e+02 3.000002520529714722e+00
2.521498782584147875e+02 1.863331169878661626e+02 3.677565017063986197e+00
2.521556943807310631e+02 1.867754661719706917e+02 3.445957322390873490e+00
2.521772020607851061e+02 1.865099976811126510e+02 4.132710930529159832e+00
2.520942841947663737e+02 1.870475031632647926e+02 5.292336077350015877e+00
2.521324765212657155e+02 1.875575399125880267e+02 3.840237484309702687e+00
2.521025036421654306e+02 1.873208180631241362e+02 4.835566942748688035e+00
2.520878820492914656e+02 1.875098351069460705e+02 5.823140731256081004e+00
2.521463885850250222e+02 1.880632287481537048e+02 4.477650463021308980e+00
2.520547824530803496e+02 1.883429168073962501e+02 4.879130518069677791e+00
2.521065730373895519e+02 1.888803655776297887e+02 4.373009411657953649e+00
2.520900156776948222e+02 1.889970963497688672e+02 4.757698958013016011e+00
2.521342333304767465e+02 1.886173369595354075e+02 5.892698529522964357e+00
2.520399579575643543e+02 1.893880670561725310e+02 5.113977093425954301e+00
2.519874830494376567e+02 1.898243291610164931e+02 5.383516239772951018e+00
2.520301694804180102e+02 1.900700228359992252e+02 6.663993224816127103e+00
2.520411400860004676e+02 1.888725141275690476e+02 5.319304485030573737e+00
2.521471964147985432e+02 1.868165835732037579e+02 2.439023345146215771e+00
2.521968420283206740e+02 1.854495150500829368e+02 3.869352123042178349e+00
2.521206136481642943e+02 1.853668126893547878e+02 3.686104571736796398e+00
2.522028471903655316e+02 1.859257149482535283e+02 3.566255904340856375e+00
2.521547378397043815e+02 1.860455484924711698e+02 4.058488892025548189e+00
2.521292149558151152e+02 1.862603177883864021e+02 2.996947638515710555e+00
2.521086045843394459e+02 1.869059653376753545e+02 3.136688326418680006e+00
2.521099341637638531e+02 1.868137089090643315e+02 3.695724173392280321e+00
2.521863062141139551e+02 1.867615578890059567e+02 3.361804396812034135e+00
2.521997280348438153e+02 1.861715308689274195e+02 4.417620267075328400e+00
2.521562879654788389e+02 1.867735883773333683e+02 4.059910470784539704e+00
2.521001280429094891e+02 1.870394488105620212e+02 3.812390672023632465e+00
2.521384867243699830e+02 1.876313448034239002e+02 4.251862671459034182e+00
2.521572382051811871e+02 1.880446549646873677e+02 4.060982956178070147e+00
2.521406745441622093e+02 1.883238616027544481e+02 4.234279456170508382e+00
2.520764174198849616e+02 1.888080137721743483e+02 4.678490051469216482e+00
2.521257416658685031e+02 1.878486736972642177e+02 5.861707356418024872e+00
2.520686163804185185e+02 1.889011927146609082e+02 5.117190768811973101e+00
2.520296288267942373e+02 1.885458673394800542e+02 7.044478527607362039e+00
2.520533218061107732e+02 1.891453564281069362e+02 4.872754838156787116e+00
2.520837156136733768e+02 1.889961221650341940e+02 5.753853889933508547e+00
2.520344795862298497e+02 1.895115188207953736e+02 5.782044754525610841e+00
2.520601297568697134e+02 1.902482570537024174e+02 5.846529986742013740e+00
2.520779158748002544e+02 1.903635233980773478e+02 6.496807749116554120e+00
2.520579822655529370e+02 1.904920250439832330e+02 6.383924565586704070e+00
2.519785036623296719e+02 1.903079507589314971e+02 7.179341990512726035e+00
2.521067620771181339e+02 1.881217982971301126e+02 3.636349315172076491e+00
2.521304638782886514e+02 1.864968367352082623e+02 2.728358731871090015e+00
2.521292376405825451e+02 1.843120554415716015e+02 1.874664139415539665e+00
2.521425838454209440e+02 1.842735316654147937e+02 2.299771640007864271e+00
2.521238966381174578e+02 1.841158448059444197e+02 2.260208145343825414e+00
2.522235230956137855e+02 1.841260894989690939e+02 2.700911423544772205e+00
2.521744042728019792e+02 1.842950002772582820e+02 2.798515155945173305e+00
2.521951167257310829e+02 1.851782833680326235e+02 2.376751138019165932e+00
2.521466255148181972e+02 1.848972896743979675e+02 2.503443043590040773e+00
2.521216634487904003e+02 1.845367606656215003e+02 2.067598086413840797e+00
2.521614399282153158e+02 1.851322912623317052e+02 2.182135997701276864e+00
2.521122089418312271e+02 1.846805921732511422e+02 2.834050844125401536e+00
2.521268670823860418e+02 1.852243699935978611e+02 2.885342363551123945e+00
2.521322773994182569e+02 1.855837067918193668e+02 2.531515443285560885e+00
2.521282672366424435e+02 1.858052852987583776e+02 3.080092352208740003e+00
2.521793987024313140e+02 1.864212170629779450e+02 2.666439398904073776e+00
2.521704684656527320e+02 1.866330159146246217e+02 2.309296721799053209e+00
2.521315237610336055e+02 1.865316906201007328e+02 3.980294498691844929e+00
2.521700840848712630e+02 1.870921064570930241e+02 4.335560641424401673e+00
2.520981191807270250e+02 1.870030271561871302e+02 3.750923774140373368e+00
2.520410102787201652e+02 1.873813662279264634e+02 2.851993234898246410e+00
2.521206035660454461e+02 1.878081687847518140e+02 3.370410745522279150e+00
2.521086335704311523e+02 1.877422077823875384e+02 3.182457365239878655e+00
2.521969516713632515e+02 1.882196591235613994e+02 3.605924000988047773e+00
2.520688797757736666e+02 1.883396892690967945e+02 4.269762213226731440e+00
2.521233547242288466e+02 1.883418128153812745e+02 4.374152471883490989e+00
2.520209708072248418e+02 1.895141704180550448e+02 3.067765701639856513e+00
2.520763014755181075e+02 1.891232904507211288e+02 4.569348594300578270e+00
2.520898102545230870e+02 1.883474512403526830e+02 4.807677281457471530e+00
2.521201322269888294e+02 1.862602774599109807e+02 2.440810400713814055e+00
2.521594499700057099e+02 1.854188843127271582e+02 2.566477710955734626e+00
2.521221335275821502e+02 1.851615142838418819e+02 2.251633303255012208e+00
2.521304701796129564e+02 1.860787451290763386e+02 1.862019902102625801e+00
2.521443154493348402e+02 1.857759942229458829e+02 2.741609156580346873e+00
2.521648350817407902e+02 1.857959139692797805e+02 2.911007657369272916e+00
2.521592067388882583e+02 1.865713902233693489e+02 3.214418942284910763e+00
2.521002313846277900e+02 1.867568394573803516e+02 3.366520307907909793e+00
2.521187824833266973e+02 1.866562829244194006e+02 1.696602577997792016e+00
2.521570516859823385e+02 1.865195731734981450e+02 2.305276476904386307e+00
2.521487893895781269e+02 1.875035955356377713e+02 2.995640743858729138e+00
2.520838819686345289e+02 1.864976836331923380e+02 3.881764471621355739e+00
2.521250321367538731e+02 1.878778211028829901e+02 3.623366066612559333e+00
2.520868435910491030e+02 1.878583575724274226e+02 3.284837501449304753e+00
2.520776398767964963e+02 1.880544434418337403e+02 4.734405482656234732e+00
2.521057173175514663e+02 1.883734000937637063e+02 4.442724743031995160e+00
2.520514578743868697e+02 1.889537268552358853e+02 3.416075182360324813e+00
2.520588392456558609e+02 1.888206592697521273e+02 4.696061924374026475e+00
2.520363082305377418e+02 1.890114772320550856e+02 4.500602406601771577e+00
2.520247642044452050e+02 1.896442662990054089e+02 3.856596982421825803e+00
2.521024733958088575e+02 1.899055066012673194e+02 3.601850824969375697e+00
2.520779725867188290e+02 1.901393789918889468e+02 5.053378518029348676e+00
2.520481345559582849e+02 1.899367107591331489e+02 4.959158596770697258e+00
2.520531264650578862e+02 1.907516156595470136e+02 4.043332946852110865e+00
2.520920522657041545e+02 1.908356803665858479e+02 5.430972773238023521e+00
2.520577138291383221e+02 1.906308016292703940e+02 6.657090754192901194e+00
2.520107500592324357e+02 1.901645200155264490e+02 4.983864829032469856e+00
2.520461609811918038e+02 1.881196659289916511e+02 3.075970025860634838e+00
2.521136053152930572e+02 1.867409891062705753e+02 3.149672835243054525e+00
2.520542770868725881e+02 1.865566274808313665e+02 3.102735530899173977e+00
2.520274485685911827e+02 1.879733592611823383e+02 1.956377192230719153e+00
2.520728017200094655e+02 1.877864329967586059e+02 3.268858603324074519e+00
2.520662773288434266e+02 1.880286886692107089e+02 4.173893865534780367e+00
2.521143501318236986e+02 1.880583389205075378e+02 5.421819469579727269e+00
2.520466650871346985e+02 1.886789298839044022e+02 4.409163889883098264e+00
2.521572734925971986e+02 1.881720652212268874e+02 3.077499987397351422e+00
2.521227145096813445e+02 1.875846734149648967e+02 3.200309016943000628e+00
2.520898014326690770e+02 1.876704520822096072e+02 4.759439383780895483e+00
2.520782561463117020e+02 1.883167423665757667e+02 4.245282828639266981e+00
2.520611972012038109e+02 1.891469002525570886e+02 3.632673122583442105e+00
2.520333062796477179e+02 1.889279430965211759e+02 4.484741973373123969e+00
2.520985741363404884e+02 1.892162299428848087e+02 4.220863936764950530e+00
2.520566703298365212e+02 1.896219545699724165e+02 4.029244446012773651e+00
2.520884516890069733e+02 1.896964362230366419e+02 5.331986530289205994e+00
2.520399289714726478e+02 1.899681820931486982e+02 5.159583558080566235e+00
2.520146581405548147e+02 1.896857214512201892e+02 5.944811741635621871e+00
2.520065911852034901e+02 1.900601083323671219e+02 5.169882442494114549e+00
2.520278153056646318e+02 1.905805687323247923e+02 4.131174667668156886e+00
2.521183728972480935e+02 1.908417964319381497e+02 6.585356478517525147e+00
2.520444054322456395e+02 1.909061178297230867e+02 5.466708843530556194e+00
2.520011745668469700e+02 1.919253771972717857e+02 4.200624083157316058e+00
2.520307076135120496e+02 1.902653021358968886e+02 3.967061717690589795e+00
2.520996138548477461e+02 1.877471089524174488e+02 3.430848007017154533e+00
2.521412404030831169e+02 1.846923983344339604e+02 1.745168144537255994e+00
2.522032744201521268e+02 1.850547736312263396e+02 1.931190799058330132e+00
2.521642641817604442e+02 1.848592523604760913e+02 2.486397961395566902e+00
2.521365307933115218e+02 1.852169482938534486e+02 2.675058350262891071e+00
2.520818289971820434e+02 1.854079515150904172e+02 2.861619137878016250e+00
2.521205493746565764e+02 1.866537787781480233e+02 1.731330436404514783e+00
2.521176671489280068e+02 1.857090703782306775e+02 2.824418639821344890e+00
2.521451762102323357e+02 1.855352244027604911e+02 2.153935050990316125e+00
2.521809891566811643e+02 1.855956893900822138e+02 1.646166778410150577e+00
2.521693569120486416e+02 1.864618845496569577e+02 1.214945732995246219e+00
2.521119026974708959e+02 1.860814521779897177e+02 2.627566529381814675e+00
2.521272905313780655e+02 1.867322605118691854e+02 2.554500153752312652e+00
2.521150974688840734e+02 1.871953776005565260e+02 1.999890356957418236e+00
2.520971626397003718e+02 1.876069019665172846e+02 2.140912734220223879e+00
2.521465108307161813e+02 1.870491881373789624e+02 3.016353196787836755e+00
2.521434698116156028e+02 1.873525263269328605e+02 3.374466277832949501e+00
2.520987127654748008e+02 1.881090330743909078e+02 2.965646440255884198e+00
2.520375747967192694e+02 1.882853453881867836e+02 2.278858804966451768e+00
2.521532141794919539e+02 1.878037200498056620e+02 3.100740531630127528e+00
2.521146740198920213e+02 1.877586113897696691e+02 4.282524915436227708e+00
2.520852140685886411e+02 1.883057011861612864e+02 3.512608949896910193e+00
2.520715376743576428e+02 1.889950711041432498e+02 3.106888103603853590e+00
2.520333692928905975e+02 1.894752483982033766e+02 2.380655438546964930e+00
2.521754389502497986e+02 1.864095129832485611e+02 1.892360778541218203e+00
2.521543799244849424e+02 1.847736854177273926e+02 1.679471797793024246e+00
2.521464289135004719e+02 1.838099886072056961e+02 1.960583956324261079e+00
2.521205380322728615e+02 1.838842749192170345e+02 1.430225436177667175e+00
2.521323832616662628e+02 1.843462678516517030e+02 1.509267987760307683e+00
2.521761245343321320e+02 1.851197163395859207e+02 1.723541999586633233e+00
2.521891203855402352e+02 1.851588362210202092e+02 1.808998039027882143e+00
2.521745731482928363e+02 1.852901520383523746e+02 1.891186211694249719e+00
2.521934783814166394e+02 1.846070998280998765e+02 1.911137464649570683e+00
2.521041508083338840e+02 1.843305233627899327e+02 1.722440528101385704e+00
2.520888990830312935e+02 1.840943119205932419e+02 1.210466751692535814e+00
2.521452934148640566e+02 1.848160756864662631e+02 2.176544202529603567e+00
2.521618747195910828e+02 1.851186425939275466e+02 2.600364972702663202e+00
2.521883806100690038e+02 1.853302183786944681e+02 1.967442317677483121e+00
2.521630921354431791e+02 1.858022115127715210e+02 1.629523720705143397e+00
2.521838411360531609e+02 1.856565400184502721e+02 2.805820911322723710e+00
2.521205758402185779e+02 1.856117451643637537e+02 1.971328974497280395e+00
2.521198814342822345e+02 1.856329617232357521e+02 1.445434312475109673e+00
2.521106021041381950e+02 1.861132146331873116e+02 2.114880703328611666e+00
2.520814673011680043e+02 1.853633683854999106e+02 3.006906251417797993e+00
2.521801195739296588e+02 1.861965685508466493e+02 2.239542322214436609e+00
2.521667469035292584e+02 1.864801873761789750e+02 2.688297432588432567e+00
2.522068346683739151e+02 1.869486656315691278e+02 3.089811514787947910e+00
2.521593945183519736e+02 1.868863467946423498e+02 2.820242122084377190e+00
2.521012106104218731e+02 1.876191971104647394e+02 3.174812598615725179e+00
2.521782644640597653e+02 1.867080533444908781e+02 2.427580140242273199e+00
2.520747437881545068e+02 1.836422965050334994e+02 1.376670481068301255e+00
2.520897119538642244e+02 1.828323116786223750e+02 1.321289402180762407e+00
2.520897207757182343e+02 1.827691963543058193e+02 1.172571847699512615e+00
2.520999730303320518e+02 1.827416557863800790e+02 1.045634190481471659e+00
2.520967165059408899e+02 1.827698403496478932e+02 1.693688845647801422e+00
2.520178062821682659e+02 1.826076845909936424e+02 1.194574811842456841e+00
2.520562720861416324e+02 1.827075908272882714e+02 1.158995014392224743e+00
2.520678299751475890e+02 1.831687330809442926e+02 1.003430440941468271e+00
2.520901454849751246e+02 1.831378175237307744e+02 1.470916867888955482e+00
2.521751692535703171e+02 1.850024549959419460e+02 1.714219820437463238e+00
2.521857428757227524e+02 1.855384204344385068e+02 1.687493383609499409e+00
2.521225191686284859e+02 1.856279080611581378e+02 2.020417550952508190e+00
2.521624746056631352e+02 1.857375032136753816e+02 2.546062680532940714e+00
2.522654710113877456e+02 1.860307176956309263e+02 3.077939819832535839e+00
2.520945488503863885e+02 1.856785480236526382e+02 3.186442322718542552e+00
2.520925538511173443e+02 1.865013774694890003e+02 2.778096344727808198e+00
2.522056084306677803e+02 1.873633948510619120e+02 2.440119775572034300e+00
2.521919685841176317e+02 1.865186670430657614e+02 3.498122205362678816e+00
2.521579779806524186e+02 1.866826237202010361e+02 4.738976463293525399e+00
2.521278526095044015e+02 1.874212397477453749e+02 3.529492718189654710e+00
2.520982641111856140e+02 1.876115674670188582e+02 4.768619153001194988e+00
2.521287675617907951e+02 1.881458428903418394e+02 4.403172590751672111e+00
2.520659055507105393e+02 1.877509767052643781e+02 5.720560212934350020e+00
2.521096846313221249e+02 1.883862963840480802e+02 4.034366162392688082e+00
2.520610699144532134e+02 1.889597849484047458e+02 4.358566776393726805e+00
2.521736733191847577e+02 1.872877159463832868e+02 4.168649903463712114e+00
2.521271468611843432e+02 1.852758707169898855e+02 2.127895458509560189e+00
2.520836450388413539e+02 1.839504161394558821e+02 1.867662107868589771e+00
2.520806103210650804e+02 1.834604516285142495e+02 1.601705894510790484e+00
2.521295489260022862e+02 1.836261714161848317e+02 2.956268809452994528e+00
2.521203830196954243e+02 1.839106472216201098e+02 2.161714665954197034e+00
2.521473174002248356e+02 1.839788804815219976e+02 3.174495011871695027e+00
2.521699845239475621e+02 1.847227883612019923e+02 2.105273704321700468e+00
2.520704727505532503e+02 1.845169316583573220e+02 2.393971397028799686e+00
2.521549420026112784e+02 1.845071709070378176e+02 1.948961793810587206e+00
2.521341526735258753e+02 1.841762316568450046e+02 2.613910299388519487e+00
2.521449455817634657e+02 1.852762966865116425e+02 1.167739992236768387e+00
2.521615949407927531e+02 1.854685009401575826e+02 1.943900570143821449e+00
2.521965924958789458e+02 1.853377812281028980e+02 2.972456911544530289e+00
2.521465133512458863e+02 1.855731016630454917e+02 3.608507543945435714e+00
2.520986245469347864e+02 1.866962156766866201e+02 2.542218872718290612e+00
2.521603069501086338e+02 1.866809374858220281e+02 2.593216750432270956e+00
2.521246263314698126e+02 1.868520070978116792e+02 4.177493181967122382e+00
2.520780570244642718e+02 1.870084475553382219e+02 4.539695822474051567e+00
2.521169601403430818e+02 1.878873902939441791e+02 3.392795569916973619e+00
2.520749328278831172e+02 1.872693614490021332e+02 5.667610184956470398e+00
2.520842373633242630e+02 1.880449246613668208e+02 3.764394745199651116e+00
2.520592034621996049e+02 1.882294324775294854e+02 4.037005157003795475e+00
2.521054161142505734e+02 1.883902523554350239e+02 4.809425268814494281e+00
2.520575575562960182e+02 1.888694970535007656e+02 4.744626230648632870e+00
2.520844780739120097e+02 1.889560331399246991e+02 5.715565783305019742e+00
2.520864478678839191e+02 1.870732932233038071e+02 4.462174410574125893e+00
2.520528580286432998e+02 1.851560258303885007e+02 1.968744171275035093e+00
2.521603434977894835e+02 1.842542596952175415e+02 1.703503788356161008e+00
2.521288444379470661e+02 1.840784363641863024e+02 2.232440729743762731e+00
2.521154163158929578e+02 1.841752587323751982e+02 2.666450741287789139e+00
2.521583648819635926e+02 1.849250079396686033e+02 3.174318574791678227e+00
2.521672951187421461e+02 1.851556956409959014e+02 2.806984135785976608e+00
2.520806632521890833e+02 1.859452969436056549e+02 1.605067020885109219e+00
2.521434118394321615e+02 1.853993754127367311e+02 2.297243548704195781e+00
2.520926760968085034e+02 1.852159199177299058e+02 2.538879170846545019e+00
2.521281323883027312e+02 1.848173309102641042e+02 2.531131062504095919e+00
2.520854333546738246e+02 1.855520451578103689e+02 2.561285419743813296e+00
2.521564442383211144e+02 1.857460427683481896e+02 2.969516713632537108e+00
2.521435567698907505e+02 1.865834648209667819e+02 2.723195426750885773e+00
2.521672447081478765e+02 1.867427219704493098e+02 3.822256025326282725e+00
2.521210837269560443e+02 1.867476596881600699e+02 4.345434816581052573e+00
2.521791542110489956e+02 1.870639836468032229e+02 3.243198350565354993e+00
2.520416366303542475e+02 1.884483203189982419e+02 2.600782120370416894e+00
2.521577460919186819e+02 1.873930892116287055e+02 4.424830242323726459e+00
2.521114943716571588e+02 1.881574726144446572e+02 4.849417253530002192e+00
2.520866885784716658e+02 1.878330350706504532e+02 4.989450322879856792e+00
2.521650140393505239e+02 1.879030591669145167e+02 4.876307524789409875e+00
2.520745912961068029e+02 1.884628335290944676e+02 4.575667562294891688e+00
2.520382893668933377e+02 1.886422965050334994e+02 6.070192971754943656e+00
2.520494969022689702e+02 1.891442423539731124e+02 4.683508426130835289e+00
2.520694796618457474e+02 1.883005114154790647e+02 4.148197065095200031e+00
2.521901412000746063e+02 1.857796716757993920e+02 2.606765857912698880e+00
2.521405422163522019e+02 1.839905039043005388e+02 2.484143347565924476e+00
2.521986227825639730e+02 1.844148451638596384e+02 2.378310085647599603e+00
2.521651451068956646e+02 1.847409601201788689e+02 2.803837254437392623e+00
2.520990568177808200e+02 1.857198620262034297e+02 2.461779947673802926e+00
2.521320555928033968e+02 1.855809934415816826e+02 2.826263667572376903e+00
2.521173659456271423e+02 1.863800152239994645e+02 2.722003216195915787e+00
2.521162115430178687e+02 1.859572694597496536e+02 2.868148570103493000e+00
2.521860944896179433e+02 1.855475661765076438e+02 2.804108211381703963e+00
2.521487515816323821e+02 1.858054869411355412e+02 1.921882482822589999e+00
2.522110137066405855e+02 1.851681558796396700e+02 3.745499594194715787e+00
2.521449115546123210e+02 1.856945508668101752e+02 3.523648870046529158e+00
2.521948823164676412e+02 1.865372231828241070e+02 3.778856284436737045e+00
2.521638268698549723e+02 1.871794365103770303e+02 3.006320228259170779e+00
2.521708616682882109e+02 1.875640995911700770e+02 3.390089781268431413e+00
2.521077450837067886e+02 1.875954600218782105e+02 3.241623019493776958e+00
2.521164358701624622e+02 1.878120592223661731e+02 3.746530490847956418e+00
2.521041508083338840e+02 1.875898783088253765e+02 4.171393500057972048e+00
2.520892897651370390e+02 1.878457360198819401e+02 3.984027403199056128e+00
2.520644398626815530e+02 1.884561289200538283e+02 4.035999465647700291e+00
2.520252368037666884e+02 1.885468868937495870e+02 5.075230250389421549e+00
2.520690209254376839e+02 1.887585093083162349e+02 5.096943353615195349e+00
2.520377071245293052e+02 1.895993832263788477e+02 3.589367901558191409e+00
2.520693019645008519e+02 1.894768867425178200e+02 4.276154276582766478e+00
2.520850162070060776e+02 1.878477965529235689e+02 3.185774382344193523e+00
2.520666150798251692e+02 1.855373416477206945e+02 2.229898775526664600e+00
2.520814899859354341e+02 1.843722091434735830e+02 2.586169349350459612e+00
2.521422183686123617e+02 1.846812298672689110e+02 1.959695469599891160e+00
2.521530982351250998e+02 1.856386745038337267e+02 2.790039874780083640e+00
2.521283415922690381e+02 1.850882878545755261e+02 3.451590706302836598e+00
2.520987606555393654e+02 1.857783194116075549e+02 3.114656376184018693e+00
2.521713002404585211e+02 1.863309858799925394e+02 4.006427350772038487e+00
2.521423847235735138e+02 1.858474991304172477e+02 3.603322814322658107e+00
2.521905243205912086e+02 1.855969357920260450e+02 3.095586048363924370e+00
