2.526415822430121807e+02 1.636741165903676460e+02 6.381839723429899580e-01
2.534764270561712749e+02 1.857738320363778826e+02 9.825975531427605603e+00
2.532231919178478279e+02 1.856491643785489316e+02 9.434905715901502177e+00
2.532016597276777361e+02 1.860074081277012681e+02 8.885937863849104446e+00
2.530670902563288962e+02 1.859974193102636377e+02 8.427176441386228234e+00
2.528574760675252833e+02 1.868666639371319889e+02 1.023077917126209435e+01
2.524084117434817358e+02 1.849494110602450974e+02 8.300462912021126627e+00
2.524883158856358989e+02 1.855367796267532015e+02 7.428931873373474382e+00
2.523057394437379060e+02 1.856926189970495500e+02 7.160382766059259829e+00
2.521707490269635343e+02 1.862092661731326757e+02 7.154866973568721811e+00
2.521546289922643211e+02 1.858539178631837672e+02 8.912531634880382470e+00
2.522167881736086485e+02 1.861456727066151018e+02 8.493259755314275239e+00
2.520898955185305681e+02 1.864002986281529388e+02 8.026701246459069239e+00
2.521198811628841270e+02 1.855346697817481072e+02 7.231338299380481338e+00
2.521487165642664650e+02 1.846461972890602681e+02 5.333883931655863719e+00
2.522123253844165731e+02 1.847808064239598593e+02 5.724528963348320509e+00
2.522054635901398854e+02 1.851291880231430298e+02 6.407289648836834495e+00
2.522468301146148804e+02 1.845078495446368549e+02 7.848087321226141277e+00
2.521719466103017737e+02 1.853989705389381015e+02 6.794155127985321840e+00
2.521432967319793192e+02 1.855368909405891316e+02 6.602392095949968009e+00
2.521634726846082515e+02 1.851076967759930483e+02 8.268212606867679781e+00
2.521392728007840560e+02 1.861509210900055393e+02 6.102546911744760827e+00
2.521258486080652688e+02 1.858450677734929855e+02 5.639425057640095496e+00
2.521047373633206803e+02 1.853597420077945230e+02 8.649054344182379950e+00
2.521548170742629509e+02 1.855707162725474575e+02 6.806882009892857077e+00
2.521543449500623240e+02 1.857131352885331523e+02 7.475212839731106840e+00
2.521659369426311628e+02 1.859506342329709128e+02 7.688847121321845002e+00
2.521322075708762043e+02 1.863737189312848272e+02 7.234046936054679300e+00
2.521490645799374022e+02 1.860350446662760078e+02 7.670468823169654726e+00
2.521392177836007988e+02 1.864634340446330043e+02 6.154407644061854477e+00
2.521037982327968905e+02 1.866804845094642360e+02 7.558370672514694633e+00
2.521510490369433910e+02 1.864212486597558325e+02 7.305782945696760677e+00
2.521032992397393002e+02 1.868229355121843867e+02 6.462309391049344320e+00
2.521668159380941461e+02 1.867412848943286292e+02 7.187562534065872200e+00
2.521332848840928591e+02 1.866267135293651052e+02 8.509509016420709671e+00
2.520332905137581463e+02 1.873092132031003985e+02 7.161755636702347161e+00
2.521253380997832494e+02 1.872686463469869693e+02 7.577844196454845971e+00
2.521388403401341520e+02 1.861491400686307429e+02 7.558923403286189391e+00
2.521332196311545601e+02 1.856495354246686702e+02 5.892006387111137222e+00
2.521328511439735678e+02 1.854124740587583631e+02 6.547990337447253673e+00
2.521800430925286776e+02 1.850511954082402895e+02 8.002452742798507046e+00
2.521487101669195852e+02 1.855926502161023848e+02 5.991422437286808567e+00
2.521639716776658418e+02 1.860189233521074073e+02 6.686756468357442529e+00
2.521173682850248383e+02 1.857667604091231226e+02 8.411560517622131528e+00
2.521666969474419489e+02 1.863647140257992305e+02 6.933325571219103978e+00
2.521282501720886273e+02 1.862057911343007959e+02 7.278498261201114872e+00
2.521645551157024272e+02 1.858876996931832366e+02 6.281577943995066526e+00
2.521481177725973453e+02 1.863569412493250752e+02 6.601321180080197415e+00
2.522046153019419705e+02 1.859861714949576026e+02 6.351658320261421409e+00
2.521578647703224476e+02 1.864109975510956190e+02 7.273367588993492561e+00
2.521197237881505657e+02 1.870778058123734979e+02 5.058126293863408840e+00
2.521134710212980394e+02 1.869162356987310147e+02 5.970316310419742756e+00
2.521667647593190225e+02 1.866605107129971088e+02 7.338348000317308717e+00
2.520282749937945823e+02 1.866877890001458695e+02 7.746621561106177722e+00
2.521128837448533204e+02 1.869821590789867685e+02 7.410026433837359150e+00
2.521175845153497903e+02 1.868220296478644400e+02 7.007129203376775806e+00
2.521081855332956252e+02 1.869138981081765678e+02 8.180165921588999467e+00
2.521479373674149826e+02 1.868190868682939936e+02 7.593155606506869049e+00
2.521117296634739660e+02 1.873385898200298243e+02 7.270964745500745785e+00
2.521150793143067688e+02 1.873798603843014234e+02 7.725796917502373518e+00
2.520937300882577858e+02 1.867598717459894999e+02 7.801766691317777003e+00
2.521701873399063913e+02 1.861703101689667221e+02 6.166516542259594225e+00
2.521419289792137306e+02 1.849764078641305787e+02 7.684211603763687393e+00
2.521505270134369994e+02 1.857044157047189401e+02 5.922273514727971921e+00
2.521419929526826706e+02 1.860578870330896279e+02 5.448470650251927339e+00
2.521815797352521997e+02 1.860751317213725144e+02 5.245173201769762095e+00
2.521602612164683137e+02 1.861784667862544040e+02 5.786773869140989568e+00
2.521557881915212249e+02 1.861559941860911351e+02 7.035869924025107913e+00
2.521307771241110913e+02 1.861947467546259247e+02 7.399328790364060104e+00
2.521914636362008082e+02 1.859996980452266939e+02 6.260697003738609823e+00
2.521433722206726316e+02 1.856486858570013965e+02 7.408487232175072101e+00
2.521681453067783707e+02 1.859722188813855155e+02 7.437524789719208052e+00
2.521250809264381871e+02 1.863410080171551328e+02 6.545813960034494450e+00
2.522188865033893137e+02 1.862465550286985092e+02 7.209117754684776891e+00
2.521842576646613168e+02 1.865288789033411945e+02 7.051040592445501076e+00
2.521252958772937802e+02 1.866445851576434336e+02 7.023775099990531956e+00
2.521107291184200108e+02 1.870776458787011904e+02 6.480434354264599683e+00
2.521177418900833516e+02 1.872402587598870980e+02 6.982065677722134822e+00
2.520723872595557111e+02 1.868332262843953231e+02 7.529816754395617373e+00
2.521431035321031686e+02 1.874133185085481443e+02 6.908822453152228427e+00
2.521424574000670304e+02 1.874885346748996255e+02 6.883025791543730953e+00
2.521061550153920052e+02 1.874001271792562306e+02 7.157660055221898077e+00
2.521437842098125088e+02 1.872041201472925138e+02 6.776036562116958706e+00
2.520391069815526066e+02 1.877945261741050729e+02 7.856764682550852363e+00
2.520825859099714137e+02 1.875237162443991110e+02 5.987140053277104634e+00
2.521769800428366466e+02 1.861505282929063583e+02 7.381591506370478228e+00
2.521654456263898112e+02 1.858929455176349279e+02 5.630375370726252271e+00
2.520821022705463577e+02 1.857964031556832651e+02 6.220070012564389295e+00
2.521705353555773286e+02 1.858113806242275245e+02 6.279953017884422728e+00
2.521293965766517431e+02 1.865847213443640555e+02 4.594862418657734260e+00
2.521332848840928591e+02 1.858250325624956929e+02 5.836262465230420027e+00
2.521919255246464218e+02 1.866383490238928005e+02 5.475471292545555535e+00
2.521569998490226112e+02 1.867134705095103016e+02 5.149225793079094338e+00
2.521153979021819964e+02 1.863999339793800800e+02 7.220521665254985066e+00
2.521351132458346740e+02 1.863098107153001592e+02 5.557152617666401007e+00
2.521719760380974833e+02 1.862872293602397349e+02 6.276222085176835108e+00
2.521767689303891871e+02 1.859382041879591725e+02 7.311360152717464977e+00
2.521544613817757465e+02 1.866501521289090988e+02 5.683624327318974601e+00
2.521459503514702476e+02 1.867821575436234980e+02 6.008416349571505499e+00
2.520937556776453619e+02 1.868217468851318017e+02 6.830516368251758230e+00
2.520969415563977236e+02 1.870454467523228743e+02 6.282057745011988992e+00
2.521069150202028197e+02 1.868588898811884746e+02 6.846513573890636195e+00
2.521450751944153694e+02 1.871434656219372812e+02 5.656522606944448306e+00
2.521702871385179208e+02 1.870828917031528817e+02 7.963469869775607002e+00
2.520816429410394903e+02 1.870740940717065826e+02 7.048102930752558670e+00
2.521291406827760397e+02 1.875598804463812712e+02 6.231250015993366809e+00
2.520756780547971232e+02 1.875283108189371717e+02 7.952053164511613481e+00
2.521133098081563730e+02 1.874488851983305437e+02 7.589814911959711807e+00
2.520910444820324017e+02 1.877996491694964334e+02 6.787646467257099303e+00
2.520844999961615827e+02 1.878107191385588521e+02 6.483195449183314807e+00
2.520647104432849517e+02 1.873653320095090180e+02 6.016264614738975780e+00
2.520849337362809024e+02 1.865725523111055395e+02 6.371694810728095071e+00
2.522131851878388886e+02 1.864624091896608604e+02 3.479061483621512352e+00
2.521817870092914973e+02 1.859410369331630761e+02 5.888811552073124567e+00
2.521198056741907862e+02 1.863514139416101330e+02 5.894434819991452912e+00
2.521221304700514736e+02 1.863921138625389347e+02 5.588681302090397374e+00
2.521145176272496258e+02 1.867085611855051468e+02 5.676777886674837958e+00
2.522195914910168426e+02 1.863043755293804509e+02 6.295359108670452564e+00
2.522006834925419696e+02 1.867825119566413434e+02 5.666282399363335998e+00
2.521604301064262756e+02 1.863774447461148895e+02 7.075859739448855379e+00
2.521592849813325472e+02 1.865081578967570692e+02 5.077272273642674527e+00
2.521224375427023006e+02 1.866289871464506120e+02 5.771159224846272195e+00
2.521415285052982824e+02 1.866675401177623712e+02 6.064127005248383107e+00
2.521453502803317406e+02 1.866471927162367308e+02 6.636034463787177984e+00
2.521615099785816767e+02 1.867210398503532645e+02 6.455990091789133523e+00
2.521113330279666513e+02 1.872978783838766503e+02 4.928568504069992251e+00
2.520492147896424342e+02 1.873243723562964078e+02 5.661420415725190836e+00
2.520885533551525555e+02 1.866897517061724159e+02 7.126686660508154247e+00
2.521238078544066070e+02 1.871926381890902178e+02 5.920155992906622089e+00
2.520992957800540921e+02 1.871209520787539020e+02 6.861837778636443730e+00
2.521288400074720926e+02 1.876939957061007647e+02 6.228647575277580728e+00
2.520779439950663630e+02 1.877076847489809097e+02 6.060831092129472353e+00
2.521218221179312593e+02 1.869017674589994158e+02 8.447221888138551904e+00
2.521190827739919769e+02 1.875256981424663536e+02 7.259028575669098871e+00
2.520701162014089505e+02 1.881638731585236997e+02 6.332806618439200896e+00
2.521168283489471378e+02 1.876890825436874763e+02 7.732144365088910121e+00
2.520608387689457288e+02 1.877416009232651106e+02 7.514632011812061307e+00
2.520427764997300244e+02 1.870771225757253831e+02 5.473645489742493986e+00
2.520958616842423226e+02 1.860859304429266956e+02 6.048486771566095932e+00
2.521809310442773153e+02 1.861181730712638966e+02 6.422050887056119706e+00
2.521800366951817693e+02 1.860739827578706524e+02 6.666768597727150691e+00
2.521057033627014334e+02 1.861122286565315562e+02 6.277198320312599833e+00
2.521451813903737786e+02 1.863468308822965014e+02 6.537348990626607126e+00
2.520898609728573376e+02 1.862159360470026002e+02 6.303298216163792489e+00
2.520931914316494726e+02 1.866111948452737579e+02 6.452726165404683023e+00
2.521353115635883455e+02 1.861309524114159331e+02 6.891169614137624855e+00
2.521498591304214187e+02 1.866843971268235691e+02 6.633877278415095446e+00
2.521520367873035582e+02 1.864097206406559053e+02 6.738644069531483538e+00
2.521318557167971335e+02 1.865798644786034401e+02 5.560480517519773791e+00
2.521149193806344613e+02 1.870360375345136958e+02 6.834526225283850565e+00
2.520714417316850415e+02 1.870926412598167303e+02 5.838976219782131771e+00
2.521224017175596828e+02 1.872649525188913628e+02 6.610501372870642989e+00
2.520886749047434989e+02 1.880551950295173640e+02 5.019922617691991107e+00
2.521021118921560742e+02 1.870504878616740143e+02 6.894072730157349227e+00
2.521127148548953869e+02 1.874706911949476194e+02 5.659245317781809170e+00
2.521836691087472104e+02 1.873737112544685601e+02 7.122266093805577292e+00
2.520497956687402734e+02 1.874475046508711955e+02 6.602673579213228727e+00
2.520995695865010759e+02 1.873505311077389877e+02 7.224366470737256130e+00
2.520875131465478773e+02 1.876866131677870442e+02 7.011368085427611696e+00
2.520570604958711556e+02 1.876809195290529146e+02 7.819734279799481769e+00
2.520502831465734630e+02 1.882329414745116765e+02 6.836830549634455245e+00
2.520851691586465222e+02 1.875530583156553348e+02 7.978575285257697658e+00
2.520627464577890180e+02 1.882986204761161559e+02 6.358517555599341620e+00
2.521216084465450535e+02 1.883050165435390682e+02 6.742309749300770427e+00
2.520527461251269870e+02 1.868879299976713639e+02 7.747476246650989218e+00
2.521235263711433561e+02 1.869277381284433659e+02 6.105613799844928025e+00
2.521634957150570528e+02 1.864909055316579156e+02 6.010110367028586253e+00
2.521315870282276421e+02 1.860891048064546567e+02 7.750646771770811405e+00
2.521017382870975609e+02 1.868093117222425406e+02 6.394469365664671834e+00
2.520891086448627902e+02 1.871243222010967600e+02 6.730484893305048288e+00
2.521206347703480333e+02 1.873692778930721943e+02 6.523306814198015502e+00
2.521246676578289510e+02 1.867241924629017831e+02 7.225337587995506183e+00
2.522029519917499840e+02 1.871393585252324101e+02 4.632714240750075874e+00
2.521442499366662560e+02 1.869382822355912595e+02 5.980296171571725772e+00
2.521057187163339677e+02 1.870839152786556383e+02 6.096448960687023799e+00
2.521276296294400652e+02 1.866886615982619730e+02 6.970325266705391876e+00
2.520419039016139209e+02 1.874110704808501850e+02 6.486662811198939949e+00
2.520962685555046505e+02 1.872349361672727071e+02 7.729229733844779737e+00
2.520785312715110820e+02 1.872678837832374086e+02 6.270998011704586261e+00
2.520994467574407452e+02 1.872442750142660941e+02 7.859790627630909299e+00
2.520841942029801430e+02 1.876880935138579218e+02 6.142321776312927639e+00
2.521569870543288232e+02 1.876574131176318474e+02 6.495848121866899305e+00
2.520229152965682147e+02 1.877751652434702407e+02 6.124269742852244569e+00
2.520065713547277539e+02 1.878795507527118218e+02 6.568126626525446987e+00
2.520857871423563097e+02 1.882576595434341584e+02 5.493907166819776755e+00
2.520851103030551030e+02 1.880409161512537537e+02 7.966645512772942972e+00
2.521035960766350854e+02 1.877613444152441105e+02 7.652764805379912438e+00
2.520419307704708842e+02 1.880374705402175550e+02 8.854584466729956915e+00
2.521277319869903693e+02 1.883747706551139061e+02 7.670782293167377475e+00
2.520778787421280640e+02 1.885324678149477791e+02 6.962373364518266605e+00
2.520360874338194606e+02 1.881523656109338276e+02 8.243607131250527686e+00
2.520501948631863343e+02 1.885310053814482103e+02 6.059903476830089453e+00
2.521147453727990069e+02 1.867190208476740452e+02 6.856520303899566571e+00
2.522184143791886584e+02 1.866566978942493051e+02 5.852005056462983745e+00
2.521473731214190934e+02 1.871600283530414401e+02 5.469308088549516889e+00
2.521358694122373549e+02 1.869458784452911573e+02 7.382799325463743401e+00
2.521332823251541129e+02 1.871173247830659534e+02 6.170489294679710746e+00
2.520887094504167294e+02 1.870631507701126282e+02 6.772107311655710227e+00
2.521093728808788512e+02 1.872833487296148576e+02 6.666123745160406955e+00
2.521974643475857647e+02 1.874888161581628765e+02 6.538376404537510567e+00
2.521301425072993823e+02 1.875037578015645465e+02 5.887033089637065508e+00
2.521328153188309784e+02 1.869554475967726717e+02 6.792988251912166930e+00
2.521210339647941225e+02 1.871175627643703478e+02 6.632764140055836144e+00
2.521320553140201639e+02 1.873092861328549930e+02 7.395782101246970441e+00
2.521219730953179123e+02 1.875781167234324585e+02 6.696087638534547359e+00
2.521300145603615306e+02 1.881537730272501392e+02 6.843723051176215932e+00
2.521548631351605820e+02 1.876889558762190120e+02 6.525100630266615909e+00
2.521806035001164332e+02 1.876013953893041446e+02 7.133630340825052762e+00
2.520139001553275762e+02 1.879778920486095899e+02 5.852788091722600505e+00
2.520665388050267666e+02 1.877549777756169078e+02 8.022780952283468991e+00
2.520766466131165942e+02 1.876132266426467652e+02 7.609363924593192330e+00
2.520991703920550151e+02 1.877205267831324988e+02 7.846509735482500858e+00
2.520846599298338901e+02 1.881792498215140199e+02 7.432419706899154654e+00
2.520975301123118300e+02 1.879874381696422745e+02 6.998217699155806493e+00
2.520408892823967903e+02 1.883375457730170126e+02 7.563475755334747141e+00
2.520558821045735840e+02 1.891926253943964298e+02 5.934419517537686595e+00
2.520414266595357446e+02 1.877921143743266725e+02 7.049139300949110343e+00
2.521166159570302909e+02 1.872966820800077699e+02 6.174240698897353496e+00
2.520937915027879512e+02 1.868894551251704854e+02 5.779433553316768446e+00
2.520946193194758393e+02 1.869704250653169026e+02 5.582149610913361926e+00
2.520675764546926985e+02 1.871661199067522716e+02 5.781036728447977779e+00
2.522120630931939900e+02 1.875121779895441705e+02 5.661305263481128947e+00
2.521344760700842187e+02 1.875494207842123728e+02 6.446744646060385442e+00
2.520933769547093561e+02 1.870746775097431680e+02 8.174994306361265117e+00
2.521861256899538546e+02 1.874271470135905133e+02 6.417062235949506643e+00
2.520723987747801118e+02 1.880588926960211040e+02 5.870634130613352042e+00
2.521061307054738165e+02 1.879953580850949493e+02 4.858309002090653195e+00
2.521297074877107036e+02 1.870368090545489110e+02 7.250436938792743646e+00
2.520731958842029030e+02 1.875186674582317323e+02 6.021520674945686658e+00
2.520090432895669608e+02 1.876601959635300148e+02 6.977404570776407411e+00
2.520816045569581263e+02 1.879106392996696400e+02 5.841810244455419188e+00
2.521017907453421003e+02 1.881029179578645198e+02 5.431933508535339961e+00
2.521302806899922473e+02 1.875292998487667262e+02 7.662282778086272117e+00
2.520960216179146300e+02 1.877790573893194903e+02 8.237376115377431418e+00
2.520842351460002533e+02 1.884911319977379094e+02 5.779584530703426815e+00
2.520533666677755491e+02 1.885010146192171305e+02 6.330343639885666285e+00
2.520576413749689664e+02 1.886562372852730505e+02 5.454210349883696018e+00
2.520212558247843333e+02 1.887292821920893005e+02 6.667756348087321427e+00
2.520366951817742063e+02 1.886048781049523200e+02 7.654856737813694245e+00
2.520237738205211429e+02 1.889567462581917994e+02 6.289369912509884308e+00
2.520560842607353891e+02 1.874256615496421432e+02 7.887217333227563465e+00
2.521065618866543616e+02 1.869027321789107532e+02 6.258804668527868209e+00
2.520963965024425022e+02 1.867880328670094059e+02 6.021726669515618191e+00
2.520903484506905272e+02 1.870183885339072276e+02 5.509722687806912766e+00
2.521056137998449174e+02 1.871027094043558350e+02 6.160426268018127871e+00
2.520809584249220165e+02 1.869042329964916860e+02 5.703839943498632437e+00
2.520880761130743792e+02 1.871426621151676102e+02 6.369028396543385817e+00
2.521676309600882462e+02 1.870487861674006638e+02 5.771389529334394197e+00
2.521563050971501241e+02 1.877135907796318577e+02 5.075661421695194520e+00
2.521834899830342351e+02 1.868032022559604002e+02 6.397390394255694446e+00
2.521574924447333217e+02 1.872981086883647492e+02 5.243861745656841045e+00
2.521144715663519946e+02 1.868142799018391145e+02 6.088845074170840199e+00
2.521113918835580421e+02 1.873537285017157785e+02 5.700596488624237956e+00
2.521049484757681398e+02 1.877228247101362228e+02 4.938695504200498299e+00
2.521317341672061900e+02 1.876462113632234434e+02 5.569772024146145917e+00
2.521495111147504815e+02 1.877924112112224861e+02 5.859909618283105637e+00
2.521325363945064737e+02 1.874561333923595328e+02 6.185240297143968391e+00
2.521313797541883446e+02 1.878307940131068960e+02 7.122423468539127889e+00
2.520783802941244289e+02 1.873709296880397801e+02 8.405668561134326922e+00
2.520701980874491710e+02 1.878939985209333940e+02 6.410822263790760367e+00
2.520636113790888544e+02 1.880560650686947213e+02 6.147984707781988689e+00
2.520974840514141988e+02 1.885957567677532722e+02 5.877604679787198805e+00
2.520947702968624924e+02 1.888287622157338888e+02 5.364954566042371198e+00
2.520654960374833422e+02 1.882199471835040470e+02 6.427923651503248514e+00
2.520097713076432910e+02 1.886578417398736462e+02 5.712352253273522251e+00
2.521176216199617670e+02 1.876164841716843057e+02 5.408338813727170624e+00
2.521422040651301018e+02 1.864407209042265947e+02 4.989432862403304192e+00
2.521063098311868202e+02 1.864722060866917275e+02 4.970349576623582344e+00
2.521309600882322002e+02 1.867236614831097370e+02 6.381152648373666914e+00
2.521549808463433919e+02 1.860251697216130538e+02 5.790191331850854439e+00
2.521095673602243608e+02 1.866354638204443859e+02 6.613778093948877945e+00
2.521632155112631608e+02 1.868969656104220576e+02 5.427246812202043635e+00
2.520351854079076190e+02 1.870822839551981076e+02 4.906181628355088975e+00
2.521525383392999231e+02 1.868116480333276286e+02 5.092137148881615616e+00
2.520596859670357617e+02 1.869624514121503580e+02 5.199810894425863417e+00
2.521906345400435612e+02 1.862504996327922981e+02 6.095407472612958344e+00
2.521437611793637075e+02 1.863549619101966073e+02 6.537323401239038212e+00
2.521204044658599059e+02 1.869014143254509577e+02 6.217809190172651768e+00
2.521650784186782062e+02 1.872017492905342237e+02 5.340987545645069723e+00
2.520931133840173857e+02 1.868308068078006556e+02 5.405170847546105328e+00
2.521538920179023364e+02 1.872729991018125020e+02 6.025731408670195854e+00
2.521494740101385048e+02 1.873109148973737490e+02 5.748577869785842509e+00
2.521352591053438346e+02 1.873006727449991899e+02 6.373010105249151458e+00
2.521689104294666777e+02 1.870165115523290069e+02 5.978186326566646613e+00
2.521138407879484191e+02 1.876952662191935701e+02 5.719513443384759199e+00
2.520645709811226993e+02 1.876750953844421588e+02 5.361871044840284206e+00
2.520417644394516685e+02 1.875011950243994931e+02 6.293292765624240559e+00
2.521106804985836334e+02 1.876372474007579569e+02 6.821753282478690394e+00
2.520840214746140475e+02 1.876768201091643391e+02 7.214632267705937352e+00
2.520464984761519815e+02 1.876653253562682551e+02 7.289812608914830960e+00
2.520654179898512552e+02 1.877657163621103109e+02 7.333635714596442590e+00
2.520940486761330419e+02 1.883403362957314471e+02 6.248081435667000250e+00
2.521074549562805203e+02 1.875113156271831087e+02 5.607135088935916833e+00
2.521148682018593377e+02 1.863420315926578894e+02 4.935565922100786374e+00
2.522077256920010200e+02 1.858767499942423740e+02 4.848870356485758037e+00
2.521685777674283031e+02 1.864127760135316692e+02 5.470579881111705234e+00
2.520320123238490453e+02 1.864424379521324795e+02 5.048150271119561161e+00
2.521252702879062042e+02 1.869911396745541765e+02 3.547445283492030033e+00
2.521365846356199256e+02 1.864323327029814266e+02 5.530732854470594262e+00
2.521675094104972743e+02 1.863921228188245891e+02 5.779465540051229588e+00
2.521410525426894935e+02 1.866163178406651184e+02 5.961155309669973867e+00
2.521448487283353757e+02 1.865098096917246551e+02 5.090655523341359512e+00
2.521019596353000622e+02 1.861957345049860919e+02 5.729930883064175973e+00
2.521603008800190366e+02 1.868641433824564331e+02 4.374797523970858748e+00
2.520812603796953226e+02 1.865342258058737741e+02 6.068509187869606691e+00
2.521382287537712443e+02 1.870064920276263081e+02 4.262071153851074712e+00
2.520943647050695233e+02 1.867399235389099488e+02 5.407603118834557243e+00
2.521027669804778668e+02 1.867231573721746258e+02 5.800927359405507744e+00
2.521472554102362551e+02 1.867330297578988052e+02 6.705359953120241912e+00
2.521077313216662787e+02 1.870160432665365136e+02 5.091803207373837736e+00
2.521556807160934284e+02 1.866970293279970861e+02 6.185631814773777215e+00
2.521368610010056557e+02 1.870636766320271533e+02 5.950144196198952073e+00
2.521111308718048463e+02 1.872945939859821465e+02 5.198307517906173736e+00
2.520818566124256961e+02 1.874193588834838522e+02 6.409322725679206023e+00
2.521098424461407319e+02 1.872804161857994245e+02 5.526293095727339733e+00
2.521274210759313803e+02 1.870084752051629096e+02 6.647883629701090591e+00
2.521162628234818328e+02 1.882691363837589336e+02 5.107988495011348995e+00
2.520497687998833101e+02 1.878628677514861067e+02 5.938222100530468062e+00
2.521102032565054571e+02 1.877905022429098096e+02 6.253676555259002789e+00
2.521496544153208674e+02 1.879521913472044901e+02 4.746547351882226984e+00
2.521006993579622701e+02 1.866184212883233045e+02 5.631178877495925050e+00
2.521693019470964998e+02 1.859666212028547534e+02 5.013000688354525280e+00
2.522013667291900845e+02 1.862157146988001273e+02 4.206917067353827200e+00
2.521981603789276392e+02 1.855702300741836268e+02 4.974941592222873687e+00
2.521884184990800577e+02 1.860166228661649370e+02 5.367060572639315019e+00
2.521736879681258472e+02 1.865653041170765789e+02 5.103209676882802803e+00
2.521291509185310531e+02 1.865717270533564260e+02 4.679347061186784451e+00
2.521712262690417106e+02 1.860056399010202597e+02 5.145057281844073849e+00
2.520874120684669606e+02 1.868553009695818901e+02 4.371818919257805192e+00
2.520995286434809657e+02 1.861550217893635022e+02 5.204095837374324240e+00
2.521487114463889441e+02 1.862181149833540985e+02 4.058382187739100644e+00
2.521660559332833600e+02 1.862220480722234868e+02 6.128467681882969309e+00
2.521038801188371110e+02 1.866477735953345416e+02 4.996687453779168564e+00
2.521338504095581357e+02 1.866917092943214698e+02 5.762833717600636341e+00
2.521755790238672148e+02 1.862378226501905090e+02 6.344397331538663920e+00
2.520690939053755528e+02 1.871863099335443508e+02 5.371488816158162649e+00
2.521146404563099566e+02 1.870230573176692133e+02 5.478140265669021680e+00
2.521678740592701331e+02 1.867966935952321990e+02 6.275408342652135651e+00
2.521337557288241555e+02 1.869136754805047360e+02 6.319008820661895065e+00
2.521007838029412369e+02 1.864547950673896537e+02 6.640211931307847593e+00
2.521178659986130413e+02 1.874163815582401753e+02 5.204303111413634220e+00
2.521375480760619041e+02 1.870023017654118576e+02 7.098543452059561609e+00
2.520907015842389853e+02 1.876304483004808219e+02 6.554299400952436905e+00
2.520883153738481610e+02 1.875602630077254389e+02 6.295206851814415749e+00
2.521784181664180267e+02 1.881204722777369795e+02 5.578466018572777685e+00
2.520236855371340425e+02 1.880643867375322031e+02 5.858209203479133542e+00
2.521006341050239712e+02 1.887820027278287114e+02 5.620856118550515035e+00
2.521046682719742478e+02 1.878932884154283443e+02 5.797123496943347831e+00
2.520521498923966135e+02 1.874466653189589351e+02 5.247613149874483796e+00
2.520596411856075179e+02 1.861910785159178658e+02 6.075234078922789216e+00
2.521647943764761806e+02 1.860326021592325105e+02 5.873127816431969350e+00
2.521122005082052340e+02 1.862371777976237581e+02 5.324976265843029744e+00
2.521307310632134602e+02 1.868300071394391182e+02 5.196506025021303543e+00
2.521849792853907672e+02 1.866840414343363648e+02 5.273306174463326279e+00
2.521478119794159056e+02 1.865558974582061467e+02 4.794330415290170677e+00
2.521968015824477334e+02 1.867943508868002311e+02 6.400633849130088926e+00
2.521143871213730279e+02 1.868929685480837293e+02 4.774714870249010090e+00
2.521967465652644478e+02 1.871694554834219275e+02 5.209400517417416943e+00
2.521146148669223805e+02 1.865212903704575638e+02 4.948235227886290666e+00
2.521503210188670607e+02 1.872923088536722105e+02 4.285804031352117960e+00
2.521004370667396870e+02 1.871221918845816390e+02 5.389139096234010218e+00
2.521091387379825903e+02 1.872231637695215056e+02 5.198064418724266389e+00
2.521732107260476994e+02 1.866573798514280043e+02 7.068076727219687605e+00
2.520646208804284640e+02 1.870919848920255788e+02 5.729339768211326955e+00
2.520822558068717854e+02 1.875001944793455380e+02 5.998048809197849884e+00
2.521371987809215796e+02 1.876740577347762269e+02 4.926427951799829508e+00
2.520827484025824674e+02 1.878744878923812678e+02 5.247664328649622512e+00
2.520874913955684349e+02 1.871614856686634880e+02 6.852506608459339787e+00
2.520894246737992717e+02 1.877696827171835423e+02 6.940085007945504536e+00
2.520913157295406393e+02 1.882628964116001953e+02 6.315680920808522281e+00
2.520874082300588270e+02 1.881333475780924118e+02 5.617118788496035187e+00
2.520442811557190907e+02 1.879114069812967216e+02 7.606210032575289937e+00
2.520873314618961274e+02 1.885838615409417400e+02 5.474602532837582025e+00
2.520960049848127085e+02 1.884019094801004144e+02 6.871587335300303856e+00
2.520716835513975695e+02 1.880870691706735442e+02 7.073953330074951751e+00
2.520546371808683546e+02 1.880052112787784608e+02 6.070345226427695806e+00
2.521112306704163757e+02 1.869134336607922080e+02 5.581483007367184612e+00
2.520733954814259334e+02 1.866682451053899001e+02 5.040153587504190291e+00
2.521155399232830234e+02 1.872164721446721671e+02 5.169234135219442194e+00
2.521721692379736339e+02 1.869619460217458595e+02 5.955477024568370581e+00
2.520889806979249670e+02 1.868523236443382132e+02 5.402509551238909857e+00
2.521224004380903239e+02 1.872092367453369661e+02 5.901369544022703195e+00
2.522068044740485107e+02 1.870863027685158499e+02 6.590525017464757163e+00
2.521718928725878754e+02 1.874474867382998866e+02 5.127115282749937997e+00
2.520731165571014287e+02 1.870179330428084938e+02 5.464901596010102836e+00
2.521194947631318257e+02 1.874036175717206447e+02 5.109595508550693665e+00
2.521372166934928885e+02 1.879017367517343189e+02 3.904747343181835806e+00
2.521423345710066997e+02 1.869626113458226655e+02 6.551173657260861205e+00
2.520468272997822226e+02 1.875104954873115162e+02 5.983847978566329218e+00
2.521161745400947325e+02 1.874960246886411142e+02 6.671887754710366103e+00
2.520847661257922994e+02 1.875732841675900033e+02 6.757717119556177821e+00
2.521118013137591447e+02 1.881764810497790279e+02 6.228911145969543206e+00
2.521214242029545574e+02 1.878782405760682934e+02 5.570030476960594612e+00
2.520773746311929528e+02 1.885765468145050932e+02 5.420617881352245426e+00
2.520365531606732077e+02 1.880098634294385533e+02 7.012789575907079964e+00
2.520328721272713892e+02 1.884243935954880840e+02 6.422400182196439822e+00
2.520697016533303270e+02 1.886648583499451206e+02 5.893567339752857848e+00
2.520405668561134291e+02 1.888658156489340740e+02 7.664695857334046458e+00
2.520971744198245972e+02 1.886049318426662182e+02 6.555288430781986087e+00
2.521164163598072605e+02 1.885738676056265888e+02 7.676197007577017395e+00
2.520060071087318647e+02 1.889473204072806993e+02 6.811926957652122638e+00
2.519941182792672123e+02 1.890470192201890143e+02 5.415204446411983952e+00
2.520336922671429818e+02 1.882530931172224200e+02 6.358374255028954813e+00
2.521389119904193308e+02 1.873559343069242402e+02 5.307186523604930706e+00
2.521549053576500796e+02 1.869173577933759418e+02 6.296082008869281488e+00
2.521630504597133609e+02 1.866301028437486309e+02 6.284191899935258618e+00
2.521027362732127699e+02 1.866949207624613791e+02 7.050130889717416416e+00
2.521203276976972063e+02 1.867729338488742030e+02 6.367947244918587657e+00
2.521084759728445306e+02 1.880666475599239504e+02 5.052156289743517270e+00
2.520804824623132276e+02 1.875118619606076891e+02 5.754631039415333937e+00
2.520799003037460295e+02 1.873257567421638896e+02 7.679206319555153648e+00
2.520853751532164608e+02 1.874848945845179173e+02 7.033186876738478865e+00
2.521756174079485788e+02 1.871669234135219426e+02 7.108638465455606514e+00
2.520798209766445552e+02 1.872523663786154486e+02 7.153770468311382302e+00
2.520605291373561556e+02 1.880064331720348889e+02 5.930602860381742225e+00
2.521386381839723470e+02 1.873584075212328059e+02 7.213585661754357226e+00
2.521145073914946124e+02 1.876083800126411631e+02 6.894860883294479770e+00
2.520836811357593774e+02 1.881628815697553989e+02 6.493816324493906222e+00
2.521330200339315297e+02 1.877076502033076792e+02 7.609664599897130621e+00
2.520891252779647118e+02 1.881700811439479821e+02 6.114617425861147204e+00
2.520357803611686052e+02 1.886009450160829317e+02 5.983647101873910579e+00
2.520332521296767823e+02 1.879945443425702365e+02 7.060727455109816475e+00
2.520285283287315110e+02 1.882058295183821315e+02 7.356765962020230809e+00
2.520612891421669701e+02 1.887949701499794060e+02 6.410691757914158018e+00
2.521374265264709322e+02 1.885565781359154869e+02 7.301361099524805276e+00
2.520345546295040435e+02 1.883845483601041053e+02 7.683411935402149950e+00
2.521241737826488531e+02 1.883483803197138116e+02 8.163276925793335081e+00
2.520483665014445194e+02 1.893763930222858107e+02 6.433559714115362205e+00
2.520427880149544251e+02 1.891448077853152654e+02 7.468696502186612740e+00
2.520942623475192477e+02 1.891949386750326880e+02 5.445637905048018368e+00
2.520024821705942202e+02 1.872077448840416878e+02 8.009154603402876660e+00
2.521210326853247352e+02 1.875253718777748588e+02 4.990613812639622004e+00
2.521858723550169259e+02 1.868307492316786522e+02 7.127990439804803735e+00
2.520993610329923911e+02 1.873242021868690586e+02 5.656023613886849155e+00
2.521231207793503870e+02 1.872206803194579265e+02 6.946479795899044518e+00
2.520687535665208827e+02 1.874865796456893463e+02 6.268256108826547823e+00
2.520915140472943108e+02 1.876428873017782166e+02 5.453817552784509637e+00
2.520548943542134168e+02 1.873997215874632332e+02 6.715240015660705275e+00
2.521842870924570263e+02 1.876253726454564799e+02 6.156988333798206980e+00
2.521079590672156314e+02 1.876512371189420207e+02 5.483608717792557208e+00
2.521363069907647798e+02 1.874863851663438084e+02 6.870964233712994584e+00
2.521345080568186745e+02 1.875106669362082243e+02 7.158352248155645192e+00
2.521361880001125826e+02 1.879945366657539694e+02 6.125560727455109600e+00
2.521376964945098109e+02 1.883929058540842050e+02 4.533692267142970245e+00
2.520619160821624121e+02 1.878166980989643946e+02 7.832642846358758071e+00
2.521034502171259533e+02 1.882173511401351504e+02 6.608704997863286579e+00
2.520084317032040531e+02 1.878688415940141283e+02 8.354290188772912629e+00
2.520712728417270796e+02 1.885403762151760532e+02 6.131379754188342801e+00
2.520947063233935523e+02 1.880312356859363376e+02 7.796834336863815551e+00
2.521042178987530349e+02 1.882034407490525609e+02 6.512208696809259401e+00
2.520883115354400275e+02 1.882411096070237875e+02 7.601719095056897579e+00
2.520515242318705589e+02 1.884293297883501737e+02 7.698697756066604114e+00
2.520523149439464419e+02 1.885415213402697532e+02 7.220671363172264989e+00
2.521072348875474347e+02 1.889792457272120032e+02 7.640739072691773437e+00
2.520401945305243032e+02 1.888422554997991369e+02 6.812432348056614018e+00
2.520274471771067226e+02 1.891938268161428027e+02 6.958281621445953746e+00
2.520090778352401628e+02 1.887495003672077019e+02 8.320354822448035037e+00
2.521138036833364424e+02 1.885859790627631014e+02 5.112167242001397049e+00
2.520378159969497460e+02 1.876366652421907588e+02 6.645459035228910238e+00
2.521596483506360187e+02 1.873223610304334557e+02 5.660235627080736798e+00
2.521965367322863756e+02 1.880615463155120324e+02 4.068646091093102157e+00
2.520978435823095367e+02 1.883418665411080610e+02 4.894235222768413607e+00
2.520505851013467691e+02 1.873371056355508131e+02 6.881714335430809903e+00
2.520997934936423235e+02 1.878197074109425273e+02 6.326409271546904023e+00
2.521548874450787707e+02 1.874934862213942495e+02 8.019459449776988436e+00
2.521409527440779641e+02 1.875980342232469411e+02 7.340993942991961951e+00
2.521489545455708594e+02 1.878257964057146125e+02 5.801604198706712623e+00
2.521156486781801789e+02 1.880278156642877150e+02 5.986357018017487874e+00
2.520748643122724104e+02 1.878942467379928303e+02 5.845173969451389340e+00
2.521336648864982806e+02 1.880046419149050507e+02 6.023052199791702144e+00
2.521270564271585215e+02 1.876944307256894433e+02 7.399550138566533874e+00
2.520405694150521754e+02 1.878187529267862033e+02 8.131922249204809106e+00
2.520734901621599420e+02 1.881468600541983278e+02 6.821734090438013709e+00
2.521192708559906066e+02 1.878611353499476593e+02 7.203215562441943831e+00
2.521495149531586151e+02 1.880374244793199239e+02 6.061634598899144244e+00
2.520898942390611808e+02 1.890249739627981569e+02 6.096204582035738007e+00
2.520818412587931618e+02 1.888532333470662934e+02 7.241639307346456889e+00
2.520004004739154482e+02 1.889968320338189471e+02 6.497035469450109346e+00
2.520041851443369296e+02 1.888222215682712033e+02 7.078587568163730914e+00
2.520518133919500769e+02 1.889024916386676125e+02 7.041330699332372767e+00
2.520222103089406858e+02 1.887634069198821862e+02 7.462459088966623355e+00
2.520918774165977823e+02 1.890676340308147303e+02 7.352557787234478504e+00
2.520047609055572480e+02 1.897420295455068810e+02 7.039535603794394802e+00
2.520590551886321578e+02 1.892727611205081075e+02 7.566144728458214175e+00
2.520102856543334440e+02 1.877848341935632561e+02 8.258117593471634876e+00
2.521293172495502688e+02 1.874620023183985040e+02 6.056827632444273135e+00
2.520387333764940934e+02 1.875016799432939081e+02 6.567187496001658076e+00
2.521150089434909489e+02 1.878537451348177001e+02 5.468220539577826500e+00
2.520909178145639373e+02 1.875770573227870841e+02 7.359721536284472343e+00
2.520715965474798281e+02 1.886203545665541697e+02 5.017771829666800798e+00
2.520930967509154641e+02 1.878523402774401347e+02 7.489517307382282496e+00
2.521772717618549109e+02 1.879280144938291244e+02 6.240155122867444781e+00
2.521046836256067820e+02 1.882892483629189257e+02 5.975850015481579902e+00
2.521170548150271031e+02 1.877336822872818232e+02 7.191564714281692972e+00
2.520575492531737325e+02 1.876399803473503596e+02 6.305079237538607551e+00
2.520940115715210652e+02 1.883177012029570960e+02 5.624823753093116885e+00
2.521888637544237781e+02 1.881562539183749720e+02 6.001012060278361204e+00
2.521137806528876411e+02 1.883983947777177832e+02 6.832404865054364507e+00
2.520291130462374554e+02 1.884187101925089678e+02 7.571135938503584129e+00
2.520532156903888961e+02 1.890505441583266588e+02 4.916576037585692838e+00
2.521003142376793562e+02 1.887723440134907378e+02 6.695327633723741734e+00
2.520829825454787283e+02 1.888547124136678121e+02 7.368693175566229492e+00
2.520692359264765798e+02 1.888178739313231915e+02 7.370234936167272544e+00
2.520574596903172448e+02 1.887409164071476368e+02 7.631572954064490766e+00
2.520643777812465487e+02 1.891852633275927928e+02 6.835437207481313671e+00
2.520929291404268895e+02 1.890950505006563560e+02 7.249287975290886976e+00
2.520950748105745447e+02 1.888763648739594601e+02 6.970288162093416950e+00
2.520585075757381901e+02 1.888365541842487119e+02 8.511952802933567597e+00
2.520098839009486085e+02 1.892065613748666237e+02 8.100094168946254669e+00
2.520810198394521819e+02 1.878702720407792413e+02 7.171082968471315766e+00
2.521089199487188637e+02 1.879863506206706063e+02 5.683401699647122385e+00
2.520553421684958835e+02 1.879075916036101432e+02 6.460852075427278685e+00
2.520849887534641596e+02 1.876726925409494129e+02 6.551524231870558879e+00
2.520882104573591107e+02 1.881640356511347534e+02 6.028390146038634434e+00
2.520492902783357749e+02 1.886437458257311448e+02 5.316123617213468933e+00
2.521256310982709294e+02 1.880380373451522189e+02 7.014367161650720384e+00
2.520827624767456427e+02 1.884594740869066811e+02 6.886340896703319281e+00
2.520539961667097373e+02 1.882178091901726589e+02 6.028986378768997234e+00
2.520376560632774385e+02 1.889764807938851732e+02 5.682651930591345213e+00
2.520942815395599155e+02 1.877423251029333073e+02 7.686084746933751433e+00
2.520732611371412020e+02 1.885634987857835654e+02 5.537032961690127486e+00
2.520447379262872118e+02 1.885766568488716359e+02 5.950568980032600486e+00
2.520188401865978278e+02 1.886961835987379175e+02 7.182836174181843170e+00
2.520873800817325048e+02 1.892382448750853996e+02 6.119228633501114345e+00
2.520857346841117987e+02 1.885931300171193072e+02 6.740180712255013695e+00
2.521062714471054562e+02 1.891015169388950881e+02 6.535171333744469457e+00
2.521120226619616176e+02 1.882446716497734087e+02 8.437848495471957477e+00
2.520292384342365608e+02 1.887563237774030256e+02 8.537618958665461832e+00
2.520379388260100768e+02 1.891332912814397673e+02 7.388173096853273059e+00
2.520752020921883343e+02 1.887034023649711969e+02 8.033464521593604246e+00
2.520089434909554313e+02 1.888213707211345422e+02 7.246634355799963068e+00
2.520177001793816203e+02 1.894530780194837689e+02 8.121801646421197063e+00
2.520758047222655875e+02 1.893932461929388751e+02 7.017377753098235083e+00
2.520725804594318618e+02 1.882810495231417747e+02 6.400893581413916067e+00
2.521621906562910169e+02 1.876797552119185184e+02 6.574151647828612610e+00
2.521020824643603930e+02 1.876289743517568525e+02 6.332664597338191648e+00
2.521572877296327704e+02 1.876364899548859171e+02 5.668527868122532176e+00
2.521029307525583079e+02 1.884589840501347169e+02 5.499195213760948775e+00
2.520675738957539522e+02 1.885948381087395376e+02 5.293855732150761995e+00
2.521365385747222945e+02 1.877973640371864974e+02 6.654000772799504304e+00
2.520863257989646513e+02 1.880468618454554530e+02 7.271614715945003304e+00
2.521348650287752662e+02 1.878573685920974867e+02 6.353792475184691035e+00
2.520399757412605766e+02 1.887923907397124310e+02 4.760789125533858801e+00
2.521148720402674712e+02 1.876524551737903153e+02 6.604247326548733810e+00
2.521380892916089920e+02 1.882096103503954794e+02 6.298053671181487623e+00
2.521008951167771670e+02 1.885367348453249576e+02 5.815614388400842216e+00
2.520893056831470744e+02 1.883529620995580842e+02 6.468024780762921644e+00
2.520559716674300716e+02 1.886202061481062628e+02 6.015824477272785131e+00
2.521094816357760067e+02 1.883665411080716581e+02 5.533615498980262615e+00
2.520409814041920527e+02 1.890153958550309881e+02 6.135779849380864626e+00
2.521163114433182386e+02 1.886080998088472711e+02 7.720498634806173044e+00
2.520443451291880308e+02 1.887209809947618453e+02 7.207460841839671950e+00
2.521176651219206235e+02 1.881738760501245054e+02 7.475830823440902329e+00
2.520679628544449997e+02 1.893283847722672419e+02 6.875506350006525658e+00
2.521268542709967448e+02 1.892733778247485077e+02 5.977412247592678085e+00
2.520294252367658032e+02 1.892767172398262971e+02 7.832985744152185070e+00
2.520310911058965644e+02 1.894521785525107020e+02 6.488855821713618965e+00
2.520446880269814471e+02 1.889562562214198636e+02 8.034910321991263871e+00
2.520678822478741665e+02 1.888204098396313100e+02 6.165682328224838749e+00
2.520665797480468768e+02 1.880345418348102555e+02 5.899312157262140310e+00
2.521234943844089003e+02 1.872834792354914555e+02 6.464290009647198687e+00
2.520509740600378166e+02 1.879661618733478861e+02 4.894970917661027876e+00
2.520540690964643034e+02 1.879461087497792846e+02 5.502135434392648961e+00
2.521285380526987865e+02 1.878672396983523072e+02 5.792107976979786521e+00
2.520813601783068520e+02 1.875311474025492089e+02 6.403494742660323702e+00
2.520937416034822149e+02 1.883559215122304522e+02 4.880795676417076123e+00
2.521092807590835889e+02 1.877495413102278121e+02 6.259976662478536902e+00
2.520643816196547107e+02 1.879767917049441337e+02 6.661786343967429858e+00
2.521048077341365001e+02 1.878648893131040722e+02 5.866287773134725825e+00
2.521788941290268156e+02 1.875439728035989049e+02 6.390784493854708259e+00
2.520679986795875891e+02 1.877028163679958652e+02 6.808027134986578410e+00
2.520468106666803010e+02 1.878162195774168595e+02 7.774542141882918145e+00
2.521064608085734733e+02 1.883194016177610877e+02 5.098490993815045336e+00
2.520846663271807984e+02 1.881791538613106241e+02 7.413054937856172089e+00
2.521300951669323638e+02 1.879639509502619035e+02 8.361611312556457065e+00
2.520761335458958570e+02 1.888038304754252295e+02 5.466453592366174341e+00
2.520961815515869375e+02 1.885411848398232166e+02 5.732405376842115707e+00
2.521203417718603816e+02 1.887597860215411458e+02 6.108268698805231267e+00
2.521266034949985624e+02 1.884081929542180376e+02 7.288652130188568279e+00
2.520563439930192260e+02 1.883053773539037934e+02 7.302186357273911632e+00
2.520431692968292055e+02 1.891946507944225289e+02 6.245750242459447321e+00
2.520560791428578682e+02 1.886954133581720896e+02 7.897456926663374510e+00
2.521254212652928572e+02 1.890179701474204705e+02 6.468577511534416402e+00
2.520424092920184194e+02 1.890887324808655308e+02 7.893024844736390655e+00
2.520825820715632801e+02 1.889668770967304567e+02 8.627871449152607397e+00
2.520342833819958059e+02 1.883102930752558279e+02 6.871061473385757346e+00
2.521390488936428369e+02 1.871700210088872041e+02 6.332856517744961167e+00
2.521581744019120492e+02 1.872867214108964617e+02 5.776498450562582931e+00
2.521312978681481241e+02 1.873359720256815137e+02 6.309272058691819396e+00
2.521164828922149468e+02 1.874744425991652861e+02 6.175562390765302112e+00
2.521510912594328886e+02 1.878935775755078907e+02 5.536628649366535093e+00
2.521511258051061191e+02 1.869946339054267526e+02 6.803302054571927826e+00
2.521461218003669558e+02 1.878721618170512215e+02 5.265387538480041485e+00
2.521059592565771084e+02 1.879360546794033553e+02 5.892762553513806623e+00
2.521260251748394978e+02 1.880455286383630948e+02 5.619338667867661563e+00
2.520834278008224487e+02 1.876744697239161042e+02 7.286492385877728850e+00
2.521528236609713360e+02 1.877023621563665188e+02 5.976241533111387838e+00
2.520779785407395934e+02 1.882646838303218999e+02 5.696796464570213381e+00
2.521634138290168323e+02 1.879389450007292908e+02 5.390918838139446834e+00
2.520642536727168590e+02 1.883141391602074748e+02 4.955949148769022372e+00
2.519967475888399520e+02 1.881004357872702997e+02 6.925467070296607019e+00
2.520471382108412115e+02 1.880121396054628349e+02 6.742418504197939200e+00
2.520326072771100314e+02 1.885669213663709343e+02 6.165015724678661435e+00
2.521057187163339677e+02 1.885405118389301720e+02 6.555502102168189182e+00
2.520856899026835549e+02 1.888562503358607216e+02 7.014759958749907653e+00
2.519859168805512866e+02 1.882687013641702549e+02 8.110698411154926291e+00
2.521040835544683034e+02 1.888325903881142551e+02 6.568812422112301874e+00
2.520165550542878918e+02 1.887475965167725747e+02 7.030480799003037795e+00
2.520472149790039111e+02 1.891423537630473959e+02 5.680194069915324384e+00
2.520559396806956158e+02 1.890140882373262059e+02 7.785760529393249918e+00
2.520094476018905425e+02 1.892067149111920230e+02 7.271308922763551230e+00
2.519865514973630241e+02 1.898863076304994877e+02 6.668911708936070326e+00
2.520195490126334903e+02 1.889951533699943980e+02 6.482444400658159189e+00
2.521005099964942531e+02 1.877406362033537448e+02 6.378747245942163246e+00
2.521050764227059631e+02 1.879374902440459891e+02 4.341865261638693241e+00
2.521276155552769183e+02 1.873227231202675682e+02 5.983855655382599892e+00
2.520934857096065116e+02 1.876518870893862925e+02 6.054162497728941439e+00
2.521180361680403905e+02 1.881336943142939901e+02 5.070272296673123513e+00
2.521865108102367685e+02 1.872974702331449066e+02 7.420928792411211283e+00
2.521183445201606048e+02 1.876310496510886878e+02 6.655216268709041039e+00
2.520974418289247012e+02 1.872960576989511026e+02 7.428965139577314858e+00
2.520843554161218378e+02 1.871082354326013899e+02 7.940715786349085370e+00
2.520671836575935174e+02 1.877221747396919511e+02 6.775290631469316871e+00
2.521296550294661927e+02 1.873476855678412960e+02 5.851526534915439726e+00
2.521046273289541375e+02 1.880949225537185328e+02 6.532939939148436181e+00
2.521470123110543682e+02 1.874993474706169820e+02 7.039278430449323665e+00
2.521179414873063820e+02 1.880657813591547267e+02 6.833782853574965621e+00
2.521213077712411064e+02 1.887629245599265175e+02 5.025515178345236755e+00
2.520576106677038979e+02 1.880625775678310561e+02 7.000299395834559846e+00
2.520730909677138811e+02 1.884646879246238882e+02 6.969260748182513510e+00
2.520920603807189195e+02 1.886879054318592921e+02 6.674563125180725365e+00
2.520505966165711698e+02 1.883173288773679701e+02 7.290531670705525435e+00
2.520950377059625964e+02 1.882255371852185419e+02 7.217545619480689290e+00
2.520693766681081911e+02 1.892120733289490317e+02 6.005783201590636722e+00
2.521050393180939864e+02 1.886327846115658815e+02 7.539168396082776447e+00
2.520403250364009011e+02 1.887167114054459205e+02 6.475718230135598219e+00
2.521023831396643118e+02 1.890961290933423982e+02 6.304637820603039344e+00
2.520105760938823494e+02 1.890059137074672435e+02 6.385799681156230534e+00
2.521439095978115859e+02 1.886305967189287287e+02 4.998336689808002831e+00
2.520922586984725626e+02 1.873855540230355530e+02 6.748028977422483088e+00
2.521076763044829931e+02 1.872829047537405245e+02 5.640910521588486937e+00
2.521228111477608138e+02 1.874746844188778141e+02 5.593238772016468907e+00
2.521823333427161060e+02 1.872647580395458533e+02 6.598727695650059566e+00
2.521213026533635855e+02 1.876502250586636649e+02 6.458909840910777689e+00
2.521561822680897649e+02 1.874997709749812600e+02 8.084131508980595626e+00
2.520969645868465534e+02 1.881782914989495623e+02 6.020929560092838528e+00
2.520895539002065107e+02 1.879449457121142757e+02 6.235389099432683047e+00
2.520718869870287335e+02 1.874009191708014725e+02 8.006178557628579995e+00
2.521034630118197413e+02 1.879484386635174644e+02 6.029887125211431886e+00
2.520878458085862519e+02 1.877792633838894290e+02 6.052503025945080495e+00
2.520990053405051867e+02 1.879669602622400362e+02 5.908299150176438808e+00
2.520959346139968886e+02 1.881943104555678588e+02 6.825215526616801753e+00
2.520904840744446460e+02 1.878629330044244057e+02 6.333849385982645686e+00
2.520533014148372501e+02 1.881875331062701662e+02 5.607179870364162433e+00
2.520732061199579448e+02 1.885237175238684983e+02 6.748064802565080456e+00
2.520642280833292830e+02 1.886128965395471084e+02 7.648658988144436677e+00
2.520848851164444966e+02 1.885198445700599166e+02 6.346869266377847651e+00
2.521184737465678154e+02 1.888847837824697251e+02 6.987737565476845880e+00
2.520204446411983952e+02 1.886059400645364406e+02 8.361700875412948264e+00
2.520831411996816769e+02 1.882201710906452945e+02 8.020544439809922821e+00
2.519931215726213907e+02 1.889535079211949267e+02 8.475083613323882048e+00
2.520122739497475663e+02 1.892712884512534970e+02 6.860472584809627961e+00
2.520925670505927769e+02 1.893749101172761584e+02 5.341798729231013176e+00
2.520682136304431822e+02 1.894258125270287962e+02 7.466280864000081507e+00
2.519770501577585833e+02 1.891326720182605925e+02 6.527215593149208850e+00
2.521402221670628876e+02 1.877623897417263095e+02 5.896086614959044070e+00
2.520921832097792503e+02 1.878605199251766180e+02 4.543728424947605760e+00
2.521331607755631694e+02 1.874896618874220451e+02 5.359282678287660140e+00
2.520531901010013200e+02 1.877285644097679835e+02 5.184586488291575535e+00
2.521088738878212325e+02 1.874651267826207004e+02 5.647925852190579299e+00
2.520856067371739471e+02 1.876410269533019175e+02 4.661907893558383087e+00
2.520512862505661644e+02 1.880973855322720567e+02 4.599340561482342160e+00
2.521495239094442695e+02 1.875950121165750204e+02 6.037423199850557864e+00
2.520184550663148855e+02 1.877854393825792556e+02 5.529446987745242126e+00
2.521073730702402997e+02 1.876551650899339165e+02 6.018803081985838688e+00
2.520749986565571419e+02 1.875705755309158178e+02 6.972611678484699205e+00
2.520526194576585226e+02 1.878427084319590961e+02 5.818628818256492252e+00
2.520028762471627886e+02 1.876383707748722429e+02 6.967317234196634068e+00
2.520311883455693192e+02 1.881449344527837297e+02 6.094829152453894672e+00
2.521209264893663260e+02 1.882899239227507451e+02 6.353333145677824589e+00
2.520389751962066214e+02 1.877547743399857154e+02 7.468169360802687784e+00
2.520806795005975118e+02 1.885185139219063046e+02 5.874397050055400804e+00
2.521049843009107292e+02 1.884184402244701175e+02 6.403478109558403908e+00
2.520946461883327743e+02 1.885908755920744682e+02 7.264472717874443042e+00
2.520419474035727774e+02 1.885354400223139351e+02 5.287697646032237131e+00
2.521064121887370959e+02 1.880623574990979705e+02 6.761780714302164874e+00
2.521161451122990229e+02 1.888720453853377990e+02 7.005898353834697723e+00
2.521388800036848750e+02 1.886069047844478064e+02 7.475501999810638232e+00
2.521246970856246605e+02 1.891283000713943920e+02 6.181028283950079860e+00
2.520228449257523948e+02 1.891155642332012121e+02 7.613561863623917958e+00
2.520464818430500600e+02 1.889201406392740807e+02 7.487241131358003621e+00
2.521026991686007932e+02 1.885535892954473809e+02 6.711143154710878633e+00
2.520375025269520108e+02 1.873910378287916387e+02 6.554834219152633423e+00
2.520367374042637039e+02 1.873947137443159647e+02 4.778265397774235090e+00
2.521772512903448558e+02 1.874498320056706007e+02 4.678427122703672225e+00
2.520552935486595061e+02 1.876210685104673530e+02 5.424994946095955228e+00
2.521343839482889564e+02 1.875428353553214436e+02 5.746305532169698971e+00
2.520820114282204827e+02 1.877434344028844464e+02 5.693120549045899814e+00
2.521466770900771905e+02 1.876310138259460985e+02 5.414349760867173345e+00
2.521073257298733097e+02 1.878318380601197077e+02 5.074216900766914229e+00
2.521533597586409030e+02 1.873576974157277562e+02 5.541375480760619254e+00
2.520973023667624489e+02 1.869996251154720994e+02 5.619731464966848833e+00
2.520580827919045532e+02 1.878490456437906175e+02 5.780353491799880672e+00
2.521978430705217988e+02 1.877447791252012053e+02 5.120975109202711373e+00
2.521337224626203124e+02 1.876353716986491236e+02 6.343653959829778977e+00
2.521199720052100020e+02 1.879044824930204811e+02 6.692096973543132599e+00
2.520985370547126649e+02 1.882685798145793115e+02 6.362102628797784654e+00
2.521807608748499945e+02 1.885784596212258748e+02 6.256041014670396194e+00
2.521209546376926482e+02 1.879708652027831022e+02 7.370662278939677847e+00
2.520536020901411689e+02 1.882640236241226148e+02 6.907667092303479528e+00
2.521418202243165751e+02 1.883843909853705441e+02 6.895169235414688735e+00
2.520413012715366676e+02 1.882989915222358945e+02 6.800789176712633832e+00
2.520613671897990571e+02 1.890346250003198634e+02 6.037826232704772700e+00
2.521009501339604526e+02 1.888042463029732403e+02 6.052866395248562625e+00
2.520316451161374403e+02 1.887898778618531423e+02 6.662735710246246335e+00
2.520237315980316737e+02 1.888760846701655964e+02 6.968856435858920229e+00
2.520434661337250191e+02 1.892506007108731865e+02 7.018470419947439254e+00
2.520096791858480572e+02 1.891481395235767877e+02 5.948588361434746119e+00
2.520485200377699471e+02 1.887725295365505929e+02 6.228395519810024261e+00
2.520434111165417619e+02 1.873107664789258706e+02 6.781668786320937059e+00
2.520929649655694789e+02 1.875611906230248280e+02 5.462964479371115623e+00
2.521019583558306749e+02 1.870461504604810159e+02 5.823747975239708552e+00
2.521543487884704575e+02 1.874196838687059596e+02 6.384704455368269471e+00
2.521411574591785154e+02 1.872419949998336790e+02 6.257375501232129267e+00
2.521812841778257734e+02 1.880146217760570266e+02 5.419561039645637734e+00
2.520062156622405496e+02 1.880760951618144929e+02 5.392028138090570799e+00
2.521346091348995628e+02 1.881205247359814905e+02 5.195433829682154503e+00
2.520741657219917897e+02 1.878634754994408809e+02 5.010942022124584838e+00
2.520564668220795568e+02 1.875285679922822339e+02 6.007776614882276434e+00
2.521998978983436075e+02 1.872859818775957308e+02 5.607119735303374597e+00
2.521174386558406582e+02 1.877432847049671523e+02 5.639435293395123061e+00
2.521649223234140322e+02 1.877375846688861145e+02 6.022880750894988644e+00
2.520812232750833459e+02 1.881648685857001340e+02 5.297255282289328626e+00
2.521027401116209035e+02 1.876346424011034060e+02 5.928727158272921294e+00
2.520909357271352462e+02 1.883339197567984513e+02 5.712665723271245000e+00
2.520872239864683308e+02 1.877446294272839111e+02 6.538495395189706905e+00
2.521040502882644603e+02 1.882938454963957327e+02 6.973819497577964377e+00
2.520456309959133705e+02 1.886730635870691799e+02 5.404668016080370840e+00
2.520895871664103538e+02 1.883514523256914970e+02 6.979563035617868394e+00
2.520069615928881888e+02 1.885844027564888279e+02 5.844083861540942060e+00
2.521450444871503009e+02 1.886160350779324801e+02 7.011162090857679274e+00
2.521055063244171492e+02 1.888545013012203526e+02 6.582644765562825739e+00
2.520381844841307384e+02 1.888655264888545560e+02 6.861903031574745349e+00
2.520578985483140571e+02 1.890600877204205972e+02 7.156887255717308882e+00
2.520510956096287885e+02 1.890868951628380614e+02 6.652667565707149677e+00
2.520719458426201527e+02 1.887469260748182478e+02 5.193056575576976641e+00
2.520929496119369446e+02 1.875475924224705579e+02 5.486619309240071907e+00
2.521040042273668291e+02 1.873111413634537428e+02 4.804228390401932280e+00
2.521211913395276838e+02 1.877389856878555463e+02 4.904520877101848697e+00
2.520862631049650986e+02 1.871628150373477126e+02 6.486510554342903134e+00
2.521404064106533838e+02 1.879906394020271989e+02 5.543394483439827880e+00
2.521037457745523795e+02 1.873940560970554259e+02 5.924530498711574111e+00
2.521344069787377862e+02 1.876616289692338739e+02 6.550443080245760719e+00
2.520748886221905991e+02 1.873113064150035711e+02 5.937666810820216412e+00
2.521263642342247806e+02 1.874721613052634837e+02 7.094385176579568686e+00
2.522009061202138298e+02 1.876193655367246151e+02 5.795772377279694965e+00
2.521289705133486905e+02 1.875512107618728237e+02 6.164066358399844070e+00
2.521588909047639788e+02 1.875808688620655289e+02 6.310941766230708794e+00
2.520772044617656036e+02 1.878609459884796706e+02 6.763845777878998433e+00
2.520450424399992926e+02 1.884383845931415351e+02 5.848265167469747006e+00
2.520872777241822291e+02 1.875991806278100285e+02 6.158179519789553247e+00
2.520415891521468268e+02 1.882230997960525940e+02 5.480060749206089099e+00
2.520299139940683801e+02 1.882820654218282641e+02 7.391893793805833113e+00
2.520757317925110215e+02 1.882403943836412168e+02 6.159031646395606963e+00
2.520803992968036198e+02 1.888946894343977760e+02 6.386972954576278561e+00
2.520690324908453874e+02 1.887439909720640685e+02 6.735515766901150947e+00
2.520844590531414724e+02 1.884869583686253520e+02 5.946724174550330311e+00
2.520554266134748502e+02 1.884462597271659376e+02 7.472946899461855530e+00
2.520236074895019556e+02 1.896277959604592809e+02 5.717596798255827117e+00
2.520965628334617179e+02 1.887793452699296495e+02 6.871714002768771756e+00
2.521192183977460957e+02 1.883578202447880869e+02 6.664278750316668720e+00
2.521605503765478318e+02 1.877636026786970831e+02 4.651972813834646558e+00
2.521035065137785978e+02 1.864315483882524234e+02 7.611219155191959018e+00
2.521097132197335213e+02 1.872661232333726673e+02 4.892037094376219919e+00
2.521529925509292696e+02 1.875267613815198615e+02 5.318935890907322772e+00
2.520955123891019980e+02 1.878203765734274668e+02 5.471654635389611165e+00
2.521696614779918377e+02 1.877446166325901231e+02 5.691293466773459819e+00
2.521202151043919173e+02 1.877699923487731155e+02 5.655889269602110581e+00
2.520763101126700860e+02 1.879758461770734357e+02 5.843298267342567520e+00
2.521588819484783244e+02 1.878032150506541882e+02 4.619924664842995909e+00
2.520744625588875749e+02 1.878850831783042850e+02 5.969665060506106791e+00
2.520642779826350477e+02 1.874939839349824808e+02 6.089928784734395251e+00
2.521245409903604866e+02 1.879229605897841964e+02 5.489302356526700954e+00
2.521186579901583116e+02 1.881923771773370220e+02 5.611578686087305812e+00
2.520814011213269623e+02 1.885113117887749468e+02 4.916555566075636818e+00
2.520825756742164003e+02 1.886558892696021132e+02 5.480205329245855239e+00
2.520736155501590474e+02 1.879988843027019811e+02 6.753557564606806451e+00
2.521154900239772587e+02 1.881923183217456028e+02 7.138913269888711888e+00
2.520902025911813951e+02 1.890663737534769666e+02 6.553036564675897679e+00
2.521436025251607589e+02 1.880236369172976651e+02 6.619027756808696594e+00
2.521111794916412236e+02 1.889889057210193926e+02 5.721202342964326171e+00
2.520514321100752966e+02 1.885205137325448277e+02 7.022818056895443917e+00
2.520685846765629492e+02 1.889894098319545037e+02 6.150528292906366268e+00
2.521590431616200192e+02 1.886194563790504901e+02 6.572127527271890202e+00
2.520805195669252043e+02 1.878067796523425841e+02 5.331371053796569726e+00
2.521228175451076936e+02 1.871094483695721635e+02 5.500180405182362620e+00
2.521397308508215360e+02 1.868019624501326916e+02 5.227979692262024969e+00
2.521179824303264922e+02 1.867368784017891983e+02 5.663422785302479667e+00
2.521537346431687752e+02 1.868005204881431496e+02 7.132903602218088501e+00
2.522391085169158771e+02 1.873253639450647086e+02 5.071629813683669497e+00
2.521257961498207578e+02 1.881902558171075270e+02 4.172254962421984459e+00
2.521438763316077427e+02 1.876672330451115442e+02 5.637421408593428218e+00
2.521290895040008877e+02 1.874182687755733809e+02 6.081253982348440168e+00
2.521251832839884628e+02 1.876410052023225035e+02 5.062752855135918217e+00
2.521021605119924800e+02 1.876554388963809004e+02 4.828012446678113356e+00
2.521089685685552411e+02 1.878739338821403919e+02 4.742359648606529809e+00
2.521173580492697965e+02 1.879015768180620114e+02 6.375511467884039440e+00
2.521367663202716471e+02 1.870793207041175776e+02 7.289963586301489329e+00
2.520723104913930115e+02 1.876624695806155216e+02 5.589541105512721764e+00
2.520951170330640423e+02 1.881375199277355819e+02 5.718731687594520885e+00
2.521363632874174527e+02 1.880702735761425117e+02 6.346857751153441640e+00
2.520820997116076114e+02 1.883269300155839403e+02 5.199741803079426461e+00
2.520847392569353644e+02 1.880440227029046412e+02 7.077386146417357971e+00
2.520550990693139681e+02 1.882006195190730580e+02 6.877140232402817688e+00
2.520564527479163814e+02 1.884943984830611043e+02 6.826309472935384370e+00
2.520897496590214075e+02 1.884593960392745942e+02 6.759128374280618523e+00
2.520254192181418489e+02 1.886082623014583532e+02 7.673874770655113586e+00
2.521464147988546074e+02 1.878479094749825435e+02 6.736289845875118587e+00
2.520667332843723045e+02 1.873416247213955330e+02 4.230171423307326428e+00
2.520605073863767132e+02 1.865551425712728530e+02 5.490320814151955275e+00
2.521486410755731242e+02 1.864658420060032711e+02 5.908327298502764613e+00
2.520826063814814688e+02 1.871883007878972478e+02 3.948262096743238470e+00
2.521474191823166962e+02 1.869646393047875108e+02 5.247871602688932491e+00
2.521458479939199719e+02 1.863517466036485359e+02 6.647584233866530745e+00
2.521560722337232221e+02 1.866426019801068037e+02 5.773536478951449169e+00
2.521409617003636185e+02 1.866263821467960895e+02 5.482151402170491572e+00
2.521402554332667023e+02 1.863931399969804659e+02 6.955562749016728219e+00
2.520806155271286002e+02 1.868412127322556842e+02 5.400688866313362091e+00
2.521697075388894689e+02 1.866428591534518944e+02 5.969836509402820290e+00
2.521375941369595068e+02 1.868538244619191460e+02 4.520848953521995561e+00
2.520916727014972309e+02 1.869766112997617711e+02 5.823883598993825572e+00
2.521289282908592213e+02 1.870203845061376171e+02 6.575287816636684823e+00
2.520552961075982523e+02 1.876847707318820824e+02 5.272482196183598369e+00
2.520823121035244299e+02 1.874843840762358980e+02 4.709259775785786140e+00
2.522026449190991571e+02 1.874565671324788241e+02 4.786448883918860808e+00
2.520955277427345322e+02 1.878351941082994188e+02 5.676620511941287361e+00
2.521593476753320999e+02 1.874886677397149981e+02 6.585233132115448917e+00
2.521154465220184022e+02 1.870820331791999251e+02 7.561112575392733071e+00
2.521314641991673113e+02 1.874932341659267081e+02 7.523396377054507589e+00
2.521022756642365152e+02 1.878130746416846080e+02 5.948498798578254032e+00
2.520873391387123945e+02 1.877676547582186686e+02 6.118766745055491008e+00
2.520975633785156731e+02 1.879364960963389137e+02 6.683213617648489091e+00
2.521646996957421720e+02 1.874012595096561427e+02 6.179936896570254135e+00
2.520814126365513630e+02 1.861842116037636856e+02 5.130989516027913311e+00
2.521184916591391243e+02 1.858915841622162475e+02 3.784079306629954509e+00
2.522616668415274717e+02 1.860295327121935998e+02 4.250137542958184689e+00
2.520901475739981095e+02 1.860830247679682259e+02 5.311581500919938748e+00
2.521494714511997586e+02 1.863987607059600293e+02 4.836765296696154515e+00
2.521001440682520069e+02 1.866327654195252137e+02 3.708016131549923600e+00
2.521796925179189657e+02 1.859162843185673921e+02 5.665436670104174510e+00
2.521671332465000148e+02 1.863180005987916559e+02 5.617466804166975969e+00
2.521915045792209185e+02 1.860654973169527011e+02 5.141244463096264816e+00
2.521711904438990928e+02 1.862912916755163337e+02 4.425831719069467596e+00
2.520931517680987213e+02 1.859975050347119918e+02 5.991436511449971469e+00
2.521713375828776407e+02 1.860905941088111888e+02 5.776641751132969738e+00
2.521477249754981642e+02 1.865266001683781667e+02 5.389995061248199271e+00
2.521564381619654682e+02 1.867014166284958208e+02 6.303871418445342378e+00
2.520780271605759708e+02 1.870431744147067263e+02 5.268390453111285510e+00
2.521770708851624931e+02 1.869071527456133310e+02 5.305479711454065495e+00
2.522000578320159150e+02 1.867806759180832614e+02 6.111033632132082616e+00
2.520963440441979913e+02 1.872815574724850194e+02 4.780519822819080389e+00
2.520897547768989284e+02 1.874193729576469991e+02 5.298392730566779285e+00
2.521490070038153704e+02 1.871358054387684433e+02 5.508380524428909020e+00
2.521903786461678578e+02 1.873655034584057262e+02 5.654758218671552150e+00
2.521238436795492248e+02 1.878346899973642792e+02 5.585876705212814208e+00
2.520760273499374478e+02 1.877932057617065027e+02 6.239214712874276536e+00
2.521258230186776927e+02 1.879160796034668408e+02 5.743165714314959480e+00
2.521100893837307808e+02 1.878678231363888642e+02 5.908900500784314502e+00
2.521525831207281669e+02 1.876212233262621396e+02 5.336030881272918691e+00
2.520849682819541044e+02 1.867932748530529352e+02 5.533913615345444015e+00
2.521992261769199217e+02 1.863132115449080857e+02 3.590905019870159531e+00
2.521801147428138563e+02 1.861534992208031554e+02 5.052989224308894300e+00
2.521543129633278397e+02 1.856545637393260222e+02 6.122213635561060130e+00
2.521504259353560826e+02 1.856109773354794186e+02 5.485884893816836083e+00
2.520570771289730772e+02 1.862407104125776982e+02 4.893630033752402575e+00
2.521012431324481042e+02 1.864908620296990307e+02 4.268734630374090955e+00
2.521682515027367799e+02 1.862697799568562971e+02 5.052024504397536475e+00
2.521659471783861761e+02 1.860467031912525329e+02 5.478495958156233137e+00
2.521910107040408207e+02 1.862597386811741558e+02 4.708751826442537869e+00
2.521567119684124521e+02 1.868142261641252162e+02 3.836431355188376191e+00
2.521734307947807849e+02 1.861255364175369209e+02 5.760635589208443541e+00
2.521315064216568089e+02 1.864479678187861964e+02 5.426262900250008236e+00
2.521918871405650577e+02 1.869638984920173925e+02 5.528003746286340281e+00
2.521590533973750325e+02 1.871207703941021521e+02 5.059511959200280629e+00
2.520870039177352453e+02 1.871754408411743498e+02 5.593524093687865850e+00
2.520983336190815010e+02 1.874741777490039283e+02 5.596958189499650516e+00
2.521407019680798101e+02 1.873846929401438501e+02 5.566437726945880904e+00
2.521384091589536069e+02 1.874939429919623706e+02 5.759778344724876042e+00
2.521501969103373426e+02 1.873304229669871290e+02 6.217276930911212141e+00
2.521367356130065787e+02 1.875409276664781544e+02 6.039123614654530847e+00
2.521016871083224373e+02 1.884007822675779948e+02 5.185532016162257563e+00
2.521027605831309586e+02 1.876395274151903720e+02 6.803771619833822726e+00
2.520611586362903438e+02 1.881082891703152882e+02 6.316119778805333596e+00
