2.528180901617041059e+02 1.715875621938894540e+02 5.639965404648993319e-01
2.534429030941460042e+02 1.857256277695716449e+02 7.195675095234393304e+00
2.534194564837129633e+02 1.857113924142890369e+02 7.147361861540853845e+00
2.532848370811630332e+02 1.854332970535644733e+02 5.923777258415610980e+00
2.530826352717095631e+02 1.859107153269066259e+02 5.756592309336857838e+00
2.528997342183005514e+02 1.859702878410946028e+02 6.517013429993003371e+00
2.525525635543807823e+02 1.861914575721060316e+02 5.297699797869859673e+00
2.525152763740962314e+02 1.860876435804244693e+02 5.383135009329083509e+00
2.522927376486822766e+02 1.862331760670139147e+02 5.999453374018502316e+00
2.521812976171966056e+02 1.865495097372308066e+02 6.337879236958718465e+00
2.520916181586721621e+02 1.866108229514887569e+02 6.172725307082329138e+00
2.521533832504081545e+02 1.868530875864883853e+02 5.876058024955297832e+00
2.521494196046800766e+02 1.871519559492342353e+02 5.460370831065847419e+00
2.520831612473761822e+02 1.872816593621239178e+02 4.193680517764129867e+00
2.521416392948767680e+02 1.867804069812640932e+02 5.184567655290368116e+00
2.521289940138381382e+02 1.870893490534867567e+02 5.673014411490321152e+00
2.520977160751768622e+02 1.870078799172043773e+02 6.337669089636943198e+00
2.521035965560133718e+02 1.875771447174065258e+02 5.245674366399751598e+00
2.520490007677058202e+02 1.880127266675736735e+02 4.628199584078364737e+00
2.521014392054730706e+02 1.874591318121744621e+02 5.585491088781776803e+00
2.520937512147243922e+02 1.874176890597061345e+02 6.318024566586332824e+00
2.521845421460778880e+02 1.874808182869470556e+02 5.100780824846459005e+00
2.521402435765373582e+02 1.874269379713130661e+02 3.743325089403715999e+00
2.521259146874756993e+02 1.865667235967503643e+02 3.822471672626914341e+00
2.521848373241079173e+02 1.864684268833087231e+02 4.621669225686076743e+00
2.521841728698592817e+02 1.860184747434502128e+02 4.346881559511778015e+00
2.520547998620073145e+02 1.863565981400140004e+02 5.056131199953354916e+00
2.521467362784731279e+02 1.863907367546451042e+02 4.567508308714918641e+00
2.521183190157817080e+02 1.868403439127730792e+02 4.466864747726035922e+00
2.521644323835808166e+02 1.865569645008940256e+02 4.605936115214180226e+00
2.521316967756355325e+02 1.871214712256083317e+02 3.396984082251418791e+00
2.521396422879577131e+02 1.868417942937106488e+02 3.696863095700847257e+00
2.521114691848713392e+02 1.867090018366633046e+02 3.924283798491797981e+00
2.520970066761253179e+02 1.872438765742828366e+02 3.679707542952654897e+00
2.521112966940060574e+02 1.871442934676980485e+02 4.446888604913317167e+00
2.521578898779444842e+02 1.871494475433413527e+02 4.580256841327839723e+00
2.521084032204773280e+02 1.868595001166135319e+02 4.485244742672782614e+00
2.521187150159371981e+02 1.872812694355904455e+02 4.941609412656456257e+00
2.520761632200886311e+02 1.879233727551892912e+02 4.000631656689730420e+00
2.521125745840783736e+02 1.874631513352250636e+02 6.145675824069035009e+00
2.521481915183083231e+02 1.873143293749513987e+02 6.167726716162636791e+00
2.521403201041747764e+02 1.872139105379771422e+02 6.126569423929098868e+00
2.521375116613542673e+02 1.872920416115991600e+02 6.169225686076343251e+00
2.521102702518852539e+02 1.871848446124543273e+02 6.598810541864262191e+00
2.520315488222032059e+02 1.877558877691829196e+02 5.874440012050065718e+00
2.520677986278473099e+02 1.875810537005364154e+02 5.256921499650159646e+00
2.520975970321853481e+02 1.882809280980331152e+02 5.247125962061727655e+00
2.520770888400839738e+02 1.885837771126486757e+02 5.813426834719738423e+00
2.521472282418564816e+02 1.875535729903599531e+02 4.130003449817305494e+00
2.521702096128430242e+02 1.874109777073777536e+02 3.392467736919847709e+00
2.521657637215268721e+02 1.866352376972712364e+02 4.026634047267355854e+00
2.520922765392987515e+02 1.863392567344320980e+02 4.393541553292388713e+00
2.521612121491876053e+02 1.865388772545285008e+02 5.485422092435667807e+00
2.521711753187436784e+02 1.869591281680012571e+02 4.257822825157428603e+00
2.520934924784264979e+02 1.869003707338878826e+02 4.325640888595195577e+00
2.521605634863562102e+02 1.870388869723237235e+02 3.439445988494130635e+00
2.521624353766617332e+02 1.868173674006841338e+02 5.167427893959418483e+00
2.521225826984373839e+02 1.867191435707066773e+02 4.469180012438777716e+00
2.520848995179973429e+02 1.865112021884474984e+02 4.288902763740962243e+00
2.521732610005441870e+02 1.871593657680945455e+02 3.934947864028609299e+00
2.520844597877633646e+02 1.865579423540387154e+02 4.893104252507191276e+00
2.521753576148643390e+02 1.866654576109772279e+02 4.185200526704501378e+00
2.521811226968825395e+02 1.873231677097100203e+02 4.098444909818860005e+00
2.520824093329705420e+02 1.872135193967192777e+02 4.443497094379226908e+00
2.521235799871725192e+02 1.878813238552437213e+02 3.365695211070512283e+00
2.520674985909196835e+02 1.875237308559433984e+02 4.183954219466687441e+00
2.521169512361035459e+02 1.873064798258571102e+02 5.054101395475394831e+00
2.521730982274741564e+02 1.875102401267200491e+02 4.273066401694783245e+00
2.521173338742906083e+02 1.873149622463655533e+02 5.825384581746093637e+00
2.520938301718106231e+02 1.875300304166990486e+02 5.459389333747958872e+00
2.521256316566897340e+02 1.875727425561688619e+02 4.671100005830677304e+00
2.520724291572728077e+02 1.880680549346964199e+02 4.391048938816760838e+00
2.520593149926144747e+02 1.882131112493197520e+02 4.722967523128352774e+00
2.520734641024644418e+02 1.878770820376273036e+02 4.377750136049133545e+00
2.521460924745393868e+02 1.878233377711264893e+02 5.251243877789007364e+00
2.520967965288035373e+02 1.886772185726502471e+02 3.866387603980408816e+00
2.520455667418176233e+02 1.885616654843349238e+02 5.042837256083339881e+00
2.521131467192723221e+02 1.877247313029619704e+02 4.416111132706211251e+00
2.521721592455103860e+02 1.871182765004275836e+02 4.035489388167612823e+00
2.521134212469874853e+02 1.869063180245665876e+02 4.106319968125631270e+00
2.521781028920158576e+02 1.865917141219000257e+02 3.926212780844282157e+00
2.521324401869703706e+02 1.864808595875767594e+02 4.113655688797325460e+00
2.520482573563709821e+02 1.870927138400839738e+02 3.267430080463344488e+00
2.521388041281194035e+02 1.871630512419342267e+02 2.607342766073233342e+00
2.521288093757288209e+02 1.864812130723781252e+02 4.555440021767861225e+00
2.521577088840084002e+02 1.870959328597527929e+02 4.796775392598926935e+00
2.521460025849335409e+02 1.870282107595428727e+02 4.050583553603358311e+00
2.521528876428515957e+02 1.866292673268288809e+02 4.066981118323874433e+00
2.521134370384047259e+02 1.861648757579880282e+02 5.144480535256160891e+00
2.521540890052864938e+02 1.864900064623338380e+02 4.277141802067946585e+00
2.521389608275674448e+02 1.864969182441887483e+02 4.793710642929331911e+00
2.521329698068102232e+02 1.869441931314623275e+02 4.529065925522817615e+00
2.520892032865583587e+02 1.873900905212625219e+02 3.684986735209515807e+00
2.521654078072766936e+02 1.878961325604446984e+02 3.879062038404726742e+00
2.522128452246754193e+02 1.867227792408458242e+02 4.369064856565342048e+00
2.521804533837363067e+02 1.871855600851278894e+02 4.961167690274430164e+00
2.521135949525771593e+02 1.873100401830832595e+02 5.120388906164969001e+00
2.521043618323874682e+02 1.875077402238979971e+02 4.179409935473839433e+00
2.520653606759698278e+02 1.880347520504547845e+02 4.258721721215890099e+00
2.521032795129441126e+02 1.874747082231983200e+02 5.491483567208272021e+00
2.520789230739329980e+02 1.881480275305138719e+02 4.537120763041281535e+00
2.521028276354660704e+02 1.882914233168778537e+02 5.103156825779366912e+00
2.520884149304205835e+02 1.884327832251418897e+02 3.517334117235481727e+00
2.521134066702946370e+02 1.879231225219622274e+02 4.639969048822202957e+00
2.521005439535878168e+02 1.879797663356137889e+02 5.694672947601648438e+00
2.520739973664774993e+02 1.883140633503070944e+02 4.224167670838840039e+00
2.520908079374951285e+02 1.889013643784498129e+02 3.518613222032185295e+00
2.521291665047034201e+02 1.886299414988727392e+02 5.359342202441109926e+00
2.520665000874601560e+02 1.886359385932519501e+02 4.701726852211770336e+00
2.521145460817849653e+02 1.875452557723703535e+02 3.685558870403482956e+00
2.520827045110005429e+02 1.874622864514498985e+02 3.430126622871803033e+00
2.520998807140636018e+02 1.864653864281271751e+02 4.501336196843659820e+00
2.521142059589520272e+02 1.867042425464510700e+02 4.120150820181916806e+00
2.521856572630801452e+02 1.865469673190546587e+02 4.133908788774003362e+00
2.521459892229650848e+02 1.866961694880665448e+02 3.709616487211381486e+00
2.522255925425639305e+02 1.867583682364145261e+02 3.051769124621006135e+00
2.521799213344476414e+02 1.868560588023789251e+02 3.319782272797947797e+00
2.521497925250719163e+02 1.863996977765684449e+02 4.961301309958796146e+00
2.522132849549094260e+02 1.871438731730544873e+02 3.220346147865972064e+00
2.521879178651947484e+02 1.870194768910829453e+02 3.551122891238435830e+00
2.521138706950167148e+02 1.869277870636709906e+02 3.784572271243100250e+00
2.521582834486511615e+02 1.868309212955764735e+02 4.390011564176319325e+00
2.521159782418564816e+02 1.872464396427738507e+02 3.516989135504936748e+00
2.521820653230195148e+02 1.874913584505947313e+02 3.275149654046489722e+00
2.520655246637642790e+02 1.868992483285392154e+02 4.272974082640130788e+00
2.521217761214335553e+02 1.870893684890772022e+02 3.545518152841483417e+00
2.521098001535411584e+02 1.876565621841716620e+02 3.683922636632201097e+00
2.522083956891860339e+02 1.869868481788851682e+02 4.431406942392910331e+00
2.520792182519629989e+02 1.874488224461634047e+02 4.474098431547850474e+00
2.521037945560911169e+02 1.877766401208893683e+02 4.432801446007929691e+00
2.521440978970691162e+02 1.878314059706133889e+02 4.522369149887273565e+00
2.521164993586255036e+02 1.875865928438155947e+02 4.380881695560911560e+00
2.521170557024022401e+02 1.872279794760164862e+02 5.248129324418876251e+00
2.521147780941460042e+02 1.878041463402783222e+02 5.431915911917903905e+00
2.520240442548394526e+02 1.884085652647127347e+02 4.108572067169400377e+00
2.520776136010262007e+02 1.882653103863795252e+02 4.307715200575293224e+00
2.520970078908497101e+02 1.883035984995724164e+02 4.581624621005985887e+00
2.521467083398118518e+02 1.885048212411568045e+02 4.696300678302106846e+00
2.521488571872813509e+02 1.880423950964005257e+02 5.089170488999456232e+00
2.521344566294798994e+02 1.884715171421907769e+02 4.663985365000388406e+00
2.520480241292855510e+02 1.885056521126486757e+02 4.259819832076498614e+00
2.521624341619373411e+02 1.877912411082173776e+02 4.458281505092124952e+00
2.521759819832076630e+02 1.870300911529192263e+02 2.634704433258182377e+00
2.521696010359169691e+02 1.863571399070978885e+02 3.659940332737308566e+00
2.521754936639975142e+02 1.865958903443986685e+02 3.430525052476094405e+00
2.521400783740185148e+02 1.866445266947834796e+02 3.766449797869859228e+00
2.521348416971157462e+02 1.865659279522661791e+02 3.920396680401150746e+00
2.521280040134494413e+02 1.872377324982508071e+02 2.487269688253129107e+00
2.521506853475083574e+02 1.873334576401306037e+02 3.435648760009329283e+00
2.521925981983207521e+02 1.868776833262069488e+02 3.197104825857109756e+00
2.522423788190935170e+02 1.866389741895358725e+02 3.656637497084661348e+00
2.521902477066003314e+02 1.867534498173054374e+02 4.527033691596050957e+00
2.521229216065459013e+02 1.868511537452382925e+02 3.254296480214569076e+00
2.521424070006996772e+02 1.872986375651092317e+02 3.537315118945813630e+00
2.520708973898001943e+02 1.878203823466531901e+02 2.427098314934307499e+00
2.521610505908419384e+02 1.875063505791806051e+02 3.269017725258493545e+00
2.521137176397419069e+02 1.877323816372541501e+02 3.036920333514732118e+00
2.521170982177563644e+02 1.872607126545129574e+02 3.560341434735287081e+00
2.521503209301873483e+02 1.867649556868537672e+02 4.647886622483091479e+00
2.521146420450128289e+02 1.875535401928010515e+02 3.474589180206794747e+00
2.521629285547695076e+02 1.873810821250874596e+02 4.626811154085361366e+00
2.521391248153618960e+02 1.879008371880587731e+02 3.697726764751612993e+00
2.521039415377439070e+02 1.880161691965327009e+02 3.581774032107595485e+00
2.520869135310580873e+02 1.877325152569385125e+02 3.897674045712508750e+00
2.520660056946279894e+02 1.882965360918914826e+02 3.561260981108606227e+00
2.520516573699759135e+02 1.882196792641685477e+02 3.385365243333592566e+00
2.520925668584311552e+02 1.882235882472984656e+02 3.984299687086993558e+00
2.521011634630335152e+02 1.883624385349451984e+02 4.193335536033584887e+00
2.521484721196455041e+02 1.879414490690352295e+02 5.441045780533312559e+00
2.520584100229339981e+02 1.886164762788618532e+02 3.398446610433024873e+00
2.520520776646194463e+02 1.885702815245277293e+02 4.726662714763274487e+00
2.521383109500116575e+02 1.873454894853455528e+02 3.448962139469796906e+00
2.520924077295343295e+02 1.865942419633833538e+02 4.215675532535178682e+00
2.521631933646894197e+02 1.873416363795382154e+02 2.583796548239135404e+00
2.521308355360335725e+02 1.871661888750680305e+02 2.907990700069968071e+00
2.521341347275130147e+02 1.870957251418797966e+02 3.481667379304983267e+00
2.521906509951022315e+02 1.873114844903988114e+02 2.989041971157583966e+00
2.521479667942937226e+02 1.872019212081162891e+02 4.042157010417476215e+00
2.521645927272020629e+02 1.871575886262924655e+02 4.938783963694317158e+00
2.521499225005830738e+02 1.875675095234393268e+02 3.715031728601414951e+00
2.520971135718728249e+02 1.870602806985151290e+02 3.303489174376117443e+00
2.521569776199175976e+02 1.873811744441421183e+02 2.836669371453004906e+00
2.521520288326984485e+02 1.870840698612298922e+02 4.102290727279794602e+00
2.521249186134649847e+02 1.873244613911995771e+02 3.502478037782787990e+00
2.521391527540231721e+02 1.873440524663764393e+02 3.518761418409391162e+00
2.520764669011894625e+02 1.876426450866827338e+02 5.033368479359403125e+00
2.521155324380004572e+02 1.880251958135738164e+02 4.145945492886573547e+00
2.520847999105962742e+02 1.877864441615486157e+02 3.731321182850035001e+00
2.521823143415221864e+02 1.876793516287024772e+02 4.670412471818393918e+00
2.520976164677757936e+02 1.876944834505947313e+02 4.057633814040270792e+00
2.520728786053020372e+02 1.885082018191712621e+02 3.868555887040348473e+00
2.521744562893570674e+02 1.885626955706289323e+02 3.470020601725880560e+00
2.521175598130296294e+02 1.885192424492731220e+02 3.727221487988805038e+00
2.520952623318821395e+02 1.882731368557101632e+02 5.026998464588354310e+00
2.520647861113270665e+02 1.881798618129518843e+02 4.581226191401694514e+00
2.520780436134649847e+02 1.886672359675037001e+02 4.855998066158750071e+00
2.520732612434890711e+02 1.889535039940138290e+02 5.035163842027520431e+00
2.521057563360024858e+02 1.885620141102386640e+02 5.040682334991837266e+00
2.521211590414366697e+02 1.889646053603358382e+02 4.900829899712353388e+00
2.520002356565342438e+02 1.892265971196455041e+02 4.752857031796626330e+00
2.521045112434890711e+02 1.885217302048511101e+02 4.025921004042603002e+00
2.521118736880976314e+02 1.873006855904532415e+02 4.543003673326595937e+00
2.521103419206250464e+02 1.869505983732410925e+02 3.213887458213480652e+00
2.520671341735987028e+02 1.864525370733887826e+02 4.258487279406048209e+00
2.520722554516831337e+02 1.873370908808209663e+02 4.427952266189846497e+00
2.521109262030630589e+02 1.881841522195444156e+02 2.169739514498950417e+00
2.521493090647593931e+02 1.873188044196532758e+02 3.434906563398896218e+00
2.521108375281816052e+02 1.876213521826168176e+02 3.352616273419886550e+00
2.520875257521573474e+02 1.871409760553525530e+02 3.480636078286558188e+00
2.521410416504703278e+02 1.877969248037005343e+02 3.032927534400994940e+00
2.521549138031563473e+02 1.878101531524527843e+02 3.841059385446629726e+00
2.521053336119101402e+02 1.871700929993003228e+02 3.710587052009640008e+00
2.521564893007074488e+02 1.873481643084816994e+02 4.075282544896213999e+00
2.520984048239135404e+02 1.871475720088626247e+02 4.906429779211692654e+00
2.521238630179584845e+02 1.876248639508668248e+02 3.271111910129829603e+00
2.521009776101998057e+02 1.885367004683977257e+02 2.839571348052553734e+00
2.520947727979475985e+02 1.884030868576537330e+02 3.654169177097100096e+00
2.521172901442120917e+02 1.885019156203840396e+02 3.823420372385913257e+00
2.521251992148021372e+02 1.877479799133172662e+02 4.716633950089403449e+00
2.520698272176008743e+02 1.886693811707999657e+02 3.913767929332192974e+00
2.521404646563787537e+02 1.889113117565886739e+02 3.509059414600015359e+00
2.521344189730234007e+02 1.883749392637798223e+02 3.920601968825312866e+00
2.520585497162403783e+02 1.886426596633755821e+02 4.243959175542252993e+00
2.520709253284614704e+02 1.883870136243488957e+02 5.735943209204696025e+00
2.520883092493974971e+02 1.889101359033662391e+02 4.632692849646272037e+00
2.520842326342999229e+02 1.884927991137370782e+02 6.114075983440876882e+00
2.521065264712742078e+02 1.892701765723392668e+02 5.123068588198709250e+00
2.519984560852833795e+02 1.888733734840239435e+02 6.058782943325818238e+00
2.520690668001243750e+02 1.890682213519396839e+02 5.249449729845292900e+00
2.520496020562854653e+02 1.895456189749669704e+02 5.369192402627692040e+00
2.520671062349374267e+02 1.894881491487211349e+02 3.836332892793282934e+00
2.520125432441887483e+02 1.881493722304283551e+02 4.438437767239368448e+00
2.521610481613931540e+02 1.847511685648759965e+02 2.557635028764674079e+00
2.521137322164347268e+02 1.853717943422996086e+02 1.314984111404804423e+00
2.521187380957008486e+02 1.858948498114747849e+02 1.435950011661354164e+00
2.521751450380937456e+02 1.850897401947446212e+02 2.231265305527482035e+00
2.521363285197854225e+02 1.849292836041358896e+02 2.170501146699836958e+00
2.522084734315478443e+02 1.856236929565420155e+02 1.924644571639586355e+00
2.521118068782554644e+02 1.859749948981575187e+02 1.747441790406592643e+00
2.521199273108917112e+02 1.853776590317188777e+02 2.701713490243333737e+00
2.521493831629479985e+02 1.852593327275907598e+02 1.872719962294954410e+00
2.522060026821114889e+02 1.854978475083572960e+02 1.939860209515665179e+00
2.521517445871880625e+02 1.849332326731711191e+02 2.981756054186426308e+00
2.521383923365466728e+02 1.854503967289901141e+02 2.390043147010806113e+00
2.521666152433335810e+02 1.859174764829355411e+02 2.062715006219388858e+00
2.521728188408613960e+02 1.861989779308870538e+02 1.882142579491564938e+00
2.521912765781699477e+02 1.859942106234937285e+02 2.421606545906864749e+00
2.521682028881287465e+02 1.861229483304827852e+02 2.426045148876622815e+00
2.521478368187825652e+02 1.865622546256705334e+02 2.219859043380238095e+00
2.521340254023167233e+02 1.866165066469719420e+02 2.168981526471274179e+00
2.521105775771592903e+02 1.861039354641218893e+02 3.286947057451605314e+00
2.522167942937106488e+02 1.872876236589442556e+02 2.358468815595117896e+00
2.521244533740185148e+02 1.867245928243800108e+02 2.247342183005519800e+00
2.521774238610744021e+02 1.867426205492497786e+02 3.743412549560755753e+00
2.521740056266034458e+02 1.871717462392132347e+02 2.535680099898935058e+00
2.521936465054808423e+02 1.868287785217289922e+02 3.672142239368731964e+00
2.521161045731944341e+02 1.868214148623960114e+02 2.844797092435668251e+00
2.521299293516287037e+02 1.870813403754956141e+02 2.942414774935862454e+00
2.520964175347897083e+02 1.873488809958796537e+02 2.757244616341444576e+00
2.520800855651869767e+02 1.873392470166368753e+02 2.778821765917748543e+00
2.521723037977143633e+02 1.875762676863873253e+02 3.263759183316488954e+00
2.521022895125553873e+02 1.863434050182694648e+02 2.438517939049988481e+00
2.520998564195755307e+02 1.860206478854077545e+02 1.612660829511000538e+00
2.522261525305138719e+02 1.850671827625748165e+02 2.511279930809298122e+00
2.521693204345798165e+02 1.853227401267200491e+02 2.682128488688486190e+00
2.521790734568141090e+02 1.852307417593096375e+02 2.143933909274663652e+00
2.521708910732332924e+02 1.858676059725569587e+02 1.628674541320065394e+00
2.522074263391121747e+02 1.852665202518852539e+02 3.181908623571484185e+00
2.522486054963849824e+02 1.859752463461090031e+02 1.997846293632900672e+00
2.522028383250408012e+02 1.860327173870792308e+02 1.838481740262769115e+00
2.521509647341211178e+02 1.858152209826634476e+02 2.294147943714530236e+00
2.521752324982508071e+02 1.856244108586643904e+02 2.855128323485967456e+00
2.520675192412345496e+02 1.855598980603280665e+02 2.204123503459535005e+00
2.521936683705201006e+02 1.862519800007774222e+02 1.888563612687553350e+00
2.521945296101220606e+02 1.858292498347974799e+02 3.033987988805099789e+00
2.521389583981186320e+02 1.862427250155484728e+02 2.875250233227085506e+00
2.521660200283759536e+02 1.861276711789629132e+02 1.972901928010573069e+00
2.521615048977687934e+02 1.863007803389566845e+02 3.167223820259659650e+00
2.521662872677447069e+02 1.862932794157661647e+02 2.838276451838606995e+00
2.521949924201197177e+02 1.863223708505014429e+02 2.882990457125087502e+00
2.521525669556091032e+02 1.866366710720671733e+02 3.271997444219855389e+00
2.521474432480758878e+02 1.867949059317421927e+02 3.007766947834875193e+00
2.521129462897457927e+02 1.867499514110238579e+02 2.773026315789473895e+00
2.521816425989271693e+02 1.867931154279717134e+02 2.765646865039260049e+00
2.521083218339423127e+02 1.873629159216357039e+02 2.351418555158205859e+00
2.521527491642696077e+02 1.871477809414600131e+02 3.084143959418486958e+00
2.521058462256083317e+02 1.871542772875689877e+02 2.120374329472129560e+00
2.521006642113037515e+02 1.874058612881909482e+02 3.141730399207027791e+00
2.521444270873824109e+02 1.874475676358547673e+02 2.859732128974578291e+00
2.520502373571484043e+02 1.872724298861074317e+02 3.139540251107828528e+00
2.521779656281582902e+02 1.869105428360413725e+02 2.497347041903132947e+00
2.521666261758532244e+02 1.857081551737541645e+02 2.627495043924434448e+00
2.521625580638264807e+02 1.856999958699370268e+02 1.748276306071678388e+00
2.520859393220866025e+02 1.853864208388400812e+02 2.149493702868693124e+00
2.521318170333514672e+02 1.851351939671927198e+02 2.581365884708077374e+00
2.521193478873513243e+02 1.860519719835963599e+02 1.975478358470030393e+00
2.521480360335847024e+02 1.853482481244655276e+02 2.223082921946668566e+00
2.521554737911062603e+02 1.856677133541942055e+02 2.105580200964005222e+00
2.521427507677058202e+02 1.854690111657467071e+02 2.978899022389800422e+00
2.521504861327062201e+02 1.857837098169167405e+02 1.848776529580968608e+00
2.520920615330793737e+02 1.857792602814273550e+02 1.560632968592085890e+00
2.521611149712353210e+02 1.855639637429059974e+02 2.075130704345797827e+00
2.521131479339967427e+02 1.861675384338801109e+02 2.125624368343310255e+00
2.521086801776413040e+02 1.851869764537821652e+02 2.823957280572183759e+00
2.521792653832698363e+02 1.860165579083417526e+02 2.784912394076032083e+00
2.522110535061805194e+02 1.861904274858120232e+02 2.023820745549249622e+00
2.521867201469330553e+02 1.864599505364222978e+02 1.655928098033118356e+00
2.520875925619995428e+02 1.863638014557257350e+02 2.339353912384358303e+00
2.521074533059939426e+02 1.862020268891394039e+02 2.736154571250874579e+00
2.521542299133172662e+02 1.869224969388945112e+02 2.340692538676825141e+00
2.521800707455492443e+02 1.865025910071522901e+02 3.060396097333437204e+00
2.520414658322319781e+02 1.863565483363134661e+02 3.064806761641918786e+00
2.521526106856876197e+02 1.866685600171033173e+02 3.131831610044313319e+00
2.521450040814739850e+02 1.873341208796548187e+02 2.404163103475083663e+00
2.521472331007541072e+02 1.872024569015781594e+02 2.721271767861307644e+00
2.522032428282671219e+02 1.871227904163103517e+02 2.858677748192489876e+00
2.521651235617663076e+02 1.876243549813418383e+02 2.557322844593018729e+00
2.520893478387623361e+02 1.867867527015470728e+02 3.170949380004664420e+00
2.521014294876778479e+02 1.859950803661665191e+02 2.059539716629091188e+00
2.521061110355282722e+02 1.856440578111638047e+02 1.930837236647749311e+00
2.521165928924045829e+02 1.859525795887429069e+02 1.162202149576304189e+00
2.521943109597294495e+02 1.856826714704967856e+02 2.345715424084583667e+00
2.521651502857031915e+02 1.855535244013838110e+02 2.254974296431625724e+00
2.521197718261680905e+02 1.856949827023244950e+02 2.185920858275674394e+00
2.521462406709165691e+02 1.859800335749825138e+02 2.442797413122910655e+00
2.521301820143046086e+02 1.858689737522350924e+02 2.696333475860996476e+00
2.521526471274197263e+02 1.851376914405659591e+02 3.015023711420353081e+00
2.521919021612376639e+02 1.860352658788773965e+02 1.615317431781077451e+00
2.521393179565420155e+02 1.858025258979242835e+02 2.342626379926922020e+00
2.521238107848091374e+02 1.862154398760009428e+02 1.301346400528648140e+00
2.520794757735365010e+02 1.866160960701236036e+02 1.915243819482235876e+00
2.521782923890227721e+02 1.861042233538054802e+02 2.252603154396330520e+00
2.521178173346031315e+02 1.861816085866438755e+02 2.511363746793127572e+00
2.522144595934074403e+02 1.862652654415766165e+02 2.667244470574515969e+00
2.521392438583534101e+02 1.868108601220555158e+02 2.428908254295265579e+00
2.521707258707144490e+02 1.870968366147088489e+02 2.404003974578247771e+00
2.521652948379071688e+02 1.872108883036616760e+02 2.473631977376972824e+00
2.521538910052087488e+02 1.865862855185415583e+02 3.406041067402627576e+00
2.522028030980331152e+02 1.870373260514654419e+02 3.496289016947834671e+00
2.521062033545829024e+02 1.876260920372385783e+02 2.898738144289823460e+00
2.521615911432014343e+02 1.874170161023866967e+02 3.353288016014926320e+00
2.521046254275829881e+02 1.874895910265878740e+02 2.648783089092746845e+00
2.521700541281194035e+02 1.873694341327839652e+02 3.073348703646116675e+00
2.521070633794604703e+02 1.875668195599782280e+02 2.947916261758532386e+00
2.521440007191168604e+02 1.863811052048511101e+02 4.049033565264712919e+00
2.521662568996346181e+02 1.860086026782243778e+02 2.962738328927932763e+00
2.521514336177408211e+02 1.853913441168467671e+02 2.149507064837129722e+00
2.521515259367954513e+02 1.855982942839928569e+02 2.103767832154241013e+00
2.521365848266345324e+02 1.855653752526626761e+02 2.454215822514187906e+00
2.521793297636632190e+02 1.855813136515587303e+02 2.126620442354038687e+00
2.521581000252662648e+02 1.856568767977921084e+02 1.938118294721293600e+00
2.521671910227007629e+02 1.850219537141413468e+02 3.230826790017880867e+00
2.522045061416465899e+02 1.859630723781388610e+02 1.214318685376661655e+00
2.521094831104718992e+02 1.859920557024022401e+02 1.903145164425095182e+00
2.521645234879110546e+02 1.856594459399051402e+02 1.234257171732877190e+00
2.521777421188680819e+02 1.855592858392288065e+02 2.734825662753634479e+00
2.521593378294332695e+02 1.852457423909663419e+02 2.374645300474228282e+00
2.521437431975433299e+02 1.859112024313923541e+02 1.952884484568141232e+00
2.521874647729923140e+02 1.860159626933841253e+02 2.703614533934540987e+00
2.521441756394309266e+02 1.860334680867604789e+02 2.668251477104874425e+00
2.521151643765062715e+02 1.867475644775713306e+02 2.176345185804244853e+00
2.521564042699992285e+02 1.866151522292622360e+02 1.540034886884863452e+00
2.521768286461167747e+02 1.862878216590220006e+02 2.574194151830832666e+00
2.521925568976910483e+02 1.867094755791806051e+02 2.278201041747648148e+00
2.521606181489543701e+02 1.869043793244188691e+02 2.306450672471429542e+00
2.521329297209049116e+02 1.870738248756122175e+02 2.429436659410713073e+00
2.521019676105885026e+02 1.865638799269221693e+02 2.901983887895514425e+00
2.521558212022856367e+02 1.871288968358858824e+02 2.567774333359247318e+00
2.521374217717484214e+02 1.871512331882142632e+02 2.615776597605535159e+00
2.520731081882142632e+02 1.870975885291145175e+02 3.984106545906864749e+00
2.520971208602192348e+02 1.873718684404882140e+02 2.259357022078830823e+00
2.520870435065692163e+02 1.877246839287102489e+02 3.176690167534789833e+00
2.521113209884941284e+02 1.874777693286947056e+02 3.134771243100365368e+00
2.521703748153618960e+02 1.866653531446785337e+02 2.240125505325351707e+00
2.521735306693617247e+02 1.856937266772914654e+02 1.844194589131617823e+00
2.521296523944647561e+02 1.852083920450128289e+02 2.572495967114980964e+00
2.520745464219077974e+02 1.851248906748037086e+02 2.514843932208660426e+00
2.521813753595584160e+02 1.854665149070978885e+02 2.722733081318510440e+00
2.521925556829666561e+02 1.858045095428749107e+02 2.024841114048044677e+00
2.521934557937495072e+02 1.859740231186348467e+02 1.989609247453937746e+00
2.522385475783254378e+02 1.860174701663686676e+02 1.983686251263313327e+00
2.521346935007385639e+02 1.854223195891316038e+02 3.210775334292155669e+00
2.521531257288346524e+02 1.859431594009951141e+02 1.701187514576692816e+00
2.521515247220710592e+02 1.857583232916115890e+02 2.305557850034984035e+00
2.521123231361268893e+02 1.853625102036849910e+02 2.013055857886962396e+00
2.521025822611366038e+02 1.860469964724403269e+02 1.744521592940993626e+00
2.521060612318277094e+02 1.861314805546917626e+02 1.897869616341444354e+00
2.521406225705511872e+02 1.863944003634455555e+02 2.172933024955298276e+00
2.521421312582601217e+02 1.860745767900178862e+02 3.246736035528259290e+00
2.522164250174920426e+02 1.864745976832776080e+02 2.688035693461867215e+00
2.521179096536577902e+02 1.862021094903988114e+02 3.972756161082173776e+00
2.521520822805721878e+02 1.866426037860530300e+02 2.173286509756666263e+00
2.521564431411801195e+02 1.875164607303894968e+02 1.708450351784187138e+00
2.521595491914794422e+02 1.873438763313379525e+02 2.804621297520018874e+00
2.521599731302962084e+02 1.871418117857420498e+02 2.535795498717250851e+00
2.520720453043613531e+02 1.867023487911062603e+02 3.529747385913084123e+00
2.521166864261836338e+02 1.872283341755422441e+02 2.824214802145688985e+00
2.520874504392443498e+02 1.870197842163569817e+02 3.608077674337246243e+00
2.520974464063593246e+02 1.877446054089248264e+02 2.467264392054730582e+00
2.520927235578791965e+02 1.876308586157972513e+02 3.184659974345020572e+00
2.521464568918603675e+02 1.878259421402472071e+02 3.231835011272642610e+00
2.521063466920625160e+02 1.880911893609577987e+02 2.744034488455259435e+00
2.521184489912928655e+02 1.875407017705823023e+02 1.492483285392210313e+00
2.521829666485267865e+02 1.858150023322708648e+02 2.649464549483013354e+00
2.521715385213402669e+02 1.853780659643940112e+02 2.747589986783798288e+00
2.521156490515431869e+02 1.859598533584700419e+02 2.087523322708543905e+00
2.521690750602503215e+02 1.862763911023866967e+02 1.873897030241778783e+00
2.520905285508823681e+02 1.860220205239835138e+02 1.818013634066703021e+00
2.522028771962217206e+02 1.861093895766928483e+02 2.080147516131539920e+00
2.520952453257405068e+02 1.859109254742284065e+02 2.165240175309025794e+00
2.521977462003420669e+02 1.862007538579647132e+02 2.020386719661043440e+00
2.522044806324341266e+02 1.856002184074477270e+02 3.063826479048433526e+00
2.521398743003187519e+02 1.855260801329394269e+02 2.133380383658555424e+00
2.521790333709087975e+02 1.855845666835108432e+02 1.668374164269610604e+00
2.521586235714840996e+02 1.858909177485811881e+02 2.468165717561999539e+00
2.521306010942237492e+02 1.863447837304672419e+02 1.733331551737541831e+00
2.521257215462955799e+02 1.865550853222420926e+02 1.718075827956153212e+00
2.521550583553603246e+02 1.863171949098188520e+02 2.800584768327761598e+00
2.521124178846303323e+02 1.867227391549405411e+02 2.434636894581357236e+00
2.521131199953354667e+02 1.866476230272875796e+02 2.429232585710953796e+00
2.521103079083417526e+02 1.869829428399284836e+02 2.918018250019435378e+00
2.521372930109616846e+02 1.863509156592552358e+02 2.934975802689885782e+00
2.521419053195211006e+02 1.870581500719116832e+02 2.308580084350462691e+00
2.521131321425795022e+02 1.872134635193967256e+02 2.377891044079919247e+00
2.521418251477104775e+02 1.874318308812096632e+02 2.794332581823835593e+00
2.520941532885019001e+02 1.867347892210215434e+02 2.700615379382725667e+00
2.520966568354971571e+02 1.874682264537821652e+02 2.123713606856876268e+00
2.521357369490010001e+02 1.871086024352794936e+02 3.583366535800357688e+00
2.521224478640286009e+02 1.871746057004586703e+02 4.261228912384358303e+00
2.521472416038249378e+02 1.873674905737386212e+02 3.461948758065770182e+00
2.521395329627614217e+02 1.867402846342221778e+02 2.511883648837751615e+00
2.520981242225763879e+02 1.857793659624504414e+02 2.407486589442587199e+00
2.521837780844282122e+02 1.852084734315478443e+02 1.822304040659255220e+00
2.521730435648759965e+02 1.856091466318121661e+02 2.342285042369587345e+00
2.521484053098033087e+02 1.861833942315167576e+02 2.092453889061649530e+00
2.521489130646039030e+02 1.852380629032884940e+02 2.724117867138303506e+00
2.521979162617585359e+02 1.860794672704656705e+02 1.952374300318743705e+00
2.521641323466531901e+02 1.858833317946824195e+02 2.975022836818782768e+00
2.521817835069579417e+02 1.863356234937417355e+02 2.440563534945191737e+00
2.521246708096867053e+02 1.865441698087537929e+02 2.045033477804555577e+00
2.520958478290445441e+02 1.854015453723859252e+02 2.165837819715462853e+00
2.522000723975744449e+02 1.853660146835885882e+02 3.199595010883930613e+00
2.521736715773925255e+02 1.860093801018424813e+02 3.329132006530358456e+00
2.521549453859908283e+02 1.862458772253750965e+02 3.356504606234937516e+00
2.521268767492031486e+02 1.861573614728290522e+02 3.434510563243411418e+00
2.521535921830055145e+02 1.869264545110005429e+02 3.198150703568374276e+00
2.521378882259193119e+02 1.865140932325274150e+02 3.009474850345953634e+00
2.520873763410557444e+02 1.871649899420819452e+02 2.900198243022622968e+00
2.521693350112726364e+02 1.866298127380859739e+02 3.585839714685532087e+00
2.521400322144911854e+02 1.864753994013838110e+02 3.627767142190779559e+00
2.521607031796625904e+02 1.869552252584933569e+02 2.857131404027054344e+00
2.521735306693617247e+02 1.868664750641374610e+02 4.494841065459068474e+00
2.520922279503226378e+02 1.875414840530980314e+02 3.227458359247453945e+00
2.521361037957708220e+02 1.876303921616263608e+02 3.510093145067247011e+00
2.520790105340900311e+02 1.877621278084428127e+02 4.014568189769105011e+00
2.521498957766461899e+02 1.874439392540620304e+02 2.888119023555935527e+00
2.521171346594884426e+02 1.864399136573894111e+02 1.869165678690818622e+00
2.521439752099043687e+02 1.857734976288579674e+02 2.575966434735287081e+00
2.521175488805099860e+02 1.855991215113115231e+02 3.394337197776568615e+00
2.521725188039337695e+02 1.855660652161237749e+02 2.952806742206328217e+00
2.521790649537433069e+02 1.851086170119723135e+02 3.409501817227707399e+00
2.521989062621472328e+02 1.860390424570473442e+02 3.112986375651092263e+00
2.522146357284459270e+02 1.861931423948534530e+02 3.092433238746793212e+00
2.521327548005908454e+02 1.861528439127730792e+02 2.944291524139003524e+00
2.521393616866205321e+02 1.860141065944958427e+02 2.553813505791806104e+00
2.521555855457513928e+02 1.859111902841483186e+02 2.691509805255383636e+00
2.521767375417865082e+02 1.858120699875612161e+02 2.530767754411879178e+00
2.521980790348285666e+02 1.862365906573116661e+02 2.880570726113659497e+00
2.521999727901733763e+02 1.860241608683821823e+02 3.852480224286713995e+00
2.521229665513488385e+02 1.859895290756433042e+02 3.776870918526004761e+00
2.521691819559978285e+02 1.865431251457669362e+02 3.198966998367410497e+00
2.520689246773692105e+02 1.870060468980797737e+02 2.888595195522039916e+00
2.521377886185182433e+02 1.873062915435745879e+02 4.061496637642851404e+00
2.521397795518152805e+02 1.869222588529114546e+02 4.240672131306848947e+00
2.521677485812018915e+02 1.872781767472595789e+02 3.524136573894114832e+00
2.521805031874368410e+02 1.872996227066003314e+02 3.617381248542330674e+00
2.521587037432947227e+02 1.878129676688952827e+02 3.088248513177330512e+00
2.521606898176941627e+02 1.875405802981419470e+02 4.473291854544041435e+00
2.521675554400217720e+02 1.872078915785586446e+02 3.420259416543574460e+00
2.521459114806032744e+02 1.874312429545984742e+02 4.787418370520096111e+00
2.520874006355438155e+02 1.882285686173520958e+02 3.172349957241701102e+00
2.520904410907253350e+02 1.883792758298997114e+02 3.599360812018969291e+00
2.521337217212158919e+02 1.876908720749436270e+02 3.244407408847080898e+00
2.521306472537510786e+02 1.864501197718261665e+02 2.980269231516753603e+00
2.521698573427660790e+02 1.855442183977299351e+02 2.877694258726580134e+00
2.521417182519629989e+02 1.858596689633056087e+02 3.173874436367877028e+00
2.521181708194044973e+02 1.862722440332737222e+02 1.970160295032262976e+00
2.521614830327295351e+02 1.860856356409857710e+02 2.962695813573816395e+00
2.521868148954365267e+02 1.858834666290912025e+02 3.001168564876000922e+00
2.521719430245665876e+02 1.859380113989737993e+02 2.725269425872657969e+00
2.520992089714685562e+02 1.856010796470496871e+02 3.026686280416698960e+00
2.520582994830132861e+02 1.858046237269688277e+02 3.296403686931508759e+00
2.521499710895591875e+02 1.857420350520873740e+02 3.717808588587421248e+00
2.522169558520562873e+02 1.863000648662831509e+02 3.579989601959107315e+00
2.521593536208505100e+02 1.863414371647360781e+02 2.797447135193967149e+00
2.521445983635232722e+02 1.862734514693306380e+02 2.806895261603047587e+00
2.521212999494674705e+02 1.866387628274896997e+02 3.027027617974034079e+00
2.521585810561299752e+02 1.870253622308170804e+02 2.735537491253984488e+00
2.521404391471662905e+02 1.870051674376117603e+02 2.676178768560988797e+00
2.520976176825001858e+02 1.868457518658166805e+02 3.714872599704579059e+00
2.521146068180051429e+02 1.873463762341600045e+02 4.080101356604213692e+00
2.520823182286402755e+02 1.872766036791572617e+02 3.839163200653035624e+00
2.520961308598305095e+02 1.873129130062971228e+02 3.762051280805410958e+00
2.521770327198165376e+02 1.873221266908963685e+02 3.639177048511233803e+00
2.521106468164502701e+02 1.875779537238591388e+02 3.261898225530591500e+00
2.520956546878644247e+02 1.876089024722070917e+02 4.006932432169789671e+00
2.520580784031718906e+02 1.880794308287335639e+02 3.384963169556091334e+00
2.520791125709399125e+02 1.879013570901034029e+02 4.168658409779989249e+00
2.520823279464355267e+02 1.880813780319521129e+02 3.948929341910907276e+00
2.520936018036227892e+02 1.886780312232760650e+02 3.114227823991293054e+00
2.521034374271165461e+02 1.877265837576770480e+02 2.560209029775324385e+00
2.521468954073699820e+02 1.861693714530047430e+02 2.984214656378760822e+00
2.521411971351939769e+02 1.857995230991992628e+02 3.726887438777890083e+00
2.521596269338412526e+02 1.862775863911995771e+02 3.171728018347197420e+00
2.521763974189535986e+02 1.864067735462178348e+02 2.903351667573661032e+00
2.521690507657622504e+02 1.866099665707844224e+02 2.531841570784420625e+00
2.521971400528647962e+02 1.859602153463422098e+02 3.640329821969991553e+00
2.521908174123454955e+02 1.861977413414444413e+02 3.588659090025655196e+00
2.521016627147632789e+02 1.865829972595817594e+02 2.641726755033817930e+00
2.521558904415766165e+02 1.864623253226307895e+02 2.802285382492420318e+00
2.521322458310658590e+02 1.863042119353960970e+02 2.518506326284692509e+00
2.521570577917282208e+02 1.860565272001088317e+02 3.435984023944647525e+00
2.521110622521962341e+02 1.861442072222654076e+02 3.049226706444841728e+00
2.521495034206639332e+02 1.867592829238902254e+02 2.135094359791650298e+00
2.520683343213091803e+02 1.868913319696027315e+02 2.872537753634455626e+00
2.521058960293088660e+02 1.864372436931508901e+02 3.428710254217523179e+00
2.521079525577237064e+02 1.872608669245121575e+02 3.009490641763196805e+00
2.521367366671849481e+02 1.869766627147632789e+02 4.388059502060172257e+00
2.521870602697659933e+02 1.874781058073544386e+02 3.375324331415688217e+00
2.521078237969369411e+02 1.872903507152297209e+02 4.399876341055740880e+00
2.521267285528259379e+02 1.877558221740651447e+02 3.174949467464821762e+00
2.520951384299929998e+02 1.876696836371764050e+02 3.839562844981730727e+00
2.521583891296742479e+02 1.875252407583767535e+02 3.274900635543807947e+00
2.521175743897224493e+02 1.876039111696338466e+02 4.223780173754178691e+00
2.520836204132006628e+02 1.886963419789318266e+02 3.381057830599393466e+00
2.521406310736220178e+02 1.878932718844748422e+02 3.829543798103086427e+00
2.520857194569695992e+02 1.884367602328383668e+02 3.929187640908030854e+00
2.520972326148643390e+02 1.884793193170333439e+02 3.352928457591541456e+00
2.521264734607012485e+02 1.880462773555935598e+02 4.228777549949467307e+00
2.521268840375495586e+02 1.872375940196688191e+02 3.047070570628935826e+00
2.520661927621861196e+02 1.865063894503614961e+02 3.006599597683277558e+00
2.520946124543263522e+02 1.858931844243178091e+02 3.694985131773303344e+00
2.521356470593951542e+02 1.865424436853766679e+02 2.606205784031718764e+00
2.521403140305527586e+02 1.860342795226619046e+02 3.356944336468941970e+00
2.521267103319598846e+02 1.861993387040348296e+02 2.986815381326284768e+00
2.521804230156262179e+02 1.863983299968903111e+02 3.619929740340511515e+00
2.521110962644795279e+02 1.869382276199175976e+02 3.146728990126720138e+00
2.521357405931742335e+02 1.867764445502604360e+02 2.243745384047267422e+00
2.520875743411334895e+02 1.861387288152064059e+02 4.095272049677369353e+00
2.521147720205239864e+02 1.866259231905465299e+02 3.300287160848946577e+00
2.521370707163958684e+02 1.864917629538210235e+02 2.605894814584467145e+00
2.521794706716940198e+02 1.866210618634844138e+02 2.904073213869237335e+00
2.521384372813496100e+02 1.866963687028686820e+02 3.704127147632744865e+00
2.521283502099043687e+02 1.866889904668428812e+02 4.563318724247842795e+00
2.521110379577081630e+02 1.871122040931353467e+02 3.154391471662909119e+00
2.521558734354349554e+02 1.874717940993547245e+02 2.751909546762030701e+00
2.521612340142268636e+02 1.872706612473761822e+02 4.400869985617663183e+00
2.520928438155951312e+02 1.875767608644950712e+02 3.526742157739251926e+00
2.521706080424473271e+02 1.871616628119412269e+02 4.761980826790018106e+00
2.521203063049055402e+02 1.879284575915416440e+02 3.314876000932908351e+00
2.520987704559589417e+02 1.870827968300552016e+02 4.879454394387001237e+00
2.521515174337246492e+02 1.875746010845059573e+02 4.549430780144600561e+00
2.521281752895903026e+02 1.877017985209515700e+02 4.875385067635854774e+00
2.520983465171422040e+02 1.878807432169789422e+02 4.730885096789240407e+00
2.521302889100520872e+02 1.883533171694006114e+02 3.932631384591463775e+00
2.520756761156029029e+02 1.885374414502837510e+02 3.682774722071056495e+00
2.521345027890072288e+02 1.872137951391588331e+02 2.871205200964005222e+00
2.521878887118090518e+02 1.868819749475239007e+02 3.851096653191323771e+00
2.520838257016248178e+02 1.868523818316100460e+02 2.752859461245432460e+00
2.521154607692606646e+02 1.864678875456736478e+02 2.880116419186814714e+00
2.521323405795693020e+02 1.872528849704578988e+02 2.369745102231205713e+00
2.521181295187747935e+02 1.871689754528492529e+02 3.816852357537122042e+00
2.521463852231205749e+02 1.869011615194744707e+02 3.915679905543030248e+00
2.520966361851823194e+02 1.870334644425872739e+02 3.005927855088237788e+00
2.520879873474306123e+02 1.868930580929798566e+02 3.639087158905387476e+00
2.521212246365544445e+02 1.869843324846458756e+02 2.692352823991293054e+00
2.521720924356681905e+02 1.868166859402938655e+02 3.089403716084894835e+00
2.521174747823213806e+02 1.868148602095156718e+02 3.450823097255694805e+00
2.521224126370209149e+02 1.878934808170722306e+02 2.506729573194433680e+00
2.521954066411412612e+02 1.870573823660887740e+02 4.719497055508046657e+00
2.521172974325585017e+02 1.876960455861774051e+02 3.136764605846225518e+00
2.521828670411257178e+02 1.876001151558734250e+02 3.945246297520018874e+00
2.520893587712819794e+02 1.879738591308403954e+02 3.238364154940526873e+00
2.521214481458446812e+02 1.878623680809297980e+02 4.611398730855943207e+00
2.520577419245121575e+02 1.880136862998522815e+02 3.673378828811319163e+00
2.520445548763896397e+02 1.877792590667029344e+02 4.651800464510611910e+00
2.520517654804477843e+02 1.877416341930342867e+02 4.180968426883308275e+00
2.521308367507579931e+02 1.881447574924201263e+02 3.847273915494052510e+00
2.520621149323641532e+02 1.881519243663997543e+02 3.963213286169633864e+00
2.520925377050454870e+02 1.879930323408225092e+02 4.639014275441187607e+00
2.521935323213869253e+02 1.879445429720904883e+02 4.648712635077353994e+00
2.521594350073855253e+02 1.873895025946513329e+02 3.316808627458602388e+00
2.521784102172898940e+02 1.865556756783020944e+02 3.687168380237891618e+00
2.520737386301795766e+02 1.868427442081940342e+02 4.240073272176008601e+00
2.521246938894503558e+02 1.869898315420197434e+02 3.053140548472362603e+00
2.521180396291689476e+02 1.868562592319054545e+02 3.832080142657233957e+00
2.521089352697659933e+02 1.868521826168079087e+02 3.393246375262380266e+00
2.521734954423540387e+02 1.869738263332814938e+02 4.106245869937028559e+00
2.521462771126486757e+02 1.875240612609811137e+02 2.943353756899634632e+00
2.521191753964860425e+02 1.871114546081784908e+02 3.875151840550415727e+00
2.520610192509523415e+02 1.869510040911917770e+02 3.551257725647205099e+00
2.521270103688875110e+02 1.875331947737697362e+02 2.549759970457902369e+00
2.521447392715540730e+02 1.870180750991215177e+02 4.968019950633600246e+00
2.521711826070901168e+02 1.873791069832076630e+02 3.501880393376350931e+00
2.521293304924978713e+02 1.871233467600870597e+02 4.366315935240612234e+00
2.520871564759387411e+02 1.874948179856953914e+02 4.779846993314157189e+00
2.521178890033429241e+02 1.875786339695249865e+02 4.983506472051621117e+00
2.520599770174142975e+02 1.878051278375962170e+02 4.390827858975355547e+00
2.521180044021612332e+02 1.885110260534090116e+02 2.893846449117624342e+00
2.521469512846925340e+02 1.879206942878799680e+02 4.997654367177174706e+00
2.520638289084972428e+02 1.883708675075798737e+02 4.025170304361346929e+00
2.520524967445385869e+02 1.889079639761330895e+02 3.422618411334836352e+00
2.520661053020290865e+02 1.885018378780222292e+02 4.893584068646505081e+00
2.520649403813262950e+02 1.881856208213480386e+02 3.839522759076420932e+00
2.521472282418564816e+02 1.871407889877944513e+02 4.813270135271709549e+00
2.521291106273808680e+02 1.874011943170333439e+02 2.963181703335147521e+00
2.521379441032418640e+02 1.867482337907175634e+02 4.190510087071444900e+00
2.521733642521184890e+02 1.867511114728290522e+02 3.758924580191246090e+00
2.520699863464977000e+02 1.867134562310502872e+02 4.546832484645883632e+00
2.521007881131928912e+02 1.869547138595195577e+02 3.100720088626292448e+00
2.520794369023555817e+02 1.873500167631967770e+02 2.902868207261136480e+00
2.521217421091502899e+02 1.875204183024955285e+02 4.078451760864495235e+00
2.521035078811319181e+02 1.876264321600715164e+02 3.965840735054031008e+00
2.521343715987716791e+02 1.874852228776335323e+02 3.695109033662442588e+00
2.521065094651325467e+02 1.877185750796859338e+02 2.897749358625515193e+00
2.521623114747725936e+02 1.875547646349996000e+02 4.052298744460856916e+00
2.520401089850734593e+02 1.874354386126875625e+02 4.446366273419886106e+00
2.521607141121822337e+02 1.882532931178574245e+02 3.620308734354349856e+00
2.520466879324418983e+02 1.880694360763430097e+02 3.468030883153230270e+00
2.521110853319598846e+02 1.879799072436445613e+02 4.252180430303972969e+00
2.521219012380471156e+02 1.879127840025655019e+02 4.323860102619917711e+00
2.520698247881520615e+02 1.887013867293788394e+02 4.167051329394387160e+00
2.520603584408769393e+02 1.887794558520562873e+02 3.963468378294332517e+00
2.520905856429293408e+02 1.888663669536655618e+02 3.534889314312368747e+00
2.520922012263857539e+02 1.887281483227085346e+02 4.682186795459846174e+00
2.520984874251729764e+02 1.885715144697970800e+02 3.556830881209671169e+00
2.521116453199098260e+02 1.877018799074865854e+02 3.894744130451682995e+00
2.521413732702324637e+02 1.868639277870636590e+02 3.763568471585166719e+00
2.520862332853922112e+02 1.869137812913006371e+02 2.832092289901267268e+00
2.520707018191712621e+02 1.869175226424628704e+02 3.233850239057762366e+00
2.521183202305061002e+02 1.865714294390888597e+02 5.286763634066702799e+00
2.521530795693073230e+02 1.876359786791572617e+02 3.003936921791184211e+00
2.520730936115214149e+02 1.869152098071989485e+02 4.222960234781933053e+00
2.521048003478970827e+02 1.873815267142190919e+02 3.484811086060794594e+00
2.520823862532068631e+02 1.878866115505714163e+02 3.046351453782166097e+00
2.521391478951255465e+02 1.873144156203840396e+02 4.074228164114125583e+00
2.521297665785586446e+02 1.881217105263157805e+02 3.195598567596983575e+00
2.520734276607323352e+02 1.877801980486667048e+02 3.847026111715774022e+00
2.520800661295965313e+02 1.876237694841794337e+02 3.605855943403560637e+00
2.520282824282826653e+02 1.882012834778045658e+02 3.774294488066547437e+00
2.520756955511933484e+02 1.886544850054419555e+02 3.222097780455570160e+00
2.520518031369043115e+02 1.883547748386845910e+02 3.957053418720360760e+00
2.520853611132706078e+02 1.885545775674414983e+02 3.421589539765217847e+00
2.521553632511855767e+02 1.881466852600482014e+02 4.494226414910984957e+00
2.520626166135427297e+02 1.885566936173520958e+02 4.130863474694860926e+00
2.521114193811708049e+02 1.886967003226307895e+02 5.221983596361657654e+00
2.520735637098655104e+02 1.888818801990204577e+02 4.609826877478037765e+00
2.520969046392754365e+02 1.891472962664230693e+02 4.081984179429371196e+00
2.520122905815128718e+02 1.883112634105574159e+02 3.786390713674881336e+00
2.521280878294332695e+02 1.874859043380238006e+02 3.506701634533157197e+00
2.520629275829899711e+02 1.875373892171344039e+02 2.493603261292077988e+00
2.520920676067013915e+02 1.871209367468708820e+02 3.902008182383580603e+00
2.521293815109227978e+02 1.870264093232527500e+02 3.709180401150586892e+00
2.520641556693617247e+02 1.873870148390733164e+02 2.895391578558656587e+00
2.521120133814040400e+02 1.876467642171344039e+02 2.491914794371453024e+00
2.521973963597139061e+02 1.874379385155096145e+02 4.221506209671149534e+00
2.520923324166213035e+02 1.872734769785431013e+02 3.771609947135194041e+00
2.521992876856098746e+02 1.875738321639586275e+02 4.038351278861851412e+00
2.521603278298219664e+02 1.879550211847935941e+02 2.952752079608178537e+00
2.521491730156262179e+02 1.874794104213636103e+02 2.864772020523983720e+00
2.521491572242089774e+02 1.873747218281116318e+02 3.582661995646427844e+00
2.521292284556479899e+02 1.878949542777734507e+02 4.034495743605690521e+00
2.521146991370597732e+02 1.879320361696338466e+02 3.678232867527015504e+00
2.521106808287335639e+02 1.877790586371764050e+02 4.235978436212391784e+00
2.520707370461789765e+02 1.879925719602736649e+02 4.935968232527404354e+00
2.520529644134338696e+02 1.882642730117391068e+02 4.270063602969758065e+00
2.520773815886651619e+02 1.890893830657700505e+02 2.071781709165824381e+00
2.520557716415299581e+02 1.885468737852756078e+02 4.611401160304749780e+00
2.520372045790251150e+02 1.892340166563010087e+02 2.803904610122055718e+00
2.520799871725103003e+02 1.885363761369820281e+02 4.823205366166524399e+00
2.521061571950555731e+02 1.891140747687164776e+02 4.326219097411179604e+00
2.520769843737852796e+02 1.890231356409857710e+02 3.441213412500971902e+00
2.520552991137370782e+02 1.895804803506180463e+02 3.507330861774080599e+00
2.520627988222032059e+02 1.896275460623493814e+02 5.091172354816139389e+00
2.520674366399751136e+02 1.892687383386457327e+02 5.262384115291922626e+00
2.520204972595817594e+02 1.890437288637953941e+02 4.645734130840394549e+00
2.520451622385913026e+02 1.879602359966570759e+02 3.532299521884474824e+00
2.521195385990826310e+02 1.869779017336546758e+02 4.041179157272797973e+00
2.521262560250330296e+02 1.871787053953199234e+02 4.504477474150665017e+00
2.521577574729845423e+02 1.870030696085672162e+02 3.892114252118479278e+00
2.520426295382103774e+02 1.873935123999067116e+02 4.279596760087071239e+00
2.520499312465987600e+02 1.874178809861618618e+02 3.909811571950555731e+00
2.521047286791572617e+02 1.873274909138614532e+02 2.886743955531369199e+00
2.521626042233538101e+02 1.870864677272020629e+02 4.095149362512633395e+00
2.521152263274508414e+02 1.880313204540154004e+02 3.462302242867138169e+00
2.521867262205550730e+02 1.873586413064603846e+02 4.004526063126797375e+00
2.520897013235637019e+02 1.875361951430459442e+02 3.667663550493664104e+00
2.521234402938661390e+02 1.879200589870170290e+02 3.204066411412578752e+00
2.521130471118712535e+02 1.876490612609811137e+02 3.320950837673948719e+00
2.521283951547073059e+02 1.879681487114203549e+02 4.215749630723781394e+00
2.521012606409857710e+02 1.880771349996112747e+02 4.302222216823446743e+00
2.520853015917748507e+02 1.879823148274119546e+02 4.126389644717406213e+00
2.520927988707921941e+02 1.882378491117935084e+02 5.240806965715618659e+00
2.520504098480136861e+02 1.888075718630956885e+02 4.108917048899945357e+00
2.520345686270698877e+02 1.889309562796392754e+02 3.556609801368265433e+00
2.521262050066081031e+02 1.883963524255617017e+02 4.955357663453315631e+00
2.520755655756821909e+02 1.885435162870248007e+02 5.322929623726968984e+00
2.520268745626992200e+02 1.890495449642385211e+02 4.616550377050455012e+00
2.520728701022312066e+02 1.892779398760009428e+02 4.322628372074943215e+00
2.520245532243644675e+02 1.891417789881831482e+02 5.837440721449117298e+00
2.520562077275907598e+02 1.890841585361113175e+02 5.512929526549016579e+00
2.520430899187592217e+02 1.895629676688952827e+02 5.070170984607011988e+00
2.520413237094767851e+02 1.898413897904843282e+02 3.514042214102464534e+00
2.520393011933452669e+02 1.899539279328305952e+02 4.697952703490631876e+00
2.520328582951100032e+02 1.898874266306460470e+02 5.512696299463577532e+00
2.521068556615875025e+02 1.899695699389722563e+02 6.223679351628702783e+00
2.520500575779367125e+02 1.890433693053720106e+02 6.569959622560832990e+00
2.521281279153385810e+02 1.880379905057140775e+02 5.077594165435746376e+00
2.521275934366011029e+02 1.881028908011350325e+02 2.842609373785275562e+00
2.521381688272564645e+02 1.877996555041592046e+02 3.592648244966182070e+00
2.520300765762263779e+02 1.878380991020757165e+02 4.144231516753478672e+00
2.520873605496385039e+02 1.882335963616574759e+02 3.119159605068801966e+00
2.520961527248697678e+02 1.878806472537510786e+02 3.709736744927310870e+00
2.520994677077664505e+02 1.883418270912695220e+02 3.044563379460468067e+00
2.521519425872658076e+02 1.878836561260981171e+02 4.173212411568063551e+00
2.520681533273730963e+02 1.880982347624970714e+02 3.686664269610510747e+00
2.520909609927699648e+02 1.882751034945191577e+02 5.117223334369898069e+00
2.521338492672782365e+02 1.883605775771592903e+02 4.453035110394154117e+00
2.520829644620228578e+02 1.884644826731711191e+02 4.406943607634300264e+00
2.520976844923423812e+02 1.887066100443131518e+02 3.372098023400450728e+00
2.520861421810619731e+02 1.884404578539221120e+02 4.665366506646972056e+00
2.521044480778201091e+02 1.886727265218067373e+02 4.751655669361735335e+00
2.520415399304205835e+02 1.894297099724014686e+02 3.310669410324185602e+00
2.520633855340900311e+02 1.888810663336702191e+02 5.656817276296354002e+00
2.520297036558345667e+02 1.890870678010572874e+02 3.713954268055663643e+00
2.520970006025033001e+02 1.890733049735675877e+02 6.761917661121044532e+00
2.520406580405037573e+02 1.895505774799813423e+02 4.929111113270621125e+00
2.520153067422063202e+02 1.893645533701313752e+02 5.071604359402938300e+00
2.520745731458446812e+02 1.899186401889139404e+02 5.014172189613620212e+00
2.520903852134027829e+02 1.904570679954132117e+02 3.932263323097255903e+00
2.520776670488999400e+02 1.901250012147243922e+02 4.765431858819870747e+00
2.520612828461478614e+02 1.898963742906009600e+02 4.809089053875457154e+00
2.520585837285236721e+02 1.900994883580813166e+02 5.639146680401150746e+00
2.520676650081629475e+02 1.901674327528570245e+02 6.410128615019824672e+00
2.520161412578714248e+02 1.906435075410090860e+02 5.262335526315789380e+00
2.519693209204695563e+02 1.912009494285936455e+02 4.718126846381093031e+00
2.520463599568529958e+02 1.913110799871725192e+02 5.624474024333359523e+00
2.520805022156573045e+02 1.904887079219466557e+02 5.988450400373163340e+00
2.520909391277307066e+02 1.874867011972323780e+02 3.442728173831921090e+00
2.521680802009639990e+02 1.866243355457513928e+02 2.837021641529969607e+00
2.521045063845914740e+02 1.865044641121822337e+02 2.940401976599549272e+00
2.521251955706289323e+02 1.865256804886107318e+02 1.920434336857653745e+00
2.521415263255072716e+02 1.867927060658477671e+02 1.574273108917048969e+00
2.520949926630646019e+02 1.860403397827101060e+02 2.911172063282282618e+00
2.522153050415921598e+02 1.865161193928321666e+02 2.886595759154162888e+00
2.521412323622016629e+02 1.865279107226152462e+02 2.929035800357614683e+00
2.521052157836430183e+02 1.867555743702868654e+02 2.233219797092435677e+00
2.521674704093135233e+02 1.864468035742050915e+02 2.948923268288890398e+00
2.521871914600015430e+02 1.866846113853688962e+02 3.086926893026510133e+00
2.521354344826245892e+02 1.867416463402783222e+02 3.048071503537277405e+00
2.521025166660188006e+02 1.864040914347352782e+02 3.145799725958174697e+00
2.521524491273419812e+02 1.873996892734976427e+02 2.797124018502682219e+00
2.521366091211226035e+02 1.878576865330793737e+02 3.044958164891549579e+00
2.521167872483090946e+02 1.876319081376817337e+02 2.617692217989582737e+00
2.520713383347586216e+02 1.876535678885174434e+02 3.328246472440332671e+00
2.520392319540542587e+02 1.882244628488688534e+02 2.497357974422762972e+00
2.520964503323486099e+02 1.877710621064292980e+02 3.284552835652647218e+00
2.521650591813729250e+02 1.880889372619140261e+02 3.990211750757988174e+00
2.521235763429993142e+02 1.885818457008473956e+02 2.928279027054341732e+00
2.520760113795382154e+02 1.882804762205550730e+02 2.325361501982430301e+00
2.520924490301640333e+02 1.891599172529736563e+02 3.844698699758998472e+00
2.520577200594728993e+02 1.886152664133561245e+02 3.276819900101064942e+00
2.521112651111715763e+02 1.886194936542797223e+02 4.666846040970225040e+00
2.520792802029075688e+02 1.889326216667962512e+02 3.381677340045090574e+00
2.520808836391199463e+02 1.888148857187281351e+02 3.247405348674492931e+00
2.520755424959185120e+02 1.887089581065847881e+02 4.519906903521729191e+00
2.521238921713441528e+02 1.891598297928165948e+02 3.742322941770971134e+00
2.520997337324107832e+02 1.891889066508590531e+02 4.083564535878100088e+00
2.521004492050843453e+02 1.883749623435435012e+02 3.251526908574982500e+00
2.521546198398507386e+02 1.868995252857031915e+02 3.420956668351084584e+00
2.520859162423229520e+02 1.871424155037705077e+02 2.769657885019046972e+00
2.521655219913706105e+02 1.873134754236958770e+02 2.444957193112026861e+00
2.522162780358392240e+02 1.873323971857265065e+02 2.567126885252274171e+00
2.521507400101065173e+02 1.872763546606545901e+02 3.024711138536888555e+00
2.521944069229573131e+02 1.869244222770737736e+02 4.007208174609344198e+00
2.521198665746715335e+02 1.874621807704268122e+02 2.494002905620772648e+00
2.521169075060250293e+02 1.878739067480370011e+02 2.961653580035761291e+00
2.521527321581279750e+02 1.878796414619451127e+02 2.788391364767161651e+00
2.521496953471196321e+02 1.875594437534012400e+02 2.929026082562388389e+00
2.520888182189224835e+02 1.879138286655523586e+02 3.484245024488843878e+00
2.520655076576226463e+02 1.878988207455492443e+02 2.420058987017025487e+00
2.521019226657855938e+02 1.879261277501360610e+02 3.252380859830521498e+00
2.520762992692218063e+02 1.886706201896913626e+02 3.264053146622094559e+00
2.521573966998367382e+02 1.881303520757210492e+02 3.809740146155640161e+00
2.520512164250174862e+02 1.888038548064215263e+02 3.268429798647282780e+00
2.521265609208582816e+02 1.890029736453393525e+02 2.728266150975666715e+00
2.521096495277151632e+02 1.890413297830988029e+02 2.723386603047500465e+00
2.521140067441498900e+02 1.887382317499805708e+02 3.755915707844204476e+00
2.520452181159138547e+02 1.887183066255927884e+02 3.944982702324496771e+00
2.520046463208427383e+02 1.888055857886962485e+02 4.415101696727046665e+00
2.520604677660732307e+02 1.893805840880820881e+02 3.600167389022778330e+00
2.520616764168545387e+02 1.897656577975589016e+02 3.254223596750369207e+00
2.520214095176086460e+02 1.897468599374174119e+02 3.579979884163881021e+00
2.520193299094301551e+02 1.894374040367721364e+02 4.531071435512711076e+00
2.520499251729767423e+02 1.900147418953587817e+02 3.809576158361191123e+00
2.519961323174998142e+02 1.897944491953665533e+02 4.207580609111404968e+00
2.520718630957008486e+02 1.884501379926922198e+02 3.451725637487367049e+00
2.520852129168934255e+02 1.880596988455259293e+02 2.606672238202596414e+00
2.520968912773070087e+02 1.879581211614708991e+02 3.219284478737463928e+00
2.520610921344165547e+02 1.877339437728368239e+02 2.763224704579025026e+00
2.521194657156184462e+02 1.877174648215812738e+02 3.515533895669750386e+00
2.521088186562232636e+02 1.882637640422140919e+02 2.660659449584078295e+00
2.520794915649537415e+02 1.879207465210293151e+02 3.544282778123299504e+00
2.520996681372930084e+02 1.883520878683044373e+02 3.416382016248153519e+00
2.520553331260203720e+02 1.884077125281816052e+02 3.451056324341133408e+00
2.521403893434657562e+02 1.885819197990360010e+02 2.061448048666718602e+00
2.520775990243333524e+02 1.882683909274663847e+02 2.985503478970691127e+00
2.520385468494907855e+02 1.881182449175931026e+02 3.392630509989893461e+00
2.521164155426416755e+02 1.888736844534711850e+02 2.742335089015004446e+00
2.520993267997356782e+02 1.888668066838995685e+02 2.974052272020523802e+00
2.521660261019979714e+02 1.889115316217056773e+02 3.298058141568840806e+00
2.520749776490709735e+02 1.892424079724792136e+02 2.966190575682189134e+00
2.520396923346031315e+02 1.886500694822358639e+02 4.665625242944880569e+00
2.520853210273653247e+02 1.893955349160382582e+02 3.427842940993547582e+00
2.521310153152452642e+02 1.890867361812951799e+02 4.532067509523439064e+00
2.520705026043691248e+02 1.891536189069423983e+02 4.370897875689963463e+00
2.520839398857187348e+02 1.894095528356526472e+02 4.225503867682499859e+00
2.520530482294176977e+02 1.896950422238202520e+02 4.429861812951877198e+00
2.520607325759931712e+02 1.901390434288268807e+02 4.292781378760786914e+00
2.520327744791261750e+02 1.897455237405737307e+02 3.394010436912073381e+00
2.520582521087615646e+02 1.883035535547695076e+02 3.085347751302184527e+00
2.521358985073466670e+02 1.881358353416776765e+02 2.644039590297753151e+00
2.520981922471429755e+02 1.879219697485034715e+02 2.778282428282671024e+00
2.520692040639819709e+02 1.884182065323019515e+02 3.160437155018269273e+00
2.520853611132706078e+02 1.880141734043380097e+02 3.413459389333747929e+00
2.521281619276218748e+02 1.888387878508123947e+02 2.927501603436212463e+00
2.521610190080074574e+02 1.881867517297675363e+02 4.647092192723315307e+00
2.520882327217600789e+02 1.886925143823369240e+02 3.482214005286480507e+00
2.520490493566819623e+02 1.887359322766850767e+02 3.199130986161859536e+00
2.520397688622405212e+02 1.888141823932986085e+02 2.106797354816139389e+00
2.520696583709087975e+02 1.884110870325740450e+02 3.139785625437300887e+00
2.521518089675814451e+02 1.880458461284303837e+02 4.279840919692140311e+00
2.520876885252274064e+02 1.890312086993702962e+02 3.806655960895592106e+00
2.520596332504081545e+02 1.894974891646583330e+02 2.513335244499728116e+00
2.520558141568840824e+02 1.896776801679235120e+02 3.353742322941771103e+00
2.520773937359091974e+02 1.889955650412034629e+02 4.779754674259503844e+00
2.520102814273497529e+02 1.896441610627380783e+02 3.030517521184793672e+00
2.520726514518385954e+02 1.898418635330016286e+02 4.652254771437456249e+00
2.520260351881365182e+02 1.901866946377205920e+02 4.160859879110627269e+00
2.520425129246676477e+02 1.898985583650781450e+02 4.635953169944802887e+00
2.520299563185104432e+02 1.896975445560911169e+02 4.440558676047578146e+00
2.521064049988338525e+02 1.880576058753789823e+02 3.507066051854155209e+00
2.521707805333126089e+02 1.882905377827878510e+02 2.995450857109538845e+00
2.520458121161470899e+02 1.880425226424628704e+02 2.877140344398662730e+00
2.521444027928943399e+02 1.879668513857575931e+02 3.724681499261447648e+00
2.521008026898857111e+02 1.886733375281816052e+02 2.510597255694627883e+00
2.520771896622094346e+02 1.883502973645339296e+02 3.149754868615408654e+00
2.521021814020834881e+02 1.889386357673171233e+02 2.891945405426416649e+00
2.520986757074554987e+02 1.887270307762574930e+02 3.942528959029775404e+00
2.520197502040736879e+02 1.894287977143745536e+02 2.510832912228873504e+00
2.520674973761952913e+02 1.884141432791728334e+02 3.657000699681256517e+00
2.520428919186814767e+02 1.890317018774780422e+02 3.113433394231516882e+00
2.520847318860296866e+02 1.889187713791494900e+02 3.088725899867838187e+00
2.520507524002954085e+02 1.887354512458213378e+02 3.746564759387390087e+00
2.520548083650781450e+02 1.892911244946746478e+02 3.024034537044235194e+00
2.520775613678768536e+02 1.892696748911606903e+02 3.569813855632434141e+00
2.520473961167690220e+02 1.895843771865039287e+02 3.938595681411801497e+00
2.520459846070123717e+02 1.897191751535411584e+02 3.339157127031019190e+00
2.520596745510378582e+02 1.893670629907486500e+02 5.629315915805022108e+00
2.520581209185260150e+02 1.895384253770504586e+02 4.732189710798413884e+00
2.520529449778434241e+02 1.899979155329238836e+02 3.610948068102308728e+00
2.520408013779833709e+02 1.883276512574826995e+02 4.336506598382959154e+00
2.521210958757677076e+02 1.882524221604602417e+02 2.487396019591075369e+00
2.520567810775091289e+02 1.882698109402938655e+02 2.948477464432869510e+00
2.521112796878644247e+02 1.880274248328539102e+02 3.432365359947135097e+00
2.521030620772758937e+02 1.883466531913239521e+02 2.690496725103008746e+00
2.520511034556479899e+02 1.881249392637798223e+02 3.355339685532146454e+00
2.521314234626447899e+02 1.885355756336002457e+02 2.871504023167223973e+00
2.521014659294099260e+02 1.884506141646583330e+02 4.008437475705512121e+00
2.521308331065847881e+02 1.883054084389333696e+02 3.311716502759853853e+00
2.520491428904610132e+02 1.884619524022389783e+02 2.885616691285081359e+00
2.521062762380471156e+02 1.886420644484179547e+02 3.532721031252429533e+00
2.521030074146777622e+02 1.884919937514576702e+02 4.108456668351084140e+00
2.520766867663064659e+02 1.891747684735287294e+02 2.956755811241545739e+00
2.520572985501049459e+02 1.885783691596050744e+02 3.639525674414988643e+00
2.520640256938505672e+02 1.892504445891316038e+02 3.263601269144056793e+00
2.520342576576226463e+02 1.896526787102542073e+02 2.379434958796548205e+00
2.520564616049910569e+02 1.894053110180362296e+02 3.293297636632201097e+00
2.520751331337945942e+02 1.893808646894192691e+02 3.596744295654202173e+00
2.520645953995957314e+02 1.899088021359713991e+02 3.788111978154396375e+00
2.520691615486278465e+02 1.898246569618285093e+02 3.585795984607012432e+00
2.520405960895591875e+02 1.896217518269455127e+02 4.023145358780999992e+00
2.521251214724403269e+02 1.880923518522117774e+02 3.841756637254139850e+00
