2.536857388023856288e+02 2.217569672377216534e+02 1.083170355841972565e+02
2.531524499159428387e+02 1.644024849397590344e+02 3.113981382339991200e+01
2.530186189108593737e+02 1.670879898330865103e+02 3.241498468958891976e+01
2.531690299403594508e+02 1.677841594784453321e+02 3.257991809430412644e+01
2.530240988872433263e+02 1.681049713805387569e+02 3.484574760837369212e+01
2.528343048272825513e+02 1.730578943681703663e+02 3.564547392226714351e+01
2.522918009246287454e+02 1.694448675099067430e+02 3.366786164591922415e+01
2.522954709202257675e+02 1.688194797462274437e+02 3.499240733698915307e+01
2.522177005363647311e+02 1.697596390545571126e+02 3.385020063643277410e+01
2.520819882520113708e+02 1.701193023756154048e+02 3.478574055357643147e+01
2.519831823139735150e+02 1.704646697254132732e+02 3.493895223752151225e+01
2.520201499519673405e+02 1.698556518432534119e+02 3.657721500620422006e+01
2.520394968578633552e+02 1.707153464355761798e+02 3.580809700596405776e+01
2.519874302025377233e+02 1.708554479546091329e+02 3.535513774366569351e+01
2.519790094764439914e+02 1.715474084877716905e+02 3.669335523155746159e+01
2.520420560981467304e+02 1.716064273706120105e+02 3.678338270023616019e+01
2.520318028759556626e+02 1.716956567966217051e+02 3.407788921466597287e+01
2.519798938278028970e+02 1.721464583416723428e+02 3.417098251811231790e+01
2.520281428871632841e+02 1.721067363307048765e+02 3.561251776207821251e+01
2.519934930752911839e+02 1.719721473101709250e+02 3.628326386943121662e+01
2.519994521274466592e+02 1.727639232177880899e+02 3.400580269583316806e+01
2.519683184565504632e+02 1.719541300584397447e+02 3.688456025097065805e+01
2.519805167513909510e+02 1.726756694552295528e+02 3.647369211063523409e+01
2.520029082275947587e+02 1.729257957911379719e+02 3.652606147180082274e+01
2.519946188408117393e+02 1.732267491894488387e+02 3.523978305247568699e+01
2.520319279610134799e+02 1.729575849077372709e+02 3.480014534883721211e+01
2.520392629488051739e+02 1.731149269002922040e+02 3.570263904455029547e+01
2.519985490133290682e+02 1.730316164992194672e+02 3.584776648120722342e+01
2.519618453048072695e+02 1.708583849517671922e+02 3.468389379778249548e+01
2.519969616839450737e+02 1.691347979125805523e+02 3.155816330104471135e+01
2.519673915762718650e+02 1.680375880598807328e+02 3.420461163591242126e+01
2.520259826682143967e+02 1.696750552875955691e+02 3.263547087019173176e+01
2.519960122883560700e+02 1.698860174918944779e+02 3.302137453468358785e+01
2.520029294920545908e+02 1.701075956650522301e+02 3.257705489733018567e+01
2.519851461493815918e+02 1.707924013329063655e+02 3.249338550214145727e+01
2.519753732538125917e+02 1.702332335988472209e+02 3.379409748629067423e+01
2.520261790517552072e+02 1.706408682904375098e+02 3.389132109834687867e+01
2.520389752531721683e+02 1.702357940899811979e+02 3.268071913901452774e+01
2.520319066965536479e+02 1.699946463595244666e+02 3.434472691430172375e+01
2.519914679482047859e+02 1.706739833086498948e+02 3.342683024456630392e+01
2.520657684725613308e+02 1.709618578133130598e+02 3.332441435175919509e+01
2.519952417643997933e+02 1.708362774186446700e+02 3.556649396589681089e+01
2.519980399171436716e+02 1.717725115578593318e+02 3.427880083456750526e+01
2.519308592342792963e+02 1.709795773626065625e+02 3.677230141496217186e+01
2.520207003262218279e+02 1.712546231437377457e+02 3.600595655045430732e+01
2.519937157266941483e+02 1.724159203258215598e+02 3.554898581035104144e+01
2.519968090801745291e+02 1.726459004623143869e+02 3.455776302885962536e+01
2.520525232157867208e+02 1.727342918184365317e+02 3.483602599767841923e+01
2.520031158687907862e+02 1.724728002541728245e+02 3.524083751951327059e+01
2.520442538426129886e+02 1.731557208902053446e+02 3.486165092262738341e+01
2.520198685105872016e+02 1.724149871912900664e+02 3.485918424528679793e+01
2.520434870712084319e+02 1.720282442060601227e+02 3.610210192931193518e+01
2.520142797102029419e+02 1.727913155946043275e+02 3.563729836288676012e+01
2.519731054617139705e+02 1.725752849437617442e+02 3.611730851979346113e+01
2.520245354340951849e+02 1.731882192390825708e+02 3.347287530520753762e+01
2.520199423107713130e+02 1.739970204739222766e+02 3.513485169915542627e+01
2.519974957971420508e+02 1.727184335348036655e+02 3.572167824120401747e+01
2.520332038286034617e+02 1.713523608553816473e+02 3.292065229355961975e+01
2.519466011888083870e+02 1.689961010987471468e+02 3.210249844894528337e+01
2.519493893347476217e+02 1.692126558559820637e+02 3.332123719129008066e+01
2.519483561321698630e+02 1.695519790957851285e+02 3.361356097146059341e+01
2.520122658407717324e+02 1.692626923808189474e+02 3.327068781771604478e+01
2.519942836128567478e+02 1.702313260517151718e+02 3.370005979065764734e+01
2.520728683004442985e+02 1.705131089140615757e+02 3.411389244686386490e+01
2.519458506784613405e+02 1.712151613096905862e+02 3.259245286795020746e+01
2.520536902593763671e+02 1.710837694632350008e+02 3.200256674538686497e+01
2.520486093043269307e+02 1.708498166253052091e+02 3.295573114718008156e+01
2.520504543089300853e+02 1.706215526558059423e+02 3.351571068326462211e+01
2.519930515250370320e+02 1.705193581635512032e+02 3.343517842132650486e+01
2.520294938057879222e+02 1.711455339630948913e+02 3.440767221710763124e+01
2.520131501921306381e+02 1.711617199695793090e+02 3.375096065324420636e+01
2.520165174818876892e+02 1.722381644518272310e+02 3.214454078773565726e+01
2.520585448104711190e+02 1.723622150562382558e+02 3.307095199735820046e+01
2.519577149961974101e+02 1.718836884081175072e+02 3.389583416723371556e+01
2.520018712724652801e+02 1.729166433174558790e+02 3.385962704639154452e+01
2.520343020754112899e+02 1.721942971220429968e+02 3.439563653284233169e+01
2.520393492574951040e+02 1.727781829143817731e+02 3.436077407637193204e+01
2.520032634691590374e+02 1.722867437357403162e+02 3.597798878237201592e+01
2.520289934655565673e+02 1.718297529820277703e+02 3.518896224432614162e+01
2.519854663671296464e+02 1.729937945302805815e+02 3.499802740863787420e+01
2.519903584437417408e+02 1.735560806348316873e+02 3.553465856782612065e+01
2.519669312632590277e+02 1.738811104050754466e+02 3.549524051354921284e+01
2.519408998118720717e+02 1.735514562402433683e+02 3.533545435896409259e+01
2.519975395769122883e+02 1.729691202517712156e+02 3.403321883881039156e+01
2.519438630768922849e+02 1.700642299263499240e+02 3.213507810311011781e+01
2.519854751230836882e+02 1.692882147360205067e+02 3.227740238362085989e+01
2.520388676800224061e+02 1.705402286054517162e+02 3.118339095584997622e+01
2.519870099167433750e+02 1.704262135752311451e+02 3.309942635992474891e+01
2.519351784213264978e+02 1.711558259616539317e+02 3.316401653124124493e+01
2.520122533322659422e+02 1.709681195713084776e+02 3.432922262138254155e+01
2.519569945062642660e+02 1.717056986250650539e+02 3.063188092903174109e+01
2.519947001460993476e+02 1.727076974842893264e+02 3.307909253292238816e+01
2.519753995216747455e+02 1.713673085197934540e+02 3.374562327382620452e+01
2.519227086919104863e+02 1.715431706060120973e+02 3.299563578233198768e+01
2.520360370051635073e+02 1.715392316775407267e+02 3.408444992594964873e+01
2.519831948224792768e+02 1.721954116299083353e+02 3.339344879518072418e+01
2.520149138914461844e+02 1.718744033442740999e+02 3.515014084577512676e+01
2.520148613557219051e+02 1.723338069887523432e+02 3.494373674098386573e+01
2.520374141916503277e+02 1.740352802405635941e+02 3.284707726253852655e+01
2.519615213345074665e+02 1.725469093983909090e+02 3.603636222631389074e+01
2.520023240803746489e+02 1.734707038286034617e+02 3.238926845254773212e+01
2.519755671356522555e+02 1.732630851479005685e+02 3.598428806588480455e+01
2.520209467437857711e+02 1.738714851098747260e+02 3.453965946843853629e+01
2.520430680362646569e+02 1.728031036104551106e+02 3.668615408477764817e+01
2.519544027438658418e+02 1.732834014629948456e+02 3.432390650642437180e+01
2.520386250150102114e+02 1.740327510206940644e+02 3.330615193331465207e+01
2.520391053416323075e+02 1.736344826982347911e+02 3.583894673377896822e+01
2.520781806628507411e+02 1.737449978485369968e+02 3.600294325141096152e+01
2.519984739622943550e+02 1.736224057359004007e+02 3.305100968658688032e+01
2.519619678881639402e+02 1.713081132670215823e+02 3.184586894087979658e+01
2.520421286474802969e+02 1.687470805147500243e+02 3.329398741143977958e+01
2.520151340411479737e+02 1.695815967357803231e+02 3.011899716807429073e+01
2.519988191970539901e+02 1.692606234739622835e+02 3.081740958852019219e+01
2.520155142997238045e+02 1.699224084877716905e+02 2.881687922787495637e+01
2.519631011587879641e+02 1.684711403754553203e+02 3.291982297962614723e+01
2.520242439859104309e+02 1.692302265540567703e+02 3.303606702557739538e+01
2.520251833746947909e+02 1.701764462334387247e+02 3.038959117199695825e+01
2.519670188227995027e+02 1.698776342913180883e+02 3.274131409358363953e+01
2.520376693651683127e+02 1.699270578993715617e+02 3.233249359564504033e+01
2.519821128367289873e+02 1.699247813513188987e+02 3.101103000040027169e+01
2.519337599567706150e+02 1.705957563643277410e+02 3.200554502061401507e+01
2.520673307849337448e+02 1.704118588139935184e+02 3.191802550734499633e+01
2.520204764239682902e+02 1.707716672337189152e+02 3.183018702717848214e+01
2.519939108593843855e+02 1.712514334747628482e+02 3.305213795380858954e+01
2.519723774666773295e+02 1.720027931493415565e+02 3.170349712804707210e+01
2.520082205900012013e+02 1.721120386863066756e+02 3.253674748829203622e+01
2.520077189989192732e+02 1.723563273025657452e+02 3.230076702157467139e+01
2.520493648180762989e+02 1.725508795981267269e+02 3.316895739102589857e+01
2.519780901012688616e+02 1.729365656146179333e+02 3.149303401312892703e+01
2.520191780410679314e+02 1.730857433054476928e+02 3.302410639234679479e+01
2.519787793199375585e+02 1.722376478505383659e+02 3.459424533682904723e+01
2.520580945042628969e+02 1.732950819056958665e+02 3.343053401312892703e+01
2.520397582856342353e+02 1.727868337969819379e+02 3.309125330224552641e+01
2.520645976764199645e+02 1.728331190209342481e+02 3.528410569187047230e+01
2.520169152523716036e+02 1.735049496157386955e+02 3.352204373974302598e+01
2.519954556598486874e+02 1.736486748488972580e+02 3.352942375815554499e+01
2.520424163431133309e+02 1.727499174438618184e+02 3.381594984589521147e+01
2.520188528199175551e+02 1.696453150642436754e+02 3.154928476363927459e+01
2.519792146159388437e+02 1.686711751491014013e+02 3.115692796101349060e+01
2.519874339550894717e+02 1.693501493515590539e+02 3.297492419845494993e+01
2.520466504723211756e+02 1.702026928311251766e+02 2.921623704118800902e+01
2.520470595004603069e+02 1.688697089020533895e+02 3.266498719129008066e+01
2.519978748048673083e+02 1.691035341532241887e+02 3.211309065164311960e+01
2.520050209142216602e+02 1.702078663491174098e+02 3.168797031981747736e+01
2.519723036664932181e+02 1.702353300244166121e+02 3.183484019133010534e+01
2.520145761617900177e+02 1.700883338169955437e+02 3.246708386702957938e+01
2.519593711223631942e+02 1.700155818456550492e+02 3.113818521594684441e+01
2.520486680943041335e+02 1.708162375415282384e+02 3.046149381579473925e+01
2.520101106252251668e+02 1.702540602609774680e+02 3.123524496657727312e+01
2.519972068506584435e+02 1.713025820057639237e+02 3.181554832285954504e+01
2.519829871812832778e+02 1.713741631809630519e+02 3.137938172957611016e+01
2.520021777308569710e+02 1.719324790857783398e+02 3.346969939558900364e+01
2.520723216787415311e+02 1.719618503082095913e+02 3.274037220309810436e+01
2.520513023856222219e+02 1.721047074510667301e+02 3.380641711363727353e+01
2.520334264800063977e+02 1.721451699655765992e+02 3.285719664371772808e+01
2.520419873013649408e+02 1.721702607773285933e+02 3.247996387543529551e+01
2.520194056958731892e+02 1.722061751991354015e+02 3.190257625185125789e+01
2.520157394528279156e+02 1.721987901773205749e+02 3.413885442100628609e+01
2.520276412960813275e+02 1.724430475223151689e+02 3.328644603330264573e+01
2.519918006744586307e+02 1.729232077812912678e+02 3.363065884801665106e+01
2.520072949605731765e+02 1.729124154425009010e+02 3.285461613897449951e+01
2.519812585057839271e+02 1.734813998518992832e+02 3.321504873313853068e+01
2.519739948164751979e+02 1.727429939859104309e+02 3.551161915102269262e+01
2.519459169735420119e+02 1.731545000600408173e+02 3.341010387063202813e+01
2.520037025177120427e+02 1.720884101188808302e+02 3.189534383380699012e+01
2.520612428951687036e+02 1.692182196393547713e+02 2.899400217147660541e+01
2.520575466317095561e+02 1.690151778209182112e+02 2.884899231477404768e+01
2.520221800824560603e+02 1.688295903714525821e+02 3.053962569547292105e+01
2.519798150242164638e+02 1.690048720630028356e+02 3.189093958892046743e+01
2.519883020453908671e+02 1.691732077812912678e+02 3.196640215346435454e+01
2.520108811491814436e+02 1.692005176019693522e+02 3.132388899451627040e+01
2.520247831025097014e+02 1.703383725933634878e+02 3.130123483969099141e+01
2.519988429632149973e+02 1.702293084297322139e+02 3.121252952007365167e+01
2.520775227154464915e+02 1.706949750830564767e+02 3.069176289877116304e+01
2.519784340851779234e+02 1.698031486410759214e+02 3.260584697594364201e+01
2.520503892646999873e+02 1.704928451346915779e+02 3.191884231277268569e+01
2.520670243265420538e+02 1.706179927350598291e+02 3.104904334947764610e+01
2.520568899351559082e+02 1.714722436256654419e+02 3.211041508225593333e+01
2.520415582596165507e+02 1.721865443501581012e+02 3.013461653924668937e+01
2.520263416623303954e+02 1.724036269663371002e+02 3.300676710162910865e+01
2.519563615758715969e+02 1.722858356182204034e+02 3.271694627346595752e+01
2.520274248989312866e+02 1.715044342653004037e+02 3.348221915902814061e+01
2.520165149801865141e+02 1.726266673838210011e+02 3.172161194612336388e+01
2.520881336809030131e+02 1.724090794240083255e+02 3.295292674018332235e+01
2.520298865728695432e+02 1.729418992414842080e+02 3.220529585117880345e+01
2.519961448785173843e+02 1.722646399551695140e+02 3.345374854901332640e+01
2.519982563142937124e+02 1.727279137313373099e+02 3.354143692711043201e+01
2.519806968738742228e+02 1.732766518732738348e+02 3.369264224672777175e+01
2.520147675419285065e+02 1.734932929391986534e+02 3.156485410078853704e+01
2.519780538266020926e+02 1.729473041668334474e+02 3.240362196293479258e+01
2.520472871552655931e+02 1.731190509546491683e+02 3.401445733098506707e+01
2.520186739482848282e+02 1.735619133510787435e+02 3.192368435536164739e+01
2.519545941240043305e+02 1.717851238842412727e+02 3.260289747027979246e+01
2.520307671716767288e+02 1.694855376656126111e+02 3.065953598446943928e+01
2.519644208061481834e+02 1.689773746147380109e+02 2.940770974262498427e+01
2.520056688548212662e+02 1.696077257535123977e+02 3.112172527318576698e+01
2.520496099847896687e+02 1.705004615638634391e+02 2.935017937197294202e+01
2.520191430172517357e+02 1.707011380238562310e+02 3.158331540447504437e+01
2.520350375755513710e+02 1.707907914882119940e+02 3.092219834487451635e+01
2.520491759396389568e+02 1.703674398591041950e+02 3.332487591562261997e+01
2.519883770964255802e+02 1.713268997918584660e+02 3.150474322539326621e+01
2.520335378057078799e+02 1.700592602970019698e+02 3.365660399071368403e+01
2.519627634291317975e+02 1.706248511487811754e+02 3.004566980546771759e+01
2.520193181363327142e+02 1.709946738782371938e+02 3.278854370972261023e+01
2.519660981967737996e+02 1.708817070608013466e+02 3.181229486050514410e+01
2.520572751971340608e+02 1.720950521354521072e+02 3.107744516271064228e+01
2.520025554877316551e+02 1.722951969839490971e+02 3.200740128287235109e+01
2.520077202497698465e+02 1.723685393567625965e+02 3.280706005083456489e+01
2.519976534043149456e+02 1.718761908097506250e+02 3.255820207741263772e+01
2.520521767301765124e+02 1.725750722991634234e+02 3.125931258255613798e+01
2.520192931193211336e+02 1.728383575831565508e+02 3.217519163030861051e+01
2.520662875755513710e+02 1.728002091422167155e+02 3.218778019052955841e+01
2.519403119121002419e+02 1.731254840791738445e+02 3.175277313573229776e+01
2.519986515830764802e+02 1.724526290377456803e+02 3.465819132009766435e+01
2.520402686326702053e+02 1.723357708241604200e+02 3.496153134131208873e+01
2.519793209382380041e+02 1.732210240463515163e+02 3.225611791017892216e+01
2.519976659128207075e+02 1.734460032822319135e+02 3.293346975943642008e+01
2.520190179321938899e+02 1.728634609034143352e+02 3.396446458591842799e+01
2.520141596285474179e+02 1.712026277868950785e+02 3.077975523355882004e+01
2.520284393387503599e+02 1.692870176720169582e+02 3.135454358964095434e+01
2.519837064203658485e+02 1.693521019293119423e+02 2.963463405115478366e+01
2.519912390425489264e+02 1.700754963375095201e+02 3.121226433975103021e+01
2.520342032582155980e+02 1.709673828203178232e+02 3.036154334947764610e+01
2.519698920265780657e+02 1.707899421606692556e+02 2.999921196413561120e+01
2.520161134571508512e+02 1.714376776207821251e+02 3.223791428171156070e+01
2.520516813933474793e+02 1.719050429291918363e+02 3.139992945202737928e+01
2.520086583877036333e+02 1.711931125665452385e+02 3.288376971340511545e+01
2.520313613257014822e+02 1.713122523315854835e+02 2.988428381299283387e+01
2.520005728895648929e+02 1.714059210262978752e+02 3.079453278229195945e+01
2.520493948384901728e+02 1.715998779169835586e+02 3.244625095064643716e+01
2.520362033682904439e+02 1.721440692170675959e+02 3.186926735179922332e+01
2.520175069046951819e+02 1.717076299383580817e+02 3.399758961093543519e+01
2.519733193571628647e+02 1.728417123644077833e+02 3.102692330784933716e+01
2.520593753752551720e+02 1.726991516731377203e+02 3.239377651803226144e+01
2.520116891986550911e+02 1.729558912560541160e+02 3.341577147460272812e+01
2.520299478645478928e+02 1.728192320778128988e+02 3.327028879638154280e+01
2.520317615978865717e+02 1.736697454268902732e+02 3.274369070968258200e+01
2.520060190929832231e+02 1.731549316034903825e+02 3.206012963815394556e+01
2.520510372052995933e+02 1.733397310170916228e+02 3.136982648200776680e+01
2.520224952968018215e+02 1.733044069967577911e+02 3.460037575551375255e+01
2.520114652964015534e+02 1.742604045751110675e+02 3.261440529560100998e+01
2.520482277949005265e+02 1.741339560901412824e+02 3.232535874394588404e+01
2.519564028539406877e+02 1.723253662490493525e+02 3.222667163671296464e+01
2.520262390925829550e+02 1.697992872653404390e+02 3.121564789056558453e+01
2.520436434275307249e+02 1.697783017451867238e+02 3.068388003842612832e+01
2.520211281171196447e+02 1.697972383720930338e+02 2.940309785654244834e+01
2.519949603230196544e+02 1.705587149261497757e+02 3.061264910138894280e+01
2.520021001781211112e+02 1.701018917864147681e+02 3.187461723972301186e+01
2.520585460613216924e+02 1.708442140655645858e+02 3.275403774566705550e+01
2.519971493115318424e+02 1.710219486750990541e+02 3.110327147460272812e+01
2.520777866449185467e+02 1.713977066905495690e+02 3.189217542929191751e+01
2.520192480887003228e+02 1.715223226794220182e+02 3.076270113677300699e+01
2.519926987851739284e+02 1.716505411179602163e+02 3.143893472561341795e+01
2.520000675459312447e+02 1.727655430692871050e+02 2.988326812232318019e+01
2.520265855781931634e+02 1.720287608073489878e+02 3.255354265900812294e+01
2.520269971080334699e+02 1.719447774486650928e+02 3.177206500420285806e+01
2.520239000020013691e+02 1.723593856322299303e+02 3.281672912580554424e+01
2.519512943801785241e+02 1.733602312072209202e+02 3.229454153824600837e+01
2.519921071328503501e+02 1.735061541848456841e+02 3.287925789536885191e+01
2.519971743285434229e+02 1.731367192190689650e+02 3.327599392586959226e+01
2.520068484069167027e+02 1.729651275367249639e+02 3.225024641756394317e+01
2.520257825321218377e+02 1.725846700756514451e+02 3.386246397550334564e+01
2.520499677280550657e+02 1.740670305807949489e+02 3.141704609134211168e+01
2.520638409118200514e+02 1.736701732177880899e+02 3.465096015290397702e+01
2.520245792138654224e+02 1.738297492294760502e+02 3.107549383580834856e+01
2.519892714545891295e+02 1.735318904354961376e+02 3.358960217948204985e+01
2.520328673497978684e+02 1.741703258215586629e+02 3.113034363367089696e+01
2.520057101328903570e+02 1.725071498619061003e+02 3.394953068086298487e+01
2.520451306888684258e+02 1.703921779309930855e+02 3.047697059000120134e+01
2.520502516711363796e+02 1.681634511467798063e+02 2.973026908297642379e+01
2.520043679702197608e+02 1.687850438298042661e+02 2.992238722331185130e+01
2.519717070107673180e+02 1.688263719329143839e+02 3.028668494576312042e+01
2.520287157767281769e+02 1.682235007304967382e+02 3.164054932354000726e+01
2.519887561041508093e+02 1.698628642476884352e+02 2.886590631629508152e+01
2.520325183624864849e+02 1.703393057278949811e+02 3.037138754352960035e+01
2.520198034663571320e+02 1.703789251691150071e+02 3.122880058439739059e+01
2.519548080194532247e+02 1.708757867850138155e+02 3.046965561581875548e+01
2.519851524036344586e+02 1.709374762338390212e+02 3.109076296881879742e+01
2.520475685966457320e+02 1.705528697013969577e+02 3.000948269823479819e+01
2.521077507705239498e+02 1.712372525817555982e+02 2.999004698194772445e+01
2.520487431453388183e+02 1.707317625985670304e+02 3.145732347996637657e+01
2.520520566485209883e+02 1.718305472721450542e+02 3.139435316014890276e+01
2.520070322819517230e+02 1.722596840851779234e+02 3.086502321578673502e+01
2.519644370672056937e+02 1.716295093163351169e+02 3.358145163711323988e+01
2.520114090081255256e+02 1.716683006944722365e+02 3.271548027658808167e+01
2.520328961193611690e+02 1.724408497778489391e+02 3.286361725973662118e+01
2.520179772245126628e+02 1.725677648300844567e+02 3.328654359964775722e+01
2.519692766080935087e+02 1.724066490213345162e+02 3.317463375095064748e+01
2.520342170175719616e+02 1.721736856062122172e+02 3.384869211063523409e+01
2.520054874814874211e+02 1.731823702617780043e+02 3.076829118800784357e+01
2.520365498539006524e+02 1.727996074830884936e+02 3.299724687787695387e+01
2.520472846535644180e+02 1.735361195613016889e+02 3.059557999439618925e+01
2.519967903174158437e+02 1.728540232358003550e+02 3.295948995316815200e+01
2.519998911759996929e+02 1.736834259796661684e+02 3.308157672217107859e+01
2.520495224252491653e+02 1.733347738962494589e+02 3.384354736220630144e+01
2.520083806988752428e+02 1.712008065484529595e+02 3.092294760437097167e+01
2.520019388183964963e+02 1.684102452167473984e+02 2.980500615418484500e+01
2.520318404014730049e+02 1.688891758896049282e+02 3.034803541408157557e+01
2.520789136612896755e+02 1.690316164992194672e+02 3.064234429412000082e+01
2.520352627286554821e+02 1.700053048573029741e+02 2.917639619941560269e+01
2.520217785594203974e+02 1.703664179141816533e+02 2.885143272425248995e+01
2.520494698895248860e+02 1.694020121182404068e+02 3.309559875715486754e+01
2.520204326441980527e+02 1.697088207481087068e+02 3.323445567986230742e+01
2.519967515410478995e+02 1.703631181703558468e+02 3.176587954809270187e+01
2.520197834527478733e+02 1.700982317976223896e+02 3.252316074930953249e+01
2.519813835908417730e+02 1.702434593023255900e+02 3.156827767882159819e+01
2.519958496777808818e+02 1.711001768702717811e+02 3.048856597486290809e+01
2.520063930973061588e+02 1.704675466817435847e+02 3.269982713245006778e+01
2.520020876696153493e+02 1.716361600888604357e+02 3.250669705399671727e+01
2.520581057619181138e+02 1.716753905155505606e+02 3.243800159108193526e+01
2.519972406236240658e+02 1.717278999719809462e+02 3.129481797622383255e+01
2.520348336869070920e+02 1.730471170395869080e+02 3.282769533282632324e+01
2.519988692310771228e+02 1.720764094584317263e+02 3.251217577953008231e+01
2.520412993335468173e+02 1.723681590981867657e+02 3.260526032702237842e+01
2.519540825261177588e+02 1.725997740963855449e+02 3.246272340191330130e+01
2.519520186226634166e+02 1.731300384261297722e+02 3.205001400952647828e+01
2.520202462674618857e+02 1.725620734599527566e+02 3.255543894848496933e+01
2.519594999599727885e+02 1.725408577832926369e+02 3.359129958371692481e+01
2.519794034943761858e+02 1.728754503062082222e+02 3.225924878917663818e+01
2.519949102889965218e+02 1.729195202737861621e+02 3.375642436857062734e+01
2.519933892546931986e+02 1.724276182804306927e+02 3.427369110995476831e+01
2.520431906196213561e+02 1.739454153824600837e+02 3.299531681543449224e+01
2.520270208741944487e+02 1.730750110074851023e+02 3.348745146699755537e+01
2.520371415062242306e+02 1.729297259636552724e+02 3.243452672817515747e+01
2.520060566185005939e+02 1.711492715046231297e+02 2.949426610094864643e+01
2.519384631549453673e+02 1.692596015290397418e+02 3.001221330504743179e+01
2.520189341252051349e+02 1.693106474902934053e+02 2.964539011527838852e+01
2.520141321098346907e+02 1.698532952407637140e+02 3.052846685746307642e+01
2.520078941180002516e+02 1.704707013269022866e+02 3.065701802225513362e+01
2.520388213985510220e+02 1.714305652843933956e+02 2.938169455229555993e+01
2.520631479405996060e+02 1.709807143857823348e+02 3.005059190249369649e+01
2.520744581315294397e+02 1.705648816195012500e+02 3.302384121202417333e+01
2.519909375875595288e+02 1.714554209362366350e+02 3.233705044430212894e+01
2.519809620541968513e+02 1.704202595264779916e+02 3.303478740543569359e+01
2.519840141296081413e+02 1.716755143497578331e+02 2.911793269423207775e+01
2.519767154164832164e+02 1.710853017551935409e+02 3.251110630228555465e+01
2.519556573469959631e+02 1.715405500740503442e+02 3.111451537045190818e+01
2.520437922787495495e+02 1.725148338370091778e+02 3.043252536724973112e+01
2.520215446503622445e+02 1.722015170315814885e+02 3.118996917904174992e+01
2.520768022255133474e+02 1.720050671956930728e+02 3.257939774046351289e+01
2.520738752351599032e+02 1.729287290357443112e+02 3.056461643917864279e+01
2.519914254192851217e+02 1.734678143637673600e+02 3.153314628947684284e+01
2.519973969799463589e+02 1.737409225773525918e+02 3.019295245767121472e+01
2.520357630688868369e+02 1.729028076592082641e+02 3.437897645398871305e+01
2.520154542588960567e+02 1.733612043689709026e+02 3.327262413441140154e+01
2.519933542308770029e+02 1.732472931593483452e+02 3.349090381459392063e+01
2.519804141816435106e+02 1.739495019112996772e+02 3.186294555297602216e+01
2.520530773425929567e+02 1.733562422447264169e+02 3.383861776007685052e+01
2.520612078713525079e+02 1.731343788776368058e+02 3.493149091382139915e+01
2.521298745647040107e+02 1.741919742925189212e+02 3.103246332506104110e+01
2.519447274146419602e+02 1.734965489032542223e+02 3.366811056518432821e+01
2.520177570748108735e+02 1.719039822079013788e+02 3.206126165792738902e+01
2.520260214445823124e+02 1.699530017912180142e+02 2.846928036064523937e+01
2.520176845254773355e+02 1.691713715326421834e+02 3.079206360325020952e+01
2.519931841151983463e+02 1.707845635031821701e+02 2.946752041388143795e+01
2.520214921146379652e+02 1.706044235079854161e+02 2.994448224792859037e+01
2.520193869331145038e+02 1.713872695933234525e+02 3.039565279389985264e+01
2.518891433674898792e+02 1.718788088400112031e+02 3.151237966817435776e+01
2.520732548132730244e+02 1.722581517932193833e+02 3.183878912660609117e+01
2.520001588580234682e+02 1.721227209502461619e+02 3.065092763078893512e+01
2.518862676620101695e+02 1.724875740503542545e+02 3.162128997718448531e+01
2.520507232418044339e+02 1.726297069507265007e+02 2.929112171276468146e+01
2.519978698014649865e+02 1.721760609714606005e+02 3.163368465556578357e+01
2.520687029680182434e+02 1.729314759036144551e+02 3.171989452827923017e+01
2.519788005843973906e+02 1.729335235460112870e+02 3.184164106592482923e+01
2.519989818076291783e+02 1.740251295881199098e+02 3.078318756754593011e+01
2.520294387683624961e+02 1.736524561701957339e+02 3.187499249489652797e+01
2.520439648961293813e+02 1.737686902093423669e+02 3.257378767561942112e+01
2.519850648440939835e+02 1.736391496217427743e+02 3.413007845334827550e+01
2.519751693651683127e+02 1.733482980927030326e+02 3.383087124244486432e+01
2.520732498098707026e+02 1.739670475923628032e+02 3.187482237921786776e+01
2.520389902633791053e+02 1.738522245126686130e+02 3.418382750270183834e+01
2.520297077012368447e+02 1.746848231797622475e+02 3.326872022975623366e+01
2.520801945322819506e+02 1.738778531901693043e+02 3.485301630108473603e+01
2.520662963315054128e+02 1.739606845154705184e+02 3.354444147019973599e+01
2.519927325581395223e+02 1.734573947784493555e+02 3.365318041268061933e+01
2.520298665592602845e+02 1.714116999559700503e+02 3.084336348717127763e+01
2.519777673818196320e+02 1.699915492534923658e+02 3.117257485089860936e+01
2.520351839250690489e+02 1.703338320057639237e+02 3.193480566785414254e+01
2.520470882700236075e+02 1.722092410339030550e+02 2.978260091862466652e+01
2.519388721830844986e+02 1.715592890665652703e+02 3.145840296401553005e+01
2.519645396369531340e+02 1.721983723932274017e+02 3.149246487611575773e+01
2.520467442861145457e+02 1.727162120241764285e+02 3.155901763198975374e+01
2.520638796881879671e+02 1.730389790057238883e+02 3.188587489492855198e+01
2.519543201877276601e+02 1.731819925049033202e+02 3.275675834567505973e+01
2.519610172417243632e+02 1.719428774066365122e+02 3.329559725613417243e+01
2.520587261838049926e+02 1.728952112436456900e+02 3.081623003642476988e+01
2.520411167093623703e+02 1.729203345775127048e+02 3.031047487291358067e+01
2.520238362086218729e+02 1.726273666092943131e+02 3.342472381219229050e+01
2.520369801464996158e+02 1.740391191009886711e+02 3.115783482768282298e+01
2.520240163311051447e+02 1.740100093063282998e+02 3.082509106192210879e+01
2.519840979365968963e+02 1.742563005343633620e+02 3.160475248168754803e+01
2.520338680302605781e+02 1.731369781451386984e+02 3.337216807429052068e+01
2.520113201977344488e+02 1.736458541808429743e+02 3.542788095905215329e+01
2.520428954188848536e+02 1.745539129107793315e+02 3.220923603050074036e+01
2.520896734779650217e+02 1.740645126185806362e+02 3.391520859184245040e+01
2.520816630308609945e+02 1.741741234039146491e+02 3.184024386582876431e+01
2.520836656426369871e+02 1.746301247348196739e+02 3.215510922427250762e+01
2.520292123644077833e+02 1.747863497178081218e+02 3.177967517912180284e+01
2.520287783192570998e+02 1.748945095164712029e+02 3.287150387263339013e+01
2.520550424288516069e+02 1.744912015170315840e+02 3.328405315614617876e+01
2.520205314613937446e+02 1.730818494075971614e+02 3.150401147780490874e+01
2.520376718668694593e+02 1.711972703938678251e+02 2.942996112356402350e+01
2.520437372413240951e+02 1.700732810811351783e+02 3.069240708681903840e+01
2.520152478685506026e+02 1.711353382800304246e+02 2.769054832285954504e+01
2.520743893347476217e+02 1.716868007745266880e+02 3.063587614577912888e+01
2.520107648200776396e+02 1.711160551675139061e+02 3.213536830044430559e+01
2.519858628867629875e+02 1.713863727334587566e+02 3.358842512908778133e+01
2.519971743285434229e+02 1.717259248789176524e+02 3.290452632790297116e+01
2.520559855701877154e+02 1.719663145939238689e+02 3.312216557258935978e+01
2.520620284293319457e+02 1.714189323740143323e+02 3.334104190849777893e+01
2.520049821378537445e+02 1.725149489152623801e+02 3.051967963214986312e+01
2.519835325521354434e+02 1.722198394908537864e+02 3.339626946323500079e+01
2.520726456490413341e+02 1.730120857182884322e+02 3.123006394348156789e+01
2.519813835908417730e+02 1.731623203778569291e+02 3.205083957090821656e+01
2.519840166313092880e+02 1.729967565444502213e+02 3.301847881559460518e+01
2.520277713845414951e+02 1.733451997358203585e+02 3.358922317175679240e+01
2.520060115878797546e+02 1.736072591862466368e+02 3.204214240683664627e+01
2.519921696753792446e+02 1.742941200016011010e+02 3.134901983348677135e+01
2.519599327542728986e+02 1.747837379418004105e+02 2.971606442380818791e+01
2.519655127987031165e+02 1.737009879217868047e+02 3.418992790097266266e+01
2.520302830925029127e+02 1.744429336949125400e+02 3.278789576912300419e+01
2.520269883520794281e+02 1.740243177860945423e+02 3.401539922147060224e+01
2.520237111235640270e+02 1.746882830324620670e+02 3.208279880318616506e+01
2.519674478645478928e+02 1.746807891866469333e+02 3.395645914221670836e+01
2.520312912780690908e+02 1.747871677740863845e+02 3.245157206900692159e+01
2.519947852039386760e+02 1.747497035484129242e+02 3.392949080374654613e+01
2.520152503702517777e+02 1.731623854220870271e+02 3.263468908858023809e+01
2.520521066825441210e+02 1.707581993255413693e+02 2.894828858623864321e+01
2.520202837929792281e+02 1.709255443701717070e+02 3.051457240923828351e+01
2.519876928811591767e+02 1.703600823560020956e+02 3.238467157667214025e+01
2.519811046511627808e+02 1.716008886042508834e+02 3.096539897130048402e+01
2.520312212304366994e+02 1.721025359744626257e+02 3.141077057399031247e+01
2.520255448705119363e+02 1.715569900032021735e+02 3.329089655966056682e+01
2.520031834147220025e+02 1.722907502101429031e+02 3.276511778009046338e+01
2.520349575211143645e+02 1.720108173558019473e+02 3.396559910739302524e+01
2.521059770644037883e+02 1.722134376375935574e+02 3.291494716407157028e+01
2.520234271804827415e+02 1.729910351539046474e+02 3.157835703278229289e+01
2.520368638173958402e+02 1.726391008385702150e+02 3.196503247208101683e+01
2.519875878097105897e+02 1.736846217928191152e+02 3.121149006324300501e+01
2.519944049453628452e+02 1.729750592903174038e+02 3.289347381219229050e+01
2.520222438758355565e+02 1.735769961073530112e+02 3.116292704038746209e+01
2.520249019333146521e+02 1.743184940759716710e+02 3.026861766000880749e+01
2.520322756974742902e+02 1.740720827662810848e+02 3.158065859784653640e+01
2.520501878777568834e+02 1.740764669975583274e+02 3.124777848937277369e+01
2.520165975363246957e+02 1.735175919625345102e+02 3.433765960853380506e+01
2.519571596185406008e+02 1.744700896609694496e+02 3.204883570828162931e+01
2.520030733398711220e+02 1.742899596725773392e+02 3.360110625225153314e+01
2.520416720870191796e+02 1.741259881719569194e+02 3.351623103710522855e+01
2.520118067786094684e+02 1.743825513849417632e+02 3.364190024216467378e+01
2.521088902954008688e+02 1.746279532582155980e+02 3.321207796301484905e+01
2.520813440639634848e+02 1.747937347396229484e+02 3.336232638193971667e+01
2.520037738161950074e+02 1.751140287895769063e+02 3.155556403354280803e+01
2.520370214245687066e+02 1.749708139034543422e+02 3.475597281151182472e+01
2.520207115838770449e+02 1.742148861225633425e+02 3.379971130368650734e+01
2.519974845394868623e+02 1.721394986090541579e+02 3.057674343553616580e+01
2.520159746127366702e+02 1.709504975883600935e+02 2.982602294560301104e+01
2.520679862306368193e+02 1.715826487011167671e+02 2.939357262938798243e+01
2.519694041948525012e+02 1.721188933474762734e+02 2.930770924228475494e+01
2.520739452827922946e+02 1.718319144518272310e+02 3.154104916343113274e+01
2.519566029900332182e+02 1.722258460753312193e+02 2.981282772285154081e+01
2.520067170676059618e+02 1.722292671516631231e+02 3.246314118600648158e+01
2.520048983308649895e+02 1.737154052255533827e+02 3.014629823279830134e+01
2.520619583816995544e+02 1.730277826421966836e+02 3.269648485970459717e+01
2.520401210323019541e+02 1.731265410479125819e+02 3.278152143457550949e+01
2.520744318636672858e+02 1.733750537865748811e+02 3.136135447104030760e+01
2.520536127066405072e+02 1.727913918964896141e+02 3.278933549813873327e+01
2.519864607933394609e+02 1.736328378297242239e+02 3.177398881239242812e+01
2.519845582496097336e+02 1.737585320517952141e+02 3.237250205139494597e+01
2.520790124784853674e+02 1.738696888884441307e+02 3.383739692991233738e+01
2.519745039126606230e+02 1.742589573409918842e+02 3.384926875275186831e+01
2.520332050794540351e+02 1.736283222591362119e+02 3.440863537205299849e+01
2.520139482347996704e+02 1.739451326902293431e+02 3.420810651242845069e+01
2.520472133550814533e+02 1.742309057659208236e+02 3.326062097226113679e+01
2.520562082215906798e+02 1.744463109914742063e+02 3.425869591322098984e+01
2.520570963255013339e+02 1.749501023195773257e+02 3.232271319497257878e+01
2.519998836708961960e+02 1.736533868030260521e+02 3.483720429892326820e+01
2.520138706820638106e+02 1.751522072509306440e+02 3.185538791378137091e+01
2.519826131769603421e+02 1.746309803166153074e+02 3.359525102069407154e+01
2.520542131149181557e+02 1.745386975643437495e+02 3.408439864107592854e+01
2.520319629848296756e+02 1.750351651623103635e+02 3.537506879678181093e+01
2.520002689328743486e+02 1.752909315834767767e+02 3.411080409678581304e+01
2.520180260076852221e+02 1.745012158267622056e+02 3.162666112956810593e+01
2.520138569227074470e+02 1.722299326041708412e+02 3.152884836688948411e+01
2.520087659608533670e+02 1.707386260156906701e+02 3.063473787175279028e+01
2.520111288175959601e+02 1.714409085678261135e+02 3.080223426930312769e+01
2.520152266040907705e+02 1.717011455289596995e+02 3.112492870151703173e+01
2.520360970459912835e+02 1.724746752791898530e+02 3.168640425489332912e+01
2.520867527418644727e+02 1.728975240663651221e+02 3.097136677940999760e+01
2.520459662570548005e+02 1.738381649521674603e+02 2.916973291838450066e+01
2.520579656666533310e+02 1.738799383580835070e+02 3.149933704919344990e+01
2.520461413761357790e+02 1.739456042608973974e+02 3.006633135532161916e+01
2.519861806028099238e+02 1.731273666092943131e+02 3.200613166953528577e+01
2.519929339450826546e+02 1.733171093843813821e+02 3.340999504663170683e+01
2.520162698134731727e+02 1.730467580454709093e+02 3.374907311972140889e+01
2.520530898510987470e+02 1.732857593163351169e+02 3.207211904094784671e+01
2.519864783052475730e+02 1.742364382780290555e+02 3.154656416363127036e+01
2.520313563222991604e+02 1.735091362126245826e+02 3.169135762318376592e+01
2.520574590721690811e+02 1.736822564343753754e+02 3.291524486650922654e+01
2.520766158487771804e+02 1.739334084677580847e+02 3.360345159708602125e+01
2.519928876636112420e+02 1.742446638714325786e+02 3.349522675419284923e+01
2.520080529760236914e+02 1.742670803646479669e+02 3.416331980746907959e+01
2.520517739562902761e+02 1.748910334027138447e+02 3.264905385662250126e+01
2.520600345735099950e+02 1.745821045811151464e+02 3.339168009246287738e+01
2.520169702897970581e+02 1.744459107192891167e+02 3.627447164071568864e+01
2.520708869531281380e+02 1.752545643537605713e+02 3.320540592602969809e+01
2.520302192991234165e+02 1.748493037765680640e+02 3.353384176239843129e+01
2.519774934455429616e+02 1.744558937577552626e+02 3.480297977624784522e+01
2.520650317215706764e+02 1.754877591762398481e+02 3.308704669175038759e+01
2.519638891946523529e+02 1.743486383240603743e+02 3.272964741023896096e+01
2.519950328723531925e+02 1.720748921766801516e+02 3.102621407557138866e+01
2.520038288536204618e+02 1.716901030200536411e+02 3.103141761397750642e+01
2.521078295741103830e+02 1.720380646339510804e+02 3.058038841412160380e+01
2.520518164852099403e+02 1.729902120942240629e+02 3.228335893407517432e+01
2.520363384601529049e+02 1.726566465196333411e+02 3.509349857903374215e+01
2.520667566445182786e+02 1.730138581735580203e+02 3.519172412240323666e+01
2.519977559740623576e+02 1.743744633851018762e+02 3.357060926429972625e+01
2.520229443521594703e+02 1.740982530620822217e+02 3.412577427650802520e+01
2.519412650602409656e+02 1.738047659908737899e+02 3.543696588680302284e+01
2.520285293999919816e+02 1.736314093583636975e+02 3.382113086899091314e+01
2.520588250010006846e+02 1.740681588480166511e+02 3.394873513989512759e+01
2.519454991894488387e+02 1.740590176319897466e+02 3.336997908577833272e+01
2.521023646079333957e+02 1.745799306028099238e+02 3.322438132930392385e+01
2.519876378437337507e+02 1.745739728015050218e+02 3.305888003842613188e+01
2.520736863567225612e+02 1.750110550174118487e+02 3.344418204378978032e+01
2.520475773525997738e+02 1.745574640755713745e+02 3.472814764039546986e+01
2.520151265360445052e+02 1.748022555337629456e+02 3.247552835928431136e+01
2.520276475503342226e+02 1.750676134771644854e+02 3.481132420045631193e+01
2.520858208581835527e+02 1.751236503322259068e+02 3.483861650922627717e+01
2.520384786654925335e+02 1.753906406356322236e+02 3.394449725813553442e+01
2.521446283472761536e+02 1.759308279630148490e+02 3.333644878517392129e+01
2.520076176800224061e+02 1.756762873754152849e+02 3.418630168514589940e+01
2.520776215326421834e+02 1.754024649261497757e+02 3.427680197534323270e+01
2.520144710903414307e+02 1.756128079594124074e+02 3.426083862026177940e+01
2.519412237821718747e+02 1.738486220630028356e+02 3.196190159308329726e+01
2.520728495376856131e+02 1.720448354881319233e+02 2.913403864627947115e+01
2.520133740943841758e+02 1.719473754653164121e+02 2.975669580314614038e+01
2.519751568566625224e+02 1.724760699775847570e+02 3.082203023055677704e+01
2.519742149661769872e+02 1.727288981507425092e+02 3.100824310531161032e+01
2.519941522735460069e+02 1.724377952007365025e+02 3.484511717968218392e+01
2.519515970860184950e+02 1.737563017852139353e+02 3.073953288236000603e+01
2.520144448224792768e+02 1.737808559820678056e+02 3.288934225273185774e+01
2.519662970820157568e+02 1.732606947724452766e+02 3.293702467678021151e+01
2.519499034343353401e+02 1.733484456930712838e+02 3.243198249809870504e+01
2.520577767882159890e+02 1.742408988111916130e+02 3.144802465676660219e+01
2.520117792598967412e+02 1.745553263719329209e+02 3.141490838770363681e+01
2.519686987151262940e+02 1.743487521514630032e+02 3.097500300204138668e+01
2.520590138794380266e+02 1.739901695653043987e+02 3.372003587439458983e+01
2.520134804166833362e+02 1.741491801925309346e+02 3.482276072729455763e+01
2.520405763419124980e+02 1.747685238462154302e+02 3.236037380418684961e+01
2.520280578293239273e+02 1.736662968318456421e+02 3.345948369891526397e+01
2.520023866229035718e+02 1.744451176800224061e+02 3.305649341552255294e+01
2.520585348036665039e+02 1.750011883080494783e+02 3.458523295841172285e+01
2.521286925109074275e+02 1.749662583056478411e+02 3.175728620461914176e+01
2.519898906256254350e+02 1.739544552795901211e+02 3.401147905575791697e+01
2.520490496037305377e+02 1.751178851619100953e+02 3.265443751751190860e+01
2.519699295520954365e+02 1.752118765760717167e+02 3.301122263138934443e+01
2.520608813993515582e+02 1.748982558139534831e+02 3.436939618940879626e+01
2.520168226894288068e+02 1.745727945002601871e+02 3.349261247648401252e+01
2.520046043809790604e+02 1.734608708922067137e+02 2.942745566985550099e+01
2.520582758775967704e+02 1.708237589060561277e+02 3.212300489332746167e+01
2.520963842913180883e+02 1.711634699095384917e+02 2.973256939719009040e+01
2.519932791798422898e+02 1.708961706460393088e+02 3.191866844454228769e+01
2.520283079994396189e+02 1.713077192490893879e+02 3.299690289396789922e+01
2.519889912640595639e+02 1.713560145899211591e+02 3.411818286434775871e+01
2.520418359484449411e+02 1.716091404655165604e+02 3.279352334587519380e+01
2.520439461333706959e+02 1.732411739983188568e+02 3.182035784333346840e+01
2.520339618440539482e+02 1.725916135472120914e+02 3.314649586718969232e+01
2.520534813673297947e+02 1.729883470760116779e+02 3.223823700116079038e+01
2.520600633430732955e+02 1.726828943681703663e+02 3.288827902974022521e+01
2.520310260977464623e+02 1.735546496617700143e+02 3.103604200856582551e+01
2.520477950006004164e+02 1.746596185406076245e+02 3.093092552935996409e+01
2.520054011727974910e+02 1.735759841692350847e+02 3.265818006244246163e+01
2.520013871932914356e+02 1.737852114437817761e+02 3.188097906576471985e+01
2.520388926970339867e+02 1.735907467077612694e+02 3.438610254973382041e+01
2.520582796301484905e+02 1.747456457891366028e+02 3.052379242885161759e+01
2.520681651022695462e+02 1.741965936837049185e+02 3.346437827722851210e+01
2.520289759536484837e+02 1.744512018172357273e+02 3.407605671856862983e+01
2.520682576652123430e+02 1.745548735640235236e+02 3.128058955089460724e+01
2.520152866449185467e+02 1.748986248148741254e+02 3.242875030020413618e+01
2.520285656746587790e+02 1.743300706980746781e+02 3.407009641556258117e+01
2.520187227314573875e+02 1.754068666693351588e+02 3.211493065284393111e+01
2.519964000520353977e+02 1.748783685406076245e+02 3.314355386662931124e+01
2.520690944842492911e+02 1.756885281991754368e+02 3.204107543129327951e+01
2.519885059340351461e+02 1.740020238762358531e+02 3.149591722371212299e+01
2.520090061241644435e+02 1.715444026938318132e+02 3.109175239162630433e+01
2.520610477624784949e+02 1.701023195773125849e+02 3.145205739903134301e+01
2.520401735680262618e+02 1.707696320998278736e+02 3.110587074210463143e+01
2.519967402833927110e+02 1.713912047692430747e+02 3.054336323700115940e+01
2.519569307128847697e+02 1.721174936456790476e+02 2.954228250210142903e+01
2.520487544029940352e+02 1.720573752651803261e+02 3.029240008205579926e+01
2.520593115818756758e+02 1.723458164051555173e+02 2.961323825201136728e+01
2.520336603890645506e+02 1.728439076071728664e+02 3.112585933434735708e+01
2.519701309390385404e+02 1.729888073890245437e+02 3.067922437257335133e+01
2.520428879137813851e+02 1.724927825921626834e+02 3.178800584397390239e+01
2.519869773946283544e+02 1.732579366469199158e+02 3.024608859024136365e+01
2.519782714746027352e+02 1.731024709302325562e+02 3.177681448384901586e+01
2.520653957190889685e+02 1.729750505343633620e+02 3.263802885962454781e+01
2.520491646819837399e+02 1.744069292118640817e+02 2.964385782331985908e+01
2.520736125565384498e+02 1.740518640175319263e+02 3.196672112036184643e+01
2.519916655825961698e+02 1.740444239582916452e+02 3.247686551855261428e+01
2.520380546271464652e+02 1.741311516831445374e+02 3.426928811591882607e+01
2.520104571108353753e+02 1.737706440379458002e+02 3.568428781571468278e+01
2.520879210363046923e+02 1.742920323319857516e+02 3.209651187807709505e+01
2.519806631009086288e+02 1.742670140695672956e+02 3.347877056398350959e+01
2.519863457150862587e+02 1.745460463114918070e+02 3.230678611455790161e+01
2.520061604390985792e+02 1.748142924688788469e+02 3.332135226954328999e+01
2.520274986991153980e+02 1.746856124664772096e+02 3.333196198414922407e+01
2.520487631589480770e+02 1.749565304406996802e+02 3.366447434255293558e+01
2.519853187667613952e+02 1.747692405835968543e+02 3.223472711443781691e+01
2.521395136192610948e+02 1.755510909918744744e+02 3.234840566585278054e+01
2.519942798603049994e+02 1.741330742404835235e+02 3.233327787895768779e+01
2.520248293839811140e+02 1.720179121802825932e+02 2.999344304126806193e+01
2.519493843313453283e+02 1.699575161109554529e+02 3.214857353000039808e+01
2.520712484489452834e+02 1.710220775127086483e+02 3.084563253012048278e+01
2.520039752031381397e+02 1.711658702917984272e+02 3.158052976023695990e+01
2.520245154204859261e+02 1.722327807909378237e+02 3.100771024296521716e+01
2.520108198575030940e+02 1.723579846795821027e+02 3.066911124564704139e+01
2.520367337289356726e+02 1.724397828023055581e+02 3.354650037025177056e+01
2.520241276568066269e+02 1.726728725533362763e+02 3.164151873273826254e+01
2.520001688648280833e+02 1.718004305427690781e+02 3.365829388984509762e+01
2.519991143977904926e+02 1.726305612816715325e+02 3.176451487011167529e+01
2.520167601468998839e+02 1.724964425809550619e+02 3.260992474882920078e+01
2.519634801665132215e+02 1.731707035784333470e+02 3.095953498378897706e+01
2.520450956650522301e+02 1.740781656526438042e+02 3.072148811191610207e+01
2.519766553756554401e+02 1.735741153984709513e+02 3.212702137453468509e+01
2.519756521934915838e+02 1.734543914862106249e+02 3.434943261417764404e+01
2.519763501681143225e+02 1.739992557439058487e+02 3.253617835127887048e+01
2.520725255673858101e+02 1.740229706200216242e+02 3.282135602209502423e+01
2.520684703098106638e+02 1.748899289016531213e+02 3.198143862826722028e+01
2.520401485510146813e+02 1.750660386562862811e+02 3.101829619141015826e+01
2.520078078093103215e+02 1.749650512348396774e+02 3.414150872593363317e+01
2.520717900672457290e+02 1.748979205859984916e+02 3.477463925469319150e+01
2.520260789837089135e+02 1.754286352219509126e+02 3.149627871952927904e+01
2.520768785273986339e+02 1.755682376516030843e+02 3.149944086979145652e+01
2.520362046191410172e+02 1.750275124584717616e+02 3.269751305888004111e+01
2.520439673978305279e+02 1.753042006064123655e+02 3.405591177000360403e+01
2.519628960192931117e+02 1.720411367229716291e+02 3.365654269903534157e+01
2.520240926329904312e+02 1.710534038145939348e+02 3.043609654565104350e+01
2.520542443861826030e+02 1.717678283732938382e+02 2.979290042228715407e+01
2.519753669995596965e+02 1.718161011988152040e+02 3.069330019413201072e+01
2.520527333586838949e+02 1.733040530060441142e+02 3.152748994316134912e+01
2.519932016271064299e+02 1.722316487711644015e+02 3.415719314133610851e+01
2.520657472081014987e+02 1.731750577892967158e+02 3.260216322099027053e+01
2.521088227494696525e+02 1.730542819116999453e+02 3.390130788936476591e+01
2.520717437857743164e+02 1.736035979466036849e+02 3.101978345274786975e+01
2.520160409078173132e+02 1.738301269863507059e+02 3.073797932594164095e+01
2.520295651042709153e+02 1.731649821878877731e+02 3.345736350718488694e+01
2.520579293919865620e+02 1.734489202657807425e+02 3.369071968938878570e+01
2.520564021034303437e+02 1.738724595224752818e+02 3.265706055117480133e+01
2.520285306508425833e+02 1.734910626726173746e+02 3.496428696513629575e+01
2.520210980967057708e+02 1.748490385962454354e+02 2.984694967577953051e+01
2.520789899631749620e+02 1.743034888724332632e+02 3.207308469759436065e+01
2.520233433734939865e+02 1.735136255153504408e+02 3.492991359124204109e+01
2.520425689468838755e+02 1.748674598727134537e+02 3.290715936837049327e+01
2.520823697614377750e+02 1.747426299883921104e+02 3.402962014169635552e+01
2.520148250810551076e+02 1.755114753032061685e+02 3.138778869631349266e+01
2.520318879337949909e+02 1.757435030820958275e+02 3.141202517712044084e+01
2.520402873954288907e+02 1.748349014830084514e+02 3.266610920425889475e+01
2.520387250830564767e+02 1.756876963835408105e+02 3.154520699075371226e+01
2.520178246207421182e+02 1.751012501000680572e+02 3.355993950886603017e+01
2.520272210102870076e+02 1.748608040967858130e+02 3.381123539006524226e+01
2.519624307028779526e+02 1.755189441320097785e+02 3.172759351358924107e+01
2.520205452207501082e+02 1.716103100108073534e+02 2.927220509946763727e+01
2.519717920686066464e+02 1.708387766181002974e+02 3.047424373574030199e+01
2.519735357543129339e+02 1.709385769823479961e+02 2.942061977144458140e+01
2.520301905295600875e+02 1.716474315034223252e+02 3.017405460713284882e+01
2.520554089280711025e+02 1.714506101649121490e+02 3.057402658807989582e+01
2.519322451767201585e+02 1.722047504803266236e+02 3.151202192490893950e+01
2.520289571908897983e+02 1.726521334507465042e+02 2.970790387463475213e+01
2.520083456750590472e+02 1.725150202137453448e+02 3.192771834847696510e+01
2.520351263859424478e+02 1.719379628147140124e+02 3.303461603890645648e+01
2.520566635312012238e+02 1.723094579313933536e+02 3.047572099027338766e+01
2.519983713925469431e+02 1.717765067746067302e+02 3.223426805227554581e+01
2.520006917203698436e+02 1.727316575271184433e+02 3.018508585838370095e+01
2.520893957891366028e+02 1.733631794620341964e+02 3.121035804346955800e+01
2.520541918504583236e+02 1.736280045430893040e+02 3.359507214906135886e+01
2.520394067966217051e+02 1.738333566825441210e+02 3.134007625185125789e+01
2.519810208441740258e+02 1.738011297682424185e+02 3.260847626385942277e+01
2.520245804647159957e+02 1.742287668114317682e+02 3.375843948885241730e+01
2.520651918304446895e+02 1.747316437677620797e+02 3.195453533402713830e+01
2.520038338570227836e+02 1.739325328723531925e+02 3.327377491694352329e+01
2.520135992474882869e+02 1.740415995376856131e+02 3.342301389945162526e+01
2.520582946403554558e+02 1.741408245106672439e+02 3.479606507425049244e+01
2.520311624404595250e+02 1.753949785854381105e+02 3.139641206020093733e+01
2.521235765320417954e+02 1.755421974442620865e+02 3.267989858103510414e+01
2.520429742224712868e+02 1.753643364988191991e+02 3.347086393747748190e+01
2.519928201176800258e+02 1.749457731257254807e+02 3.472050244166032940e+01
2.519737221310491009e+02 1.747105982067806167e+02 3.341883981107152835e+01
2.520213732838330145e+02 1.726577935496137286e+02 3.145766621302485788e+01
2.519491954529079862e+02 1.712223537005163507e+02 2.936399251491013729e+01
2.520214070567986369e+02 1.707268129828283350e+02 3.175877471680743014e+01
2.520244078473361924e+02 1.713988874934955788e+02 3.055399796861865980e+01
2.520058552315574616e+02 1.719111833546811852e+02 2.963108288636272647e+01
2.520357092823119842e+02 1.714726914301725174e+02 3.127327832926389917e+01
2.520516426169795352e+02 1.718889807569146910e+02 3.074061736981147064e+01
2.520276025197134118e+02 1.727191215026217890e+02 3.189106342312772568e+01
2.519753795080654868e+02 1.719934167734059258e+02 3.228112491494216130e+01
2.520125460313012979e+02 1.725280540767722073e+02 3.150232157867349869e+01
2.520285694272104990e+02 1.722235895408878150e+02 3.053973451947324236e+01
2.520162185285994383e+02 1.726975030520754046e+02 3.179411624904935252e+01
2.520397019973582076e+02 1.727533472761477924e+02 3.505826962334387531e+01
2.520723717127646921e+02 1.737258210583196671e+02 3.046097596365528659e+01
2.520526633110515036e+02 1.738557093823800130e+02 3.200094063963495472e+01
2.519834725113076956e+02 1.732544092482888232e+02 3.201624729816275305e+01
2.520102869951567186e+02 1.744162255333626774e+02 3.093405515750710322e+01
2.520159833686907120e+02 1.738305347636392639e+02 3.300466567265740991e+01
2.520299841392146618e+02 1.747927303066084903e+02 3.232983553816595190e+01
2.520550649441620408e+02 1.747181108153544358e+02 3.149666773405915876e+01
2.520348537005163507e+02 1.749418041768402645e+02 3.192359179241884348e+01
2.520602359604530989e+02 1.748679226874274377e+02 3.217834877716847330e+01
2.520818581635512032e+02 1.743539957170876278e+02 3.386284423407917643e+01
2.521085300504342968e+02 1.759639592422847443e+02 3.046700881599487687e+01
2.520172504803266236e+02 1.750413756354321038e+02 3.262498999319537063e+01
2.520203325761517874e+02 1.711952152463675247e+02 3.091462944802465529e+01
2.519859154224872952e+02 1.706809605531761633e+02 2.993064533883040568e+01
2.520235284993795801e+02 1.675587524516671465e+02 2.724412100228155253e+01
2.519852437157266820e+02 1.670019025437297273e+02 2.703549538686306519e+01
2.520362784193251287e+02 1.677176392446863815e+02 2.643643052275547234e+01
2.520013233999119393e+02 1.677637793699715871e+02 2.857296961934115131e+01
2.520000612916783496e+02 1.685450906616499083e+02 2.797271894888524102e+01
2.520217372813513066e+02 1.685348537005163507e+02 2.781735330024416442e+01
2.519999699795861261e+02 1.693691910499139510e+02 2.716895238762358389e+01
2.519750968158347746e+02 1.688478202677820832e+02 2.724630123483969157e+01
2.520341907497098077e+02 1.680799918944882450e+02 2.848574030340631680e+01
2.520654507565144229e+02 1.685879385482127759e+02 2.685234834687587480e+01
2.520331012588560213e+02 1.687179281911699888e+02 2.826833496777808818e+01
2.520322919585318004e+02 1.702383783472761536e+02 2.655223176760197035e+01
2.519832048292839204e+02 1.699156939218668754e+02 2.818079669175039115e+01
2.520444039446823865e+02 1.700908255113477026e+02 2.833329038746347450e+01
2.519786267161669855e+02 1.715283730436696885e+02 2.694255468718728608e+01
2.519800264179642113e+02 1.711288426129768254e+02 2.689358513789376914e+01
2.520533100008005363e+02 1.717724527678821573e+02 2.781093893847816645e+01
2.520214520874194477e+02 1.713742644998599189e+02 2.876308389704999513e+01
2.520161097045991312e+02 1.708060230957050862e+02 3.069394438217988252e+01
2.520233233598847278e+02 1.715120381859664462e+02 2.959484699595725132e+01
2.520573552515710674e+02 1.720540392466877506e+02 2.817856142176680123e+01
2.519984839690989986e+02 1.716944684885722268e+02 2.773237676620101766e+01
2.520050384261297722e+02 1.714746540147300209e+02 2.965078378297242168e+01
2.519937107232918265e+02 1.721007685225953594e+02 2.843814043549613757e+01
2.519763901953328400e+02 1.715518940379458002e+02 2.849977609774646936e+01
2.520240350938638301e+02 1.711200754012728567e+02 2.917429727214505775e+01
2.520227842432854288e+02 1.679155488231997708e+02 2.712650977664812046e+01
2.520210593203378266e+02 1.672441835448104825e+02 2.686903844614337800e+01
2.520627188988512160e+02 1.675911557359004007e+02 2.701899166433174670e+01
2.520628614958171454e+02 1.691103925669455350e+02 2.738105912020173704e+01
2.519992970219749395e+02 1.687550759516471146e+02 2.814603180162510654e+01
2.519525740003202259e+02 1.698271862366409266e+02 2.601072854541087764e+01
2.519913803886642825e+02 1.697393339971180524e+02 2.738830029420005729e+01
2.519826619601329014e+02 1.693282832325981531e+02 2.893785273986310713e+01
2.519952667814113738e+02 1.686423455449705671e+02 2.993029885322019013e+01
2.520859421906896785e+02 1.687378254713204910e+02 2.623232172877556678e+01
2.520633680903013953e+02 1.685736738482167993e+02 2.895335453108113555e+01
2.520198034663571320e+02 1.694107443061281799e+02 2.764522125045030521e+01
2.519949328043069272e+02 1.693802961013489039e+02 2.983067235720289645e+01
2.519829321438578233e+02 1.697111385742304890e+02 2.864573159748628939e+01
2.520733448745146745e+02 1.703390042729055835e+02 2.707236796021294367e+01
2.520111288175959601e+02 1.713359759636552724e+02 2.850856832646199379e+01
2.519886472801505022e+02 1.719651613096905862e+02 2.641205519753432185e+01
2.519578713525197031e+02 1.720296188908457680e+02 2.634590646639714961e+01
2.520051272365208206e+02 1.707552623283833100e+02 2.924038971500620576e+01
2.520261202617780043e+02 1.716380138494176038e+02 3.044674878917664174e+01
2.520063993515590539e+02 1.710923315354440888e+02 3.085076727174478606e+01
2.520025842572949557e+02 1.713511050014009527e+02 2.923844088980506584e+01
2.520721102849937836e+02 1.714702860445102601e+02 2.951173422927590906e+01
2.520219336648921171e+02 1.716388381599487616e+02 3.044522900572389190e+01
2.520548860725293139e+02 1.723656799123403971e+02 2.815529935356041946e+01
2.519740673658087360e+02 1.689543489572909607e+02 2.809267551935316121e+01
2.520499902433654995e+02 1.679897742965216310e+02 2.590548197774486638e+01
2.520604148320858258e+02 1.679230889504863171e+02 2.790990498539006381e+01
2.520606274766841466e+02 1.680150552375615405e+02 2.795428391306088045e+01
2.519997986130568677e+02 1.689742800104070852e+02 2.723283082496097407e+01
2.520300654445022701e+02 1.697814001020693979e+02 2.631829018732738135e+01
2.520540329924348555e+02 1.694195740603610432e+02 2.730562407437057360e+01
2.520322431753592411e+02 1.696212612076211883e+02 2.806527063403114042e+01
2.520163623764159695e+02 1.698985034823679996e+02 2.724958221590681617e+01
2.519842718048272729e+02 1.693394245586999034e+02 2.767857017772085015e+01
2.520416795921226480e+02 1.702030668354481122e+02 2.788295165712684565e+01
2.520112076211823933e+02 1.695456035103870533e+02 2.975098316855461889e+01
2.520895871692751200e+02 1.710336603890645506e+02 2.558040717688027854e+01
2.519721485610214984e+02 1.710985207441059970e+02 2.789328368290437510e+01
2.520060253472361183e+02 1.699374287015170353e+02 3.029598251811231790e+01
2.520311099047352172e+02 1.708209620041628227e+02 2.848626691149981838e+01
2.520189616439178621e+02 1.713672709942761117e+02 2.872024351559060307e+01
2.520619921546651767e+02 1.716926647620381914e+02 2.766794795460913292e+01
2.520570312812712643e+02 1.712644685886402840e+02 3.045598632069807365e+01
2.520809262798703116e+02 1.710981855161509770e+02 2.939611060521154329e+01
2.520075501340911899e+02 1.720216359624544680e+02 2.727151588079894395e+01
2.520588012348396774e+02 1.718676487511507958e+02 2.895052760877396736e+01
2.519802915982868399e+02 1.711507425049033202e+02 2.953925669455229652e+01
2.520225578393307444e+02 1.717655268082295947e+02 2.872422122042989301e+01
2.519936857062802744e+02 1.704661407256934638e+02 2.691213149941960481e+01
2.519715006204218923e+02 1.677811974642757207e+02 2.676593208381699540e+01
2.520345797642396803e+02 1.676021131869671308e+02 2.719900157106832594e+01
2.520979841292078731e+02 1.674552645799143420e+02 2.777561491814433836e+01
2.519904184845695170e+02 1.682554762238322041e+02 2.710194682384021192e+01
2.520100005503742580e+02 1.690699838390105185e+02 2.676220204739222552e+01
2.519730066445182786e+02 1.700540680162510512e+02 2.687473857222911633e+01
2.519688738342072725e+02 1.696166568266421280e+02 2.846411559860705154e+01
2.519908487771684804e+02 1.695881274266501180e+02 2.925477074410599343e+01
2.520367399831885677e+02 1.695935148400912738e+02 2.621739407797302235e+01
2.520557003762558566e+02 1.696847331185205974e+02 2.750783282632189852e+01
2.519661945122683449e+02 1.701144115498539122e+02 2.785100743505583765e+01
2.520301580074450669e+02 1.697520263779369998e+02 2.850726494015930967e+01
2.520095527458671825e+02 1.706198364888123820e+02 2.698589040547572182e+01
2.520430692871152303e+02 1.705985269983588921e+02 2.842463625265180482e+01
2.519838540207340998e+02 1.706289114097586435e+02 2.686252526718168454e+01
2.520214670976263847e+02 1.709222033482768381e+02 2.859534358363687190e+01
2.520118468058279575e+02 1.706692575951647086e+02 3.032406536444782574e+01
2.520274574210463072e+02 1.713504220369851510e+02 2.902434030140495480e+01
2.520029507565144229e+02 1.712974647760477183e+02 2.900898110715286293e+01
2.520743618160348944e+02 1.707675894608333635e+02 2.985596455589801224e+01
2.520497425749509546e+02 1.718714588420125722e+02 2.679065139294720410e+01
2.520175882099827902e+02 1.714279685185926496e+02 3.010535664251691301e+01
2.519971343013249054e+02 1.716401678141135960e+02 2.950166112956810593e+01
2.519776185306008074e+02 1.700262966317095561e+02 2.584213390105271557e+01
2.520372628387303280e+02 1.676062897770484028e+02 2.589715756714565842e+01
2.520301680142496821e+02 1.676152746367529858e+02 2.543814418804787181e+01
2.520317853640475505e+02 1.682692881159188119e+02 2.746346015290397347e+01
2.520030933534803808e+02 1.683885029319937416e+02 2.825931008085498064e+01
2.520636357723251706e+02 1.693120597005963930e+02 2.769643107312972674e+01
2.520890993375495270e+02 1.696053328763559307e+02 2.682517987231317136e+01
2.520407076812232390e+02 1.686783087499499629e+02 2.803042568946883861e+01
2.519990743705719751e+02 1.694363292038586337e+02 2.765616369131009122e+01
2.520608176059720620e+02 1.685561719469239108e+02 2.786158212584557603e+01
2.520181848657086903e+02 1.683038516191009819e+02 2.787667113637273175e+01
2.520661549853900567e+02 1.697666438177961084e+02 2.812780690869791300e+01
2.520646752291558244e+02 1.699495932233919007e+02 2.739064563903454186e+01
2.520186501821238494e+02 1.695961328703518518e+02 2.922095524956970891e+01
2.520361570868190313e+02 1.705336979145819214e+02 2.914960423087699581e+01
2.520368100308209591e+02 1.706546951927310545e+02 2.914021034303326374e+01
2.520704966877476636e+02 1.705580207040787855e+02 2.958256239242685126e+01
2.520795653544410300e+02 1.701192648500980624e+02 2.996066700356242407e+01
2.520178558920065655e+02 1.708667719048953302e+02 2.952189488852419785e+01
2.520368312952807912e+02 1.704763564223672176e+02 3.026976093743745722e+01
2.519966177000360119e+02 1.707712181783612948e+02 2.989386908097506179e+01
2.519789406796621734e+02 1.714568669195052735e+02 2.849220845174718875e+01
2.520399284013128920e+02 1.709018832806308410e+02 2.961430272585358026e+01
2.520951559560501209e+02 1.686708199075371226e+02 2.738772740463515021e+01
2.519687287355401679e+02 1.669782777288556304e+02 2.275393267421846843e+01
2.519422820017611855e+02 1.664943949385582300e+02 2.736962259336348779e+01
2.520448542508906087e+02 1.676021256954729211e+02 2.586019868510587116e+01
2.520348824700796513e+02 1.675305407677220444e+02 2.736413010847376270e+01
2.519562615078253316e+02 1.680651993355481864e+02 2.723600298202777736e+01
2.519852662310371159e+02 1.687284078173157695e+02 2.471331755593803692e+01
2.520492697534323270e+02 1.694976909298322880e+02 2.495460413080894924e+01
2.521291303086098594e+02 1.687257447564343806e+02 2.547228490373453980e+01
2.521094494256094265e+02 1.685850653444342129e+02 2.585952447664411835e+01
2.519978960693271404e+02 1.680553401312892845e+02 2.852718348476964394e+01
2.520420936236641012e+02 1.682132312472481317e+02 2.762408062482488091e+01
2.520682726754192799e+02 1.681752716847456384e+02 2.862120241764399964e+01
2.520123621562662493e+02 1.681634849197454287e+02 2.891865843773766187e+01
2.519239395288796288e+02 1.683171694252091299e+02 2.802837304366969562e+01
2.520364735520153658e+02 1.693307336488812496e+02 2.452483313653284114e+01
2.520405725893607780e+02 1.685687942801104668e+02 2.836690199335548002e+01
2.520230631829644210e+02 1.688252511707961503e+02 2.751082736260657313e+01
2.519398628567425931e+02 1.688053839110595220e+02 2.943581010086858996e+01
2.520544895528959728e+02 1.697628737541528210e+02 2.683448244806468352e+01
2.520585423087699724e+02 1.703230371652723818e+02 2.833929321938918378e+01
2.520220474922947744e+02 1.710904602629788371e+02 2.714886998158748099e+01
2.520427390625625321e+02 1.712818841812432424e+02 2.546785063843413610e+01
2.520083806988752428e+02 1.684614200156106278e+02 2.663433009446423583e+01
2.519797950106072051e+02 1.671899479145819214e+02 2.506376210823360040e+01
2.520451844754433068e+02 1.673884966777408749e+02 2.480449955970059506e+01
2.520475235660248927e+02 1.670052273045671143e+02 2.661865693671696675e+01
2.520539942160669113e+02 1.674787818216387052e+02 2.721102224512668499e+01
2.520455146999960050e+02 1.674635389564904244e+02 2.482553761557859318e+01
2.520132114838089876e+02 1.683888193971900762e+02 2.452897220109674592e+01
2.520486405755914063e+02 1.681250662950806429e+02 2.876364552895969240e+01
2.519934930752911839e+02 1.688243593143337478e+02 2.779839916142977074e+01
2.520493660689268722e+02 1.691210410579193990e+02 2.577629162830724852e+01
2.520370839670976295e+02 1.689808407216907540e+02 2.446428946683744954e+01
2.520455847476283964e+02 1.683832468578633552e+02 2.661349592723051671e+01
2.519864032542128598e+02 1.691534818676700240e+02 2.713769363166953497e+01
2.519888336568866691e+02 1.698243030260577200e+02 2.799332295961253791e+01
2.520318316455189631e+02 1.692691705359644629e+02 2.992401833246607623e+01
2.520364060060841496e+02 1.698634021134371324e+02 2.792294760437097167e+01
2.520470557479085869e+02 1.704513406616499083e+02 2.930210418084297430e+01
2.520265280390665623e+02 1.703945983268622797e+02 2.890331675539366785e+01
2.520290685165912805e+02 1.704045563483168451e+02 2.939945537965816769e+01
2.520055387663611270e+02 1.707797427250530404e+02 2.882568646679742130e+01
2.521263559220269883e+02 1.711018092302765865e+02 2.895171216427170435e+01
2.520396031801625156e+02 1.711794132510106863e+02 2.763170580995076620e+01
2.519873814193651640e+02 1.707060200936636818e+02 2.783708421726774063e+01
2.520917148661089584e+02 1.687421246447584338e+02 2.598534753632469929e+01
2.519482347996637657e+02 1.666758720930232585e+02 2.526655125485330089e+01
2.520123233798983335e+02 1.657343693711723915e+02 2.587578553416323146e+01
2.521033290137293363e+02 1.674067303266220961e+02 2.470138193971900975e+01
2.520199960973461941e+02 1.672732845835167836e+02 2.461246772805507632e+01
2.519875840571588697e+02 1.677583031461393830e+02 2.565224102389624861e+01
2.520331600488331958e+02 1.678767812112236300e+02 2.733595344834487406e+01
2.520537290357443112e+02 1.678053476363927530e+02 2.736463545210743220e+01
2.520189954168834845e+02 1.669649774346555660e+02 2.761537220309810792e+01
