2.518335871009067262e+02 4.640510755369809459e+01 1.105965463108320224e+00
2.532368045237132606e+02 1.668152712075311115e+02 4.398594608926668315e+01
2.532089775966985599e+02 1.694033316182145654e+02 4.590950604579366967e+01
2.529823732168452750e+02 1.679164155242750667e+02 4.379611656857237278e+01
2.528244921585819895e+02 1.674719000540787590e+02 4.319240744921585673e+01
2.528066645490200131e+02 1.718337787391776885e+02 4.544816447288975070e+01
2.523876277807238182e+02 1.708673298750938443e+02 4.668802602080194220e+01
2.522272856145287960e+02 1.710863579802901313e+02 4.613227766022797027e+01
2.521459679832828442e+02 1.681957493056394242e+02 4.528828040091776330e+01
2.521315268582349347e+02 1.665621997448323270e+02 4.201006494699758065e+01
2.520848721273948172e+02 1.669230795482587268e+02 3.990622850632406227e+01
2.520470327570184281e+02 1.657703714107202018e+02 4.237511353911258283e+01
2.519831279566109856e+02 1.671243312349380119e+02 4.223244672193549576e+01
2.519664016108115447e+02 1.671130429532245216e+02 4.221726135784903278e+01
2.520106267359014680e+02 1.671609210187805559e+02 4.351922026850359515e+01
2.519999107438190151e+02 1.678229748035051330e+02 4.137139103132891904e+01
2.519943860487338725e+02 1.678792915159374672e+02 4.177353344219087461e+01
2.520297341215879214e+02 1.682630773431060049e+02 4.260572525897418217e+01
2.520029323280637072e+02 1.673447178717126178e+02 4.345051269800433857e+01
2.519333111943002166e+02 1.696604957393299458e+02 4.211878291321674084e+01
2.519796259640980054e+02 1.701147165066180946e+02 4.315910964334280209e+01
2.519758929555871703e+02 1.700074423903855347e+02 4.353100864734882691e+01
2.520182030105584943e+02 1.694901109401826034e+02 4.509807941699962441e+01
2.520726190913720757e+02 1.692363963079443181e+02 4.442826034452885864e+01
2.520030819634259558e+02 1.700848734399857278e+02 4.224236072097992434e+01
2.520038852690548765e+02 1.694124029339031665e+02 4.335870352771929248e+01
2.520611076692060806e+02 1.691422848532260730e+02 4.425818006646960612e+01
2.520524078167413222e+02 1.701460217995096116e+02 4.339822301444375086e+01
2.519527559158471774e+02 1.693685308957645361e+02 4.143679218535883280e+01
2.520166567784819165e+02 1.673011647931619166e+02 4.194518751673553680e+01
2.519620438090337871e+02 1.668718609388700145e+02 4.020010185705360328e+01
2.520039246467817975e+02 1.668881921948094771e+02 4.214866141980331804e+01
2.520765621144264230e+02 1.675942466515806188e+02 4.228096664444012731e+01
2.520695961945364729e+02 1.684912607698083207e+02 4.209696765250993877e+01
2.520122792878406699e+02 1.687429474491108579e+02 4.213014207483868034e+01
2.519750423966859785e+02 1.688158316838440953e+02 4.292021941269432972e+01
2.519937376288307860e+02 1.697917548290218974e+02 4.452861448155285018e+01
2.520519589106545766e+02 1.700971067871450089e+02 4.347881215774192043e+01
2.520245362616361149e+02 1.709724828444369678e+02 4.274917569291673658e+01
2.520683334820936352e+02 1.713688944834429719e+02 4.473971322514083937e+01
2.520517383953838930e+02 1.723356701826601522e+02 4.492016953424024450e+01
2.520411129720733072e+02 1.717940426749552500e+02 4.505163207552123339e+01
2.520714968261551974e+02 1.727086415734289631e+02 4.645379023747394598e+01
2.520417718927035651e+02 1.721333723610360096e+02 4.634774733150270976e+01
2.520844415975806214e+02 1.730995180166226532e+02 4.534363892199534973e+01
2.520417968319306112e+02 1.730712500590665854e+02 4.506530533489443968e+01
2.520882953644539839e+02 1.738314541406992362e+02 4.671652893212854707e+01
2.521691023978410442e+02 1.758110262885704742e+02 4.752808025705780182e+01
2.521908533415939075e+02 1.754857951413135311e+02 4.815038091387828700e+01
2.521302037666108333e+02 1.758592246263053767e+02 4.811516935047752241e+01
2.521303415886550283e+02 1.754018825178643510e+02 4.877361482282648097e+01
2.522103991326399353e+02 1.770449102975381095e+02 4.821029150018638632e+01
2.521713246142295475e+02 1.764845914954610748e+02 4.971605508681476238e+01
2.521264235048276987e+02 1.762995975596309961e+02 4.949733281529746165e+01
2.521510752744627553e+02 1.767155812415009848e+02 4.938069467560628567e+01
2.520963021689252059e+02 1.752533287305145961e+02 4.348198994030336451e+01
2.520610564781611060e+02 1.739525787160760899e+02 4.771648692921984747e+01
2.520911581252001668e+02 1.740441857473630023e+02 4.415069462310265180e+01
2.520486209920036913e+02 1.718930080908102980e+02 4.440439087906837301e+01
2.519975021395231636e+02 1.716450937977454885e+02 4.352499304326824614e+01
2.520482770931887160e+02 1.717706247407633100e+02 4.632461160435359915e+01
2.521414251061885921e+02 1.738570470380073800e+02 4.377787155510519312e+01
2.520680762142778519e+02 1.736426786304951690e+02 4.431121530165963662e+01
2.520562642087964491e+02 1.737761678121210025e+02 4.398778240393146888e+01
2.519653200359124980e+02 1.719196287467907212e+02 4.553171482125137004e+01
2.520476969280122717e+02 1.721420144595013255e+02 4.306882701627087329e+01
2.519919721940744353e+02 1.724070659393163112e+02 4.254334962696166400e+01
2.519820043788032251e+02 1.719119304011802853e+02 4.430723683865107887e+01
2.520156303324005194e+02 1.714724815318460855e+02 4.175212114688942222e+01
2.520197256159989081e+02 1.714370232013566806e+02 4.397772795766106668e+01
2.519666680667636172e+02 1.710109036925807118e+02 4.243439276919927039e+01
2.520066522106655782e+02 1.701660611247328916e+02 4.258754850023364469e+01
2.520340472952752009e+02 1.711410575807374528e+02 4.202968949349742189e+01
2.519829717582942692e+02 1.718473771808697848e+02 4.272915999432960632e+01
2.520264500191638319e+02 1.719781926148385764e+02 4.266526700724025289e+01
2.519597428371914702e+02 1.719477615074843868e+02 4.414922320870720540e+01
2.519794828916902532e+02 1.721951638900993942e+02 4.534262822700471673e+01
2.519880291710200879e+02 1.719151685629229860e+02 4.434058189779642589e+01
2.520018993190278422e+02 1.702770813753852508e+02 4.296871177079012938e+01
2.519883980090621378e+02 1.695391769005003653e+02 4.265270945012942150e+01
2.519915272257603931e+02 1.709957170159033524e+02 4.207499225571370971e+01
2.520158324713986531e+02 1.698101494778513540e+02 4.373691215616681660e+01
2.520029507043362855e+02 1.708464399909693725e+02 4.171140720244876832e+01
2.520315297459349040e+02 1.709882720003360248e+02 4.314556633046838385e+01
2.520383617815533626e+02 1.730907000309771320e+02 4.231924442017609778e+01
2.520562615836146563e+02 1.735866270614239966e+02 4.485934538466788979e+01
2.521141389666234431e+02 1.744200750276956740e+02 4.598470962864178091e+01
2.521168232150076278e+02 1.754201590335130732e+02 4.431710883478680785e+01
2.521134209794028322e+02 1.756851107564198742e+02 4.459616434688101805e+01
2.521543121236145737e+02 1.754186495539816235e+02 4.722290287352399218e+01
2.521302930227918182e+02 1.750266272189349195e+02 4.758957382798758573e+01
2.521436446973953025e+02 1.759398662732394314e+02 4.646727054598530771e+01
2.520879370271391338e+02 1.754389487722024796e+02 4.504270383224038454e+01
2.520854746066165148e+02 1.740814462651538577e+02 4.709270960764033020e+01
2.520358481699857691e+02 1.744622748250316420e+02 4.406290985650756653e+01
2.520758598782965691e+02 1.742073788609861253e+02 4.453978725526742721e+01
2.520999839863910665e+02 1.746545405144306358e+02 4.524125551944472079e+01
2.520917120385586827e+02 1.740048526485459206e+02 4.593020954201078609e+01
2.519765728776717708e+02 1.716931976289357920e+02 4.612969185616103829e+01
2.520075080199303841e+02 1.713563264256049763e+02 4.309668938323979148e+01
2.520501068448990054e+02 1.734035810104849702e+02 4.563086137465019476e+01
2.520930167539102058e+02 1.763189871523603074e+02 4.822916918246588835e+01
2.521706315662359543e+02 1.767871095698377246e+02 4.911755695331901705e+01
2.522155366134104781e+02 1.779130027879430713e+02 4.892535820605576902e+01
2.520995797083947991e+02 1.777646393262733397e+02 4.859961383575812732e+01
2.520894084415345731e+02 1.780968587074654863e+02 4.861559988029171109e+01
2.521264103789187345e+02 1.779247242246525502e+02 4.862977192420574823e+01
2.520581215249156060e+02 1.739078666197634107e+02 4.325679397048245534e+01
2.520608202117996655e+02 1.732341071494200833e+02 4.333808534991047878e+01
2.520655954174826547e+02 1.738019680987908373e+02 4.244226043903540102e+01
2.520706449546631234e+02 1.743399859815292245e+02 4.381148044502081973e+01
2.520497275061298126e+02 1.728551372182523664e+02 4.639498222751925738e+01
2.520856098034788886e+02 1.743498606028467464e+02 4.369781269852937555e+01
2.519876472070691023e+02 1.735920913773278755e+02 4.477566115203477892e+01
2.520201207058588864e+02 1.721852538288276548e+02 4.221231682794033446e+01
2.519607285929550642e+02 1.718651982274772649e+02 4.054653134729579733e+01
2.520154321311750891e+02 1.710562786472963239e+02 4.136358767844673423e+01
2.519927518730672205e+02 1.712147753106902712e+02 4.179290465864761472e+01
2.520176700986543210e+02 1.713083801053222999e+02 4.293078839459632690e+01
2.520421236670639473e+02 1.725424006237431911e+02 4.054050786766983805e+01
2.519783711272005462e+02 1.719210765345500249e+02 4.398677039634994657e+01
2.520625974598740981e+02 1.724027107627203179e+02 4.270450559951276404e+01
2.520215409292093511e+02 1.723564379958312145e+02 4.256207898646981391e+01
2.521082454334962790e+02 1.730093220205499165e+02 4.191832796921186599e+01
2.520188133653255420e+02 1.731456621496038508e+02 4.256668355533620485e+01
2.520290699505940779e+02 1.723227621637798279e+02 4.435531048025075762e+01
2.520354911452618012e+02 1.736489790668003650e+02 4.236389088694392058e+01
2.520862057197460899e+02 1.732977454938754533e+02 4.348595658999385449e+01
2.519942639777804629e+02 1.717958107348933936e+02 4.364265500385901930e+01
2.520472519596982011e+02 1.698788071698965041e+02 4.249945921255046954e+01
2.519919118148931716e+02 1.700504336800323415e+02 4.157515632957582596e+01
2.520622259966502554e+02 1.709486133789764892e+02 4.183277066936885547e+01
2.520174613967017194e+02 1.718779566109953123e+02 4.237653507505394401e+01
2.520552889537600549e+02 1.723811567076020026e+02 4.322353422974541104e+01
2.519455130392779836e+02 1.726559082341452154e+02 4.238095456860387600e+01
2.519771333539847546e+02 1.725637367887726157e+02 4.153429537495471635e+01
2.519551500816431542e+02 1.722259769614045695e+02 4.228741277833489676e+01
2.519803255750460664e+02 1.719199516441513538e+02 4.191813501835002143e+01
2.520168982952069427e+02 1.722516696156208695e+02 4.122430078282921073e+01
2.520241674235940934e+02 1.715119577030709479e+02 4.082664218247113297e+01
2.519543677774685762e+02 1.716325480539527462e+02 4.209224757564461328e+01
2.519413022476806532e+02 1.716935362773872100e+02 4.171365042029160719e+01
2.520243144337745491e+02 1.714319684138126547e+02 4.216820983603114570e+01
2.519911583877183432e+02 1.709785916424712298e+02 3.993417487911037966e+01
2.519889571727842110e+02 1.704680948530685782e+02 4.050604448108031619e+01
2.521167129573723003e+02 1.712984661062778571e+02 3.967433963551975751e+01
2.519913106482623846e+02 1.706703703606474676e+02 4.112317484235783382e+01
2.519789932952857043e+02 1.717514543507138001e+02 4.058739886487138904e+01
2.519964126890787099e+02 1.716271060520941205e+02 4.151296052251618107e+01
2.519891658747368126e+02 1.721793497949732910e+02 4.157183022424302976e+01
2.520328935278768085e+02 1.718230063056866754e+02 4.233611515097420153e+01
2.520046137570026588e+02 1.721392448927088310e+02 4.394958863401290472e+01
2.520829623076398036e+02 1.731003147592970777e+02 4.193452665347075481e+01
2.520240387896861876e+02 1.731811585452292661e+02 4.183708121787433498e+01
2.520078492935635666e+02 1.727691559515496351e+02 4.251609892735071838e+01
2.520263647007555221e+02 1.723892567060268846e+02 4.113717231168258337e+01
2.519788397221507523e+02 1.724689637882423483e+02 4.094561542136793264e+01
2.519688574683796958e+02 1.717436995636947756e+02 4.224795367079170205e+01
2.520652068905771728e+02 1.729077117340375764e+02 4.143432320188173179e+01
2.520042239175062946e+02 1.723841638533468483e+02 4.370689320235426578e+01
2.520088665515087030e+02 1.733874952090432373e+02 4.185983629366333503e+01
2.520521925518342243e+02 1.729332586906643314e+02 4.327537106944655676e+01
2.519933005360621223e+02 1.737558515302184787e+02 4.224844064201445804e+01
2.520658868126617733e+02 1.724698983529609393e+02 4.550469645022917575e+01
2.520989417892189124e+02 1.736864128465896329e+02 4.485166147755732169e+01
2.520859432015667210e+02 1.744674359324383204e+02 4.514398990880118134e+01
2.520208439434430829e+02 1.746466387172311556e+02 4.310553362070323402e+01
2.520433561899161532e+02 1.746552414379695790e+02 4.340914508329701960e+01
2.521141035266692256e+02 1.744259016186871065e+02 4.389024771215406417e+01
2.520876850096869077e+02 1.741856987971416970e+02 4.380163470070302623e+01
2.519805723421347068e+02 1.707942736909531050e+02 4.161278437281782061e+01
2.520004252794506101e+02 1.716702574778303472e+02 4.033566493229655947e+01
2.520274528386090651e+02 1.715270131206586086e+02 4.012334416658353575e+01
2.519529659303906897e+02 1.710960527766547727e+02 4.088151635750775625e+01
2.520171765644770971e+02 1.708750164073861981e+02 4.042130886313876914e+01
2.519337719137050158e+02 1.704955516294503468e+02 3.964624887773478434e+01
2.519636491077007179e+02 1.688735869958994726e+02 3.954925497340691010e+01
2.519876695211143272e+02 1.671824448843082394e+02 3.721211468894220786e+01
2.520439416054561832e+02 1.673785669657623885e+02 3.784809779327218138e+01
2.519991074381900944e+02 1.678517677974199671e+02 3.944264240298640800e+01
2.519872967452996022e+02 1.703602523849776560e+02 4.018888314265763029e+01
2.519892380672361583e+02 1.717643636821849782e+02 3.952528050067466836e+01
2.519665131810377829e+02 1.713691898163947940e+02 3.964397153252862438e+01
2.520484634810960642e+02 1.714151843140137430e+02 4.061737844095703309e+01
2.519839942666029629e+02 1.702807264403059833e+02 4.006677806188078250e+01
2.519943624220977370e+02 1.703197130151262968e+02 3.918837648257142092e+01
2.519849078298672111e+02 1.696440450376188664e+02 4.078130135511884191e+01
2.520256138987624865e+02 1.702872920199723694e+02 3.856999784735092618e+01
2.519897447273223747e+02 1.705103891569491168e+02 3.853130135511884191e+01
2.520040519680987927e+02 1.702066306841748826e+02 3.948778634170416524e+01
2.520000091881362891e+02 1.694775888230259966e+02 4.015751878317573187e+01
2.520124420491119110e+02 1.694072444516782809e+02 3.983591694974877129e+01
2.519949832775919845e+02 1.688956687125583471e+02 3.919677968949349633e+01
2.520120692732971861e+02 1.693541002714437980e+02 3.972555693231756635e+01
2.520359938675753426e+02 1.691745352115634091e+02 3.861099531142531305e+01
2.520424964428786723e+02 1.674965557614864906e+02 3.694287341898426291e+01
2.520914088300614821e+02 1.665588605135905595e+02 3.596279198584502268e+01
2.520435583289142869e+02 1.652972047064259300e+02 3.759392769199266837e+01
2.520206011141271460e+02 1.668255514194357829e+02 3.688875135853157872e+01
2.520961748476082107e+02 1.660682009104130543e+02 3.756152769829310500e+01
2.520479660091461369e+02 1.668255304179814402e+02 3.706673868415387574e+01
2.519587636443823726e+02 1.673646338133915776e+02 3.664724119645285327e+01
2.520169166714794926e+02 1.674061602515974130e+02 3.751291195665299938e+01
2.519540645689714040e+02 1.675165163312559287e+02 3.870307225025332798e+01
2.519797244084152794e+02 1.682509805054000083e+02 3.584490163443818744e+01
2.520291539564114771e+02 1.678660645374692137e+02 3.854616119666287233e+01
2.519655313630468925e+02 1.672347319426870342e+02 3.692506156051306476e+01
2.520415133122968712e+02 1.670669303224248381e+02 3.751242498543024340e+01
2.519572226626693805e+02 1.679992032573255756e+02 3.907874757826979817e+01
2.519814649039445840e+02 1.694283522258916435e+02 3.731908559667756720e+01
2.520065629544845933e+02 1.696797987010600366e+02 3.903856654573328910e+01
2.519791941216929274e+02 1.696529155269002445e+02 3.886048471356641443e+01
2.519976780267033405e+02 1.705203910995836338e+02 3.924322834356279088e+01
2.519878165312947829e+02 1.702519885752088271e+02 3.845018980064369174e+01
2.520145290686380122e+02 1.704584026818857296e+02 3.708155914797099939e+01
2.519710271811322855e+02 1.691774885410814591e+02 3.900417797682489862e+01
2.519574746801216065e+02 1.698979814977187175e+02 4.074249460525141586e+01
2.520359321758031683e+02 1.705316281902521780e+02 3.995134619322388403e+01
2.519946695683676126e+02 1.713619193754167611e+02 3.962200532386867735e+01
2.520387752476858907e+02 1.725744068401736797e+02 4.084721704478035065e+01
2.519736563006988206e+02 1.712138079311992271e+02 4.081115229729658722e+01
2.520409620241201765e+02 1.705515782592944447e+02 3.938833920498994701e+01
2.519893036967810076e+02 1.711274525760908887e+02 3.760660075710242722e+01
2.519536970435202647e+02 1.709302791093283247e+02 3.984732336464300317e+01
2.520192701469576662e+02 1.720882940518631017e+02 3.951564345830949065e+01
2.520211812793035904e+02 1.717415075368969326e+02 3.964287289394790292e+01
2.519950502197277160e+02 1.707015575203582785e+02 4.094780088521130068e+01
2.520181793839223303e+02 1.708868769787307826e+02 3.846492494605251267e+01
2.520440794275003498e+02 1.706762704567291280e+02 3.979745409869633477e+01
2.520239941615956809e+02 1.706623412421310206e+02 4.018729753285415285e+01
2.519677168268902676e+02 1.706346744512057398e+02 3.871784283561636641e+01
2.519705244588187725e+02 1.704147813486083862e+02 4.002640014070974672e+01
2.519902645133175554e+02 1.698896859232501981e+02 3.986073410583682630e+01
2.519774575639362979e+02 1.713075544856481258e+02 3.844743204716926499e+01
2.520602938628499885e+02 1.712449228984107208e+02 4.035836487926788863e+01
2.520210263935777562e+02 1.716793537327459944e+02 4.079511637430891824e+01
2.520238156492337112e+02 1.729797217832334866e+02 4.087832544903734799e+01
2.520533975102775912e+02 1.729675422523009729e+02 4.158768238450512911e+01
2.520373313976992904e+02 1.729297501351968549e+02 4.084244183909735426e+01
2.520434191942792097e+02 1.727154355439114113e+02 4.166717945217706642e+01
2.519963877498516638e+02 1.731891627245186669e+02 4.078107033912098700e+01
2.520203504092658306e+02 1.715636134052283239e+02 4.064955398161322364e+01
2.520171345615683833e+02 1.693367871975134165e+02 3.980051374807705145e+01
2.520611982379779761e+02 1.662769501162955521e+02 3.489402666134629527e+01
2.520793697463549279e+02 1.664175587909462593e+02 3.551605954962381162e+01
2.520457464179394549e+02 1.667495825960947684e+02 3.471156996371998815e+01
2.520424859421515009e+02 1.662313533337183742e+02 3.540932097047720362e+01
2.520647225445362096e+02 1.658448976966654982e+02 3.553540188908081632e+01
2.520670642066963012e+02 1.660980098496820858e+02 3.475080593081070646e+01
2.520880446595926685e+02 1.656994678756503845e+02 3.541188183531709655e+01
2.520401797199455984e+02 1.650205879882181819e+02 3.163759234076959714e+01
2.519823968434814105e+02 1.624633879021122311e+02 3.239532481374335049e+01
2.520152654321311729e+02 1.620640373720880234e+02 3.102593417094133699e+01
2.520387227440500340e+02 1.628972136320440143e+02 3.296620734735880376e+01
2.520391033954101374e+02 1.636050479620713816e+02 3.187358699589946553e+01
2.519826449231609331e+02 1.678685348335372112e+02 3.567057775000918696e+01
2.520167381591175229e+02 1.667252799756383013e+02 3.716994245601507885e+01
2.521014317741503703e+02 1.659674648094380416e+02 3.694524395814410411e+01
2.520451544394449286e+02 1.654879727296115277e+02 3.769203992376471746e+01
2.520341470521833571e+02 1.669455799814137151e+02 3.489098276305634272e+01
2.520687115082719458e+02 1.668047468537196210e+02 3.739824401589810066e+01
2.520443734478612612e+02 1.672193470647842446e+02 3.754375390495791720e+01
2.519400342848742298e+02 1.675933449016344241e+02 3.788239710599958698e+01
2.520023915406141839e+02 1.683673206869575836e+02 3.783957251539668931e+01
2.520658513727075558e+02 1.695347377180869728e+02 3.998511390663803411e+01
2.520423874978342269e+02 1.700969650273281388e+02 3.974560807085890701e+01
2.519662585384037925e+02 1.694751172143670885e+02 3.790242593049568853e+01
2.520019216330730956e+02 1.679151672503320754e+02 3.918515144673768447e+01
2.520236542005533806e+02 1.678062103925696817e+02 3.613116458314738111e+01
2.520282718953287429e+02 1.686631169833511024e+02 3.867655922672645374e+01
2.520060956721252978e+02 1.681912471188629752e+02 3.972366811401689546e+01
2.520382121461911140e+02 1.680741311960853182e+02 3.904320130419031187e+01
2.519820227550757750e+02 1.684076474170836377e+02 3.821836393420244349e+01
2.520394866719520337e+02 1.693133456366853409e+02 3.773586339604017326e+01
2.520552535138058374e+02 1.689067574804555250e+02 3.820846568624877193e+01
2.519888495403306763e+02 1.683412106288360519e+02 4.001406441146049531e+01
2.520765082981996557e+02 1.692935517659597906e+02 3.936589652583441534e+01
2.520021670875708253e+02 1.691329825215396170e+02 3.964680279109328609e+01
2.520021303350256971e+02 1.698984199030782918e+02 3.717916078188414275e+01
2.519436609735224124e+02 1.702390634926468636e+02 3.771825761433979096e+01
2.520028338837464617e+02 1.707861343148013020e+02 3.879979969862912981e+01
2.520170400550238128e+02 1.705122582863863272e+02 4.014807206649060589e+01
2.519939345174653340e+02 1.710424596903335441e+02 4.037200269868688451e+01
2.519880737991105946e+02 1.712289539175587834e+02 3.730955618676593133e+01
2.520345303287252534e+02 1.710387726225040979e+02 4.018955912696954158e+01
2.519753508555467363e+02 1.725771291536939032e+02 3.889384946157521483e+01
2.520601573533967326e+02 1.731782406556654053e+02 4.035343610044995444e+01
2.520635097105474642e+02 1.737422150233903722e+02 4.117926316397410602e+01
2.520484529803688929e+02 1.739844733622803403e+02 4.183738573896242485e+01
2.520817757254689866e+02 1.741373324477719962e+02 4.263047941069918778e+01
2.520264592073000927e+02 1.735299231346770625e+02 4.210541942529520298e+01
2.519968209048476524e+02 1.714597599008731379e+02 3.800749751920320563e+01
2.520550041215354042e+02 1.714452715225529289e+02 3.930964675553781973e+01
2.519911045714915758e+02 1.720706502050267090e+02 4.077181526070680206e+01
2.520041674760977060e+02 1.720114746696208670e+02 4.106499950121546050e+01
2.519828247481138135e+02 1.715309653318492167e+02 4.103420611877372437e+01
2.519910205656741766e+02 1.698277920120968361e+02 3.821123787822306639e+01
2.520208295049432081e+02 1.677576839071105610e+02 3.818150769440783421e+01
2.519712266949486263e+02 1.693675805799551597e+02 3.669941930978720279e+01
2.520333936250085287e+02 1.690583499157316680e+02 3.765457857956663190e+01
2.519705927135454147e+02 1.705098299932270436e+02 3.702179557184334868e+01
2.520484608559142714e+02 1.707521106461622367e+02 3.835704835059827644e+01
2.520394853593611231e+02 1.710941009539910738e+02 3.894355596625066340e+01
2.520525705780125350e+02 1.704797979135055073e+02 4.052981418963263138e+01
2.520304914865354533e+02 1.714244183909735852e+02 3.839502816820064623e+01
2.520343741304085370e+02 1.713730160188593175e+02 3.905840241936753898e+01
2.520405866231236587e+02 1.717049886329628237e+02 3.784153352619669164e+01
2.519735421052907896e+02 1.714649984511427476e+02 3.864869029680305346e+01
2.520181544446952842e+02 1.713694378960743165e+02 3.894513107532696949e+01
2.519938833264203595e+02 1.706865966093151883e+02 3.946841775042921796e+01
2.520207349983986376e+02 1.711463512598247405e+02 3.744325275775347706e+01
2.519949032095472603e+02 1.706349658463848584e+02 3.763276200626893342e+01
2.519563392889957640e+02 1.703865304547339861e+02 3.972549524054540626e+01
2.520131495356053506e+02 1.709853304841360284e+02 3.918785669657624027e+01
2.520115468621202126e+02 1.707905931860781266e+02 4.196719704089507985e+01
2.519142576248405305e+02 1.718995211668407990e+02 3.962106813396827931e+01
2.520599473388532203e+02 1.728375274987792807e+02 4.240306384967158948e+01
2.520513262418422471e+02 1.740815552101983030e+02 4.009039288470726348e+01
2.521299583121131036e+02 1.758852454282458950e+02 4.186289856822585165e+01
2.520413571139801547e+02 1.767990935247266009e+02 4.285318933336133540e+01
2.520982395530890585e+02 1.752499921244546215e+02 4.229113791130036049e+01
2.519978276620655890e+02 1.705532019342339538e+02 3.822782115161474792e+01
2.519962735544436327e+02 1.700131101578784296e+02 3.757558554679911822e+01
2.520293140925008970e+02 1.686268566598236873e+02 3.571977628200752974e+01
2.519575639363025914e+02 1.674598163422816981e+02 3.615828664885043509e+01
2.520022484682064317e+02 1.682673393257483099e+02 3.630618020297905701e+01
2.519915626657146106e+02 1.684156095934643531e+02 3.620969558391918497e+01
2.520325233772438764e+02 1.683383885584076722e+02 3.733878364826764340e+01
2.520540734945894883e+02 1.684870000997568980e+02 3.703777374083155394e+01
2.520418755873844248e+02 1.699073967122223223e+02 3.677753946960827136e+01
2.519848986417309504e+02 1.692188102151073963e+02 3.620102460845413361e+01
2.520742532670387561e+02 1.678533862219958621e+02 3.352912114163905954e+01
2.520365504061156230e+02 1.661915647658600221e+02 3.466415655534145657e+01
2.519726127909357842e+02 1.651959895097735398e+02 3.425266980988433119e+01
2.519806589731338988e+02 1.637209668019510218e+02 3.224783291242918892e+01
2.520437591553215100e+02 1.632556402030840559e+02 3.155560660075710189e+01
2.520620369835611143e+02 1.633746344434352125e+02 3.102284301937909206e+01
2.520553270188960653e+02 1.633012921144789402e+02 3.324064122690496248e+01
2.520972262329166256e+02 1.638328822395950795e+02 3.140702262381670096e+01
2.520475105401048950e+02 1.640496750024939274e+02 3.174523004468059284e+01
2.520395759281330186e+02 1.699433275754346084e+02 3.982325176018439095e+01
2.520330996046476173e+02 1.713204139386652400e+02 3.849915469146238678e+01
2.520500123383544349e+02 1.707034568393861207e+02 3.965135616891469539e+01
2.520504297422596380e+02 1.706850740038747745e+02 3.826352493660186127e+01
2.520474317846510814e+02 1.692913203614350266e+02 3.642924216251975622e+01
2.519944109879609186e+02 1.673324333335083338e+02 3.784142851892493553e+01
2.520531993090521610e+02 1.682318665567590585e+02 3.603768842242325121e+01
2.520728120422339202e+02 1.671487073604847069e+02 3.731429332731291737e+01
2.520286407333707928e+02 1.674481316581173189e+02 3.803748365824333177e+01
2.520197899329528468e+02 1.686802108546016825e+02 3.624190525193869661e+01
2.519939489559652088e+02 1.684851900369100690e+02 3.611285394013535210e+01
2.519789683560586582e+02 1.679557026824107595e+02 3.803158224957078204e+01
2.519649905755973691e+02 1.675624438867391461e+02 3.712166536282637708e+01
2.519395315625607168e+02 1.682254768642728493e+02 3.917045961682846666e+01
2.520359164247124113e+02 1.694220832917679616e+02 3.835414489953429040e+01
2.520608175866178726e+02 1.705306503100339626e+02 3.992832334889190804e+01
2.520651294477142415e+02 1.704123320539947315e+02 3.960440873030457709e+01
2.520786780109522454e+02 1.690395339252243332e+02 4.106577524243553512e+01
2.519607220300005679e+02 1.688597063471645470e+02 3.909238539768878695e+01
2.520155213873560740e+02 1.663739755228049546e+02 3.775750145697589488e+01
2.519262035145933964e+02 1.656270653617762889e+02 3.368107322682095628e+01
2.520584431096853564e+02 1.646879525157117143e+02 3.374623811448942945e+01
2.520506843848936569e+02 1.671332371641736074e+02 3.299362605860455488e+01
2.520430070407375638e+02 1.671211757664218283e+02 3.722682489512398973e+01
2.520433640654615317e+02 1.686487034227120319e+02 3.457371510477100429e+01
2.520514811275680813e+02 1.676818200910413168e+02 3.704535001548857309e+01
2.521176737739088480e+02 1.679118306442721291e+02 3.700855809264791674e+01
2.519909404976294525e+02 1.674196825630174885e+02 3.744709864908144681e+01
2.520337165223691613e+02 1.665554792794401067e+02 3.376631287966691986e+01
2.520290318854580676e+02 1.638715577303728423e+02 3.652823908055632529e+01
2.520705845754818597e+02 1.640402256606269873e+02 3.542411649506728111e+01
2.520040480303260892e+02 1.638430968219549300e+02 3.459305350645531973e+01
2.520688690191795729e+02 1.645493009140882918e+02 3.467626783154733516e+01
2.520771593432845350e+02 1.648403259425715248e+02 3.378856392055149627e+01
2.520430976095094593e+02 1.683219326063329788e+02 3.705516950798843112e+01
2.520139790930521997e+02 1.690829386810036681e+02 3.657263352987194338e+01
2.520020594551172621e+02 1.691213857809653405e+02 3.933682132487674465e+01
2.520396061177236504e+02 1.705729774286869258e+02 3.864860104062206148e+01
2.520192675217758733e+02 1.702192893107847738e+02 3.847464074387151101e+01
2.519550765765529263e+02 1.697609246940350545e+02 3.896952426455531793e+01
2.520311215301659615e+02 1.699863359287630544e+02 3.889773341803920204e+01
2.519768747735780607e+02 1.698773265673648041e+02 3.839371426471283399e+01
2.519863123021269189e+02 1.688117679024272491e+02 3.864542194546972098e+01
2.520265681523445380e+02 1.679915784168053676e+02 3.864349637462394327e+01
2.520335524485070664e+02 1.684459619453647292e+02 3.777994019835873729e+01
2.520029651428361319e+02 1.684911400114457933e+02 3.848426072255503527e+01
2.519702881924573319e+02 1.689046954001564700e+02 3.782381748686096756e+01
2.519883008773357460e+02 1.683167229330631187e+02 3.889229404136236212e+01
2.520250822994492239e+02 1.681406926804681348e+02 3.741235174285819198e+01
2.520551931346245738e+02 1.662166365645821031e+02 3.707301024345935758e+01
2.519978027228385429e+02 1.654144873282474748e+02 3.667473078760703942e+01
2.520192452077306484e+02 1.664146041488372987e+02 3.826708468311430522e+01
2.519457716196846491e+02 1.674769994697132915e+02 3.704493129899245218e+01
2.520275184681539145e+02 1.674365204790431676e+02 3.809575744370297912e+01
2.520723316339656606e+02 1.686291825708930219e+02 3.642711970303943758e+01
2.520523710641961941e+02 1.693243661498558765e+02 3.651009382399730896e+01
2.520216695631172570e+02 1.687343670424176878e+02 3.779260801310491047e+01
2.520133529871943665e+02 1.685278308647873757e+02 3.758071515202427548e+01
2.520490278951817515e+02 1.678726603067262317e+02 3.717704094758561695e+01
2.520496119981308709e+02 1.673600016801163406e+02 3.859769745304862454e+01
2.519799121089135383e+02 1.686883174159810608e+02 3.756881782813459836e+01
2.519911649506728395e+02 1.683125502066017987e+02 3.738346555498968371e+01
2.519830820159295968e+02 1.691080957981340305e+02 3.932524033539322517e+01
2.519691514887406072e+02 1.695116781212098829e+02 3.816639321022980624e+01
2.519898392338669453e+02 1.699783317494736536e+02 3.987003775011419293e+01
2.520062846852144389e+02 1.697772887647469702e+02 4.007811753463927573e+01
2.520662858402944266e+02 1.702397000992318681e+02 3.973177336280537730e+01
2.519882549366543572e+02 1.697991670298168287e+02 3.815366107852968725e+01
2.521021615746890348e+02 1.682033833342958928e+02 4.009029837816268582e+01
2.519635349122926868e+02 1.665025871166578213e+02 3.694113817381853693e+01
2.520519904128360906e+02 1.660425358206055648e+02 3.319853462352267570e+01
2.520647802985356805e+02 1.653986286050308934e+02 3.664032252983518845e+01
2.520437709686395920e+02 1.657040895081984502e+02 3.855253120028562108e+01
2.520183119556029396e+02 1.670012732131700091e+02 3.789527099751657602e+01
2.520137520148270198e+02 1.698092713545412948e+02 4.204261982642297824e+01
2.519899114263662625e+02 1.712979489454644693e+02 4.162206701564083033e+01
2.519592742422412641e+02 1.704242306904753264e+02 4.013010926006626278e+01
2.520670996466505187e+02 1.697219368066238587e+02 4.221308994397862335e+01
2.520098221176816367e+02 1.700468437439292586e+02 4.060430634821461382e+01
2.520482639672797234e+02 1.711814643789082311e+02 3.969389461470206726e+01
2.519931233362910348e+02 1.708007421388931277e+02 4.016351732357465920e+01
2.519896541585504792e+02 1.709205724996456013e+02 4.031139512661251700e+01
2.519824559100717636e+02 1.713872943826359858e+02 3.928656615720638712e+01
2.519777528968881199e+02 1.715611417965694159e+02 4.003354982332526646e+01
2.519604306348214493e+02 1.714221751731307393e+02 4.029681092915684104e+01
2.520600234691252410e+02 1.717939022277292622e+02 4.038552238492515301e+01
2.520338687829132027e+02 1.710962956059707096e+02 4.081625565070380901e+01
2.519958929030835293e+02 1.717198694759612181e+02 4.079441807595176073e+01
2.519655405511831816e+02 1.719701057423226587e+02 4.025459931850280526e+01
2.520287339273244811e+02 1.707416650478045597e+02 4.035300163286307651e+01
2.520139843434157854e+02 1.696814722544536096e+02 3.941713351149567046e+01
2.519451625775084835e+02 1.704211316633676745e+02 3.997360248447205322e+01
2.519138992875256520e+02 1.715972170447803649e+02 3.991062568582874093e+01
2.519887497834224916e+02 1.714606537752739257e+02 4.022789728188676861e+01
2.520302027165381276e+02 1.724360308826386188e+02 4.117560891091708442e+01
2.520785152496810326e+02 1.726677543669899251e+02 4.086508534466011611e+01
2.520188186156891277e+02 1.734080477573072017e+02 4.042587011650557116e+01
2.520372802066543159e+02 1.726366170857331781e+02 4.281997028294209429e+01
2.520374180286984824e+02 1.732208053532707197e+02 4.239552038978699500e+01
2.521022088279613342e+02 1.740030990271076234e+02 4.224359324383213732e+01
2.520882454859998916e+02 1.736614093025941941e+02 4.369475173655775535e+01
2.520814856428807786e+02 1.741496182985671624e+02 4.466487454256207457e+01
2.521277164068611683e+02 1.743844473729805884e+02 4.298392994964900993e+01
2.520713458782020666e+02 1.744360006930479869e+02 4.294473598546699122e+01
2.520564637226127900e+02 1.739394304930616499e+02 4.295568299354730613e+01
2.520608556517538830e+02 1.742337816268776578e+02 4.244758036994061712e+01
2.520389327585935462e+02 1.747600793854974484e+02 4.290367289184776212e+01
2.521051752833883768e+02 1.749412510566356787e+02 4.296574400277219041e+01
2.521084449473125915e+02 1.755496343121761242e+02 4.262814037372088194e+01
2.520924050865522474e+02 1.746473777059061376e+02 4.471141114022145757e+01
2.520305413649895172e+02 1.743417422281492861e+02 4.393693000740301358e+01
2.520904952667972339e+02 1.751954106571880061e+02 4.267245606758267940e+01
2.520877375133227929e+02 1.750634375180481186e+02 4.412531699070160585e+01
2.521332555404461857e+02 1.759168670555436051e+02 4.303832502900825574e+01
2.521178430981345571e+02 1.758497910355292220e+02 4.340569034405632465e+01
2.520742257026299171e+02 1.742263405490830337e+02 4.494838236297863432e+01
2.520607020786189310e+02 1.726240227760772541e+02 4.347589951854165946e+01
2.520269671799772198e+02 1.726227285614528739e+02 4.084993148275518138e+01
2.520095740380021425e+02 1.728297333340333921e+02 4.255125404934291566e+01
2.519915416642602395e+02 1.732862865753453434e+02 4.297926500160136243e+01
2.521004565191139477e+02 1.762956781632128127e+02 4.231476586003580564e+01
2.520653250237579073e+02 1.773787756677149900e+02 4.598221308075584091e+01
2.521430579692643619e+02 1.780447777258575286e+02 4.668184240508654881e+01
2.520906777169319071e+02 1.785610013493434280e+02 4.664507279629114578e+01
2.520404054855798677e+02 1.781776158623984827e+02 4.602782430183290074e+01
2.521734063833920629e+02 1.754503538745058222e+02 4.256378666722670800e+01
2.521209749400146052e+02 1.758036075248211034e+02 4.271377249124501674e+01
2.521292928285283779e+02 1.753709014349243773e+02 4.325204501661740153e+01
2.520989746039913371e+02 1.752251841565028485e+02 4.405469041231105365e+01
2.521163887474207570e+02 1.752037232953381931e+02 4.304928647558843124e+01
2.520903377558896068e+02 1.740730154938229362e+02 4.410302263431742631e+01
2.521358780970582245e+02 1.745497156928117306e+02 4.340315704362527072e+01
2.520503575497603208e+02 1.743200149110325867e+02 4.424753626688648467e+01
2.520831303192746020e+02 1.738937155773037375e+02 4.373032557504607354e+01
2.521272031838204839e+02 1.750371161327921925e+02 3.982291442432388351e+01
2.520191664522768065e+02 1.735524813218315501e+02 4.172189217853336629e+01
2.520100872610428269e+02 1.734221397331765218e+02 4.164193307886571205e+01
2.520383959089166979e+02 1.736719927229960660e+02 4.119773263048465850e+01
2.520432866225986288e+02 1.738352449032095421e+02 4.136798354536051647e+01
2.519864501241710855e+02 1.724622393850774245e+02 4.018102597354867100e+01
2.519850640281839560e+02 1.695735208413182704e+02 3.911147440710269052e+01
2.519868005859405855e+02 1.688198101468526602e+02 3.755882769881814198e+01
2.520047056383654649e+02 1.683666420774638652e+02 3.813339204989945586e+01
2.519834390406535647e+02 1.685496645017667561e+02 3.735487732525477611e+01
2.520060129788987808e+02 1.693910549555556599e+02 3.750785454392716645e+01
2.520457687319846798e+02 1.689045641410667713e+02 3.928661341047867239e+01
2.520444325144516142e+02 1.687200939290045767e+02 4.001623412421309922e+01
2.520253146280379895e+02 1.681318195660049355e+02 3.962918913384751818e+01
2.520045153126854132e+02 1.685410381543921972e+02 3.931522789203152257e+01
2.519938216346481852e+02 1.686438323978935614e+02 3.660658238082987026e+01
2.520651714506229553e+02 1.691541992407974249e+02 3.819608007854544240e+01
2.519991323774171406e+02 1.695788578359051257e+02 3.762247523140977279e+01
2.519866955786688152e+02 1.697889629481841496e+02 3.832653192483579829e+01
2.520667045567905689e+02 1.694227724019888512e+02 3.877137816793813130e+01
2.520093088946409523e+02 1.695796558911704608e+02 3.885874815580979202e+01
2.520028089445194155e+02 1.699958666512656009e+02 4.032289736064222296e+01
2.520095005329119147e+02 1.699775402571628149e+02 3.884379380772118395e+01
2.520270183710221943e+02 1.694888337892398908e+02 3.997172547948945720e+01
2.519680974782503711e+02 1.713192522957214692e+02 3.940004751579046882e+01
2.520218585762063981e+02 1.712620259577975901e+02 3.831218530633246644e+01
2.519929723883379040e+02 1.696842470716097182e+02 4.142417031129405558e+01
2.520352378152186930e+02 1.709958902779017365e+02 3.813201645463948353e+01
2.519958180854024192e+02 1.710412258548904560e+02 4.011703979250562924e+01
2.520776305634165055e+02 1.720020857069352189e+02 3.955376109795603412e+01
2.520649771871702001e+02 1.711037301208108659e+02 3.974521560618072868e+01
2.520471600783354233e+02 1.700745289111270893e+02 3.816286234071709771e+01
2.519859290255850226e+02 1.681037366837653622e+02 3.939591547964696616e+01
2.519902093844998774e+02 1.685950394564823682e+02 3.930700713524411327e+01
2.519843276646907668e+02 1.690019229456639778e+02 3.820757049925707349e+01
2.520587751951822781e+02 1.701722408026755886e+02 3.875907919123399381e+01
2.519978263494747068e+02 1.707019801746270957e+02 3.957332657786551522e+01
2.520936179205409928e+02 1.704673033607577395e+02 3.872959577450738777e+01
2.520232801121477735e+02 1.708547723179830200e+02 3.877238755033786077e+01
2.520041648509159131e+02 1.714192979738846816e+02 3.925927607986852763e+01
2.519890936822374954e+02 1.708844998766164451e+02 3.785941757716722122e+01
2.520380231331019729e+02 1.710533358185054453e+02 3.879174039052204392e+01
2.520718118479704799e+02 1.719365506686337994e+02 4.129082551466689210e+01
2.520191612019132208e+02 1.712935767051868368e+02 4.024972960627523122e+01
2.520411943527089136e+02 1.717555680105847387e+02 3.995920336233284331e+01
2.520207139969442949e+02 1.723221583719672481e+02 4.035222982941568404e+01
2.519920640754372130e+02 1.738350007613027230e+02 3.896396806728866125e+01
2.520284372817817768e+02 1.731258774670145897e+02 4.166331780975832544e+01
2.520407467592130786e+02 1.732886715530050594e+02 4.073315158324714247e+01
2.520296553661341079e+02 1.737122393850774245e+02 4.011076954579104381e+01
2.520407716984401247e+02 1.741638480964806774e+02 4.001715950079542949e+01
2.520412993599806839e+02 1.738339598767214511e+02 4.169960307251277243e+01
2.520894950725337651e+02 1.743970797477725228e+02 4.176993300536062037e+01
2.520782330426382032e+02 1.746177800937715006e+02 4.146602358463323412e+01
2.520891459233552041e+02 1.747208447309976123e+02 4.207140231961063392e+01
2.521378548589489696e+02 1.743794779038448439e+02 4.456792001596110708e+01
2.521192003171219653e+02 1.752793626583640787e+02 4.214368538771309858e+01
2.519485779390222717e+02 1.730714036322015374e+02 4.097066228086295325e+01
2.520168431663892648e+02 1.724710770595863778e+02 4.098932863600804666e+01
2.520387463706861695e+02 1.729391666622913704e+02 3.958683051301302669e+01
2.520001076324535347e+02 1.731764056535915017e+02 4.007118967988532887e+01
2.520271758819298213e+02 1.727827281414238030e+02 4.128503042585698779e+01
2.519478730777106250e+02 1.732305539658621285e+02 3.997713860434835453e+01
2.521058630810183558e+02 1.735739802481321874e+02 4.035343216267726518e+01
2.520333056814184260e+02 1.725624202601030106e+02 4.206582512088962034e+01
2.520740156880864049e+02 1.734954334962696123e+02 3.915382121461911424e+01
2.518909578238292966e+02 1.738387193313136834e+02 4.063709093104697700e+01
2.520056782682200662e+02 1.726164727532381562e+02 4.271607477567821576e+01
2.520577592498280524e+02 1.739007248126932836e+02 4.132146532397368333e+01
2.520313026677097525e+02 1.737213960191743354e+02 4.131969070108105058e+01
2.520055706357665315e+02 1.737661579939410785e+02 4.098463087318796738e+01
2.520426788930133455e+02 1.739009571412820208e+02 4.127882055832366603e+01
2.520769677050135726e+02 1.743726918089077742e+02 4.011585452292571574e+01
2.520144949412746769e+02 1.744680318487055217e+02 4.074590209121981843e+01
2.520089216803263525e+02 1.748282041656384820e+02 4.067823934307450884e+01
2.520402453494904478e+02 1.739159836818699603e+02 4.155426250767865781e+01
2.520464630925691552e+02 1.737674312071110876e+02 4.249961278568540735e+01
2.520260129263951399e+02 1.738311141796569359e+02 4.113164761659744784e+01
2.520086197844200626e+02 1.726409420727385395e+02 4.175792804901739430e+01
2.519625452187563894e+02 1.717800255167670400e+02 4.006704189265106919e+01
2.520120246452066795e+02 1.705522909961514699e+02 4.083304237568451356e+01
2.519956448234040067e+02 1.717515921727579666e+02 4.149253267038742621e+01
2.520009070003097804e+02 1.717803287252642122e+02 4.198236271611808945e+01
2.520331862356468093e+02 1.716070312869166230e+02 4.228367845723316520e+01
2.520132453547408034e+02 1.720072245002966440e+02 4.116646671532003410e+01
2.519702527525031144e+02 1.727471162377994744e+02 4.206104860261573464e+01
2.520367499199319639e+02 1.726279146080865985e+02 4.190648577413985976e+01
2.519707764762709701e+02 1.724220819791770509e+02 4.227074024876222325e+01
2.519936470600589189e+02 1.731971590282627176e+02 4.053446863695310753e+01
2.520183119556029396e+02 1.734724211526648219e+02 4.171600520836067716e+01
2.520390928946829661e+02 1.734341000614292625e+02 4.144088484377542869e+01
2.520648787428529545e+02 1.739382478486635080e+02 4.131779006946231192e+01
2.520315048067078578e+02 1.734693523151478303e+02 4.246225119839549222e+01
2.520599525892168060e+02 1.743478168988202412e+02 4.159075909756750633e+01
2.520184182754655637e+02 1.744054763917401374e+02 4.233940581635278022e+01
2.520955566172957560e+02 1.743206055769362024e+02 4.242131280091146550e+01
2.520211405889857872e+02 1.744581637903424678e+02 4.079670067152150637e+01
2.520700569139413005e+02 1.743250696985766126e+02 4.316826365225792017e+01
2.520268936748869919e+02 1.743811921475562201e+02 4.330474160335603528e+01
2.521070575387345514e+02 1.747868194872494882e+02 4.375652095157589372e+01
2.520669447609246845e+02 1.742625956222468346e+02 4.147360248447205322e+01
2.519967250857121996e+02 1.727159238277250779e+02 4.147636680090096206e+01
2.520526926489659445e+02 1.718084129200947245e+02 3.971356510188330446e+01
2.520316045636160425e+02 1.723881869444458914e+02 4.009079978788530951e+01
2.520222982941568830e+02 1.730460811286181695e+02 3.990819608007854669e+01
2.519977672828843538e+02 1.721470443078183052e+02 4.175198201225435213e+01
2.520951168993452711e+02 1.729536655413387507e+02 4.101027496154108576e+01
2.520175926557914181e+02 1.730863816069262668e+02 4.273376456319600436e+01
2.519572686033507694e+02 1.740485908024130595e+02 3.996615615631382212e+01
2.520600287194888267e+02 1.735120784614334468e+02 4.111439623443923352e+01
2.520475958585132048e+02 1.735928920577750034e+02 4.266621732304962222e+01
2.520422312995174821e+02 1.731830434257572335e+02 4.207847587195413297e+01
2.520481497718716923e+02 1.743838960848038653e+02 3.955200091356326197e+01
2.520535760226395610e+02 1.741786029307529589e+02 4.061891285971553600e+01
2.520383578437806875e+02 1.733343064007182477e+02 4.250908837937026874e+01
2.519952221691352179e+02 1.733743128586654620e+02 4.223904774155609942e+01
2.520391979019547080e+02 1.740870116505568035e+02 4.268269821435134048e+01
2.520883294918173192e+02 1.741290552495760267e+02 4.237866672267054469e+01
2.520844652242167854e+02 1.747091744853331079e+02 4.198624798517297307e+01
2.521221155815040333e+02 1.748865173288250219e+02 4.206602988506953977e+01
2.520087549812824648e+02 1.753578004651822084e+02 4.035150002887699827e+01
2.520498259504470582e+02 1.741027548657744433e+02 4.347207987903162518e+01
2.521398355586124467e+02 1.755182226994219263e+02 4.118633934149939790e+01
2.519841767167376361e+02 1.747470742348907606e+02 4.222074234890766320e+01
2.520519077196095736e+02 1.738986706079396072e+02 4.242738222121882075e+01
2.520206103022634352e+02 1.720047410783196824e+02 4.062572914424323756e+01
2.519927426849309313e+02 1.701843625796086314e+02 4.040224216777011890e+01
2.520020660180717584e+02 1.709903760835437936e+02 3.900333135569638188e+01
2.520423612460162985e+02 1.713181129668229516e+02 4.011684552905288825e+01
2.519688495928343173e+02 1.713211726162036825e+02 4.002640276589153956e+01
2.519640796375148852e+02 1.714185839244367742e+02 4.199638381207898874e+01
2.520012745257609197e+02 1.721402660884266140e+02 4.093790132466673271e+01
2.520355449614885970e+02 1.722183074927938833e+02 4.076890655927923035e+01
2.520318487055228616e+02 1.725587751951822781e+02 4.015627050923276187e+01
2.520123842951124402e+02 1.721966969962669793e+02 4.068226374676446255e+01
2.519840690842840729e+02 1.721409775126927570e+02 4.112932039293720976e+01
2.520217522563437456e+02 1.722276780792069815e+02 4.190576647432834534e+01
2.519327651564870791e+02 1.723454817996146176e+02 3.910143964969574171e+01
2.519672587326672328e+02 1.721822073053558881e+02 4.034645967983282588e+01
2.519963496847156534e+02 1.721867790594498615e+02 3.996478974919013183e+01
2.520013874085780401e+02 1.722950979980363684e+02 3.985925087812331213e+01
2.519858594582674982e+02 1.721520426539537993e+02 4.127315147823986763e+01
2.520177383533809632e+02 1.725166909058452234e+02 4.164765728776718134e+01
2.520081104991520533e+02 1.729659947076335129e+02 4.132515370439402602e+01
2.520267479772974184e+02 1.733901991462908825e+02 4.109676026314822650e+01
2.520080383066527361e+02 1.726111738237873112e+02 4.416867318061775904e+01
2.520602741739865564e+02 1.741344145582081637e+02 4.050623480676036792e+01
2.520659616303429118e+02 1.741312879666917013e+02 4.170688795199067300e+01
2.520432971233258002e+02 1.736718680268608637e+02 4.146780739566214891e+01
2.520423979985613983e+02 1.745679462677790355e+02 4.003711482020129608e+01
2.520926807306406090e+02 1.743542341557152895e+02 4.092672986354305209e+01
2.520340328567753261e+02 1.733168489417892317e+02 4.136474538361781583e+01
2.520265248368449420e+02 1.721632141150774657e+02 4.022351322829106124e+01
2.520142521119587400e+02 1.714430598068916254e+02 4.091919427920383612e+01
2.520775649338716846e+02 1.717111538724056743e+02 3.941688149404346575e+01
2.520318237662958154e+02 1.727816190021158889e+02 4.191139748927613340e+01
2.520602439843959246e+02 1.739346959776964638e+02 4.138545281760762151e+01
2.520238064610974220e+02 1.745237578952342403e+02 4.187516998052115014e+01
2.519852110383644117e+02 1.740683374198663387e+02 4.270036175005119361e+01
2.521035476706761926e+02 1.743578962843176896e+02 4.239881368034736653e+01
2.520270367472947441e+02 1.737869664974299440e+02 4.386738369132062587e+01
2.519913040853079167e+02 1.736530441608081219e+02 4.159984747693777507e+01
2.519697736568257369e+02 1.726345891327974584e+02 4.051051910344791196e+01
2.519909050576752350e+02 1.727136530454733929e+02 4.094547891191464828e+01
2.520568338732457221e+02 1.732563739413954522e+02 4.068644434877115401e+01
2.520037435092380065e+02 1.732746977103164454e+02 3.928863742564172412e+01
2.520227865779705212e+02 1.731366590886418919e+02 4.116550721137438984e+01
2.521014002719688278e+02 1.737053745346865412e+02 4.253702162624761485e+01
2.520541561878160053e+02 1.741151207846143336e+02 4.329339162987037071e+01
2.520794012485364703e+02 1.742087360799735336e+02 4.364152880086945885e+01
2.521036093624483385e+02 1.750450284307188156e+02 4.340308353853504286e+01
2.521152520437040323e+02 1.751735783327995364e+02 4.237408184266760713e+01
2.521118655591899653e+02 1.755270196836130765e+02 4.243165864236098628e+01
2.520906855924772856e+02 1.745170558061145698e+02 4.035446910948583366e+01
2.520296186135889798e+02 1.722784018418275593e+02 4.163529793188178019e+01
2.520043998046864715e+02 1.719113213590041198e+02 3.851393577755259656e+01
2.520117476885274357e+02 1.720709468505694133e+02 4.001901419173277930e+01
2.520321768532470799e+02 1.722539495860088437e+02 4.020288586234596551e+01
2.519973262523429867e+02 1.719731312643400543e+02 4.202283251865191716e+01
2.520225266849729451e+02 1.728704210266560892e+02 4.154281408987572632e+01
2.520008046182198029e+02 1.739231097378493587e+02 4.060900542362558951e+01
2.520690186545418214e+02 1.738685728986732215e+02 4.297012411859521563e+01
2.520184038369657173e+02 1.737423292187984032e+02 4.294319631634490975e+01
2.521322435328646634e+02 1.742857247864414489e+02 4.262511222652168641e+01
2.520187385476444319e+02 1.744675251886193053e+02 4.183653780524301169e+01
2.520542835091330005e+02 1.737296023374618699e+02 4.274377700655770695e+01
2.520261271218031709e+02 1.729741970881483439e+02 4.384307975827326231e+01
2.520280802570578089e+02 1.729958141476297158e+02 4.216008621097010689e+01
2.520732898253204155e+02 1.737492203210072432e+02 4.114424323884428958e+01
2.521244677443912963e+02 1.740280382541490951e+02 4.073645143676199609e+01
2.520592687293595020e+02 1.738527023621385865e+02 4.007843649422722621e+01
2.520476483621490900e+02 1.730319957157033173e+02 4.229522663194426002e+01
2.520682311000036862e+02 1.739913408378530164e+02 4.209112531042774918e+01
2.521571026918614109e+02 1.737061043352252057e+02 4.199832250883373774e+01
2.520434625097788057e+02 1.729492197959708619e+02 4.031035161684946644e+01
2.520442658154077264e+02 1.709703052561389995e+02 3.865285777290077363e+01
2.520358206055769301e+02 1.708680688637688263e+02 4.001757034174616479e+01
2.519730748229314941e+02 1.714674661220289522e+02 3.770450166174007478e+01
2.519777725857515520e+02 1.719467547502664502e+02 3.920925586596872137e+01
2.520169481736610351e+02 1.716673907793114608e+02 3.995610302263431635e+01
2.519830807033387146e+02 1.726485603503042512e+02 4.085820868095115799e+01
2.520493652310422590e+02 1.731686036133002347e+02 4.010162603760310418e+01
2.519567895076734203e+02 1.726386542268052153e+02 4.132173309251665927e+01
2.520378498711035604e+02 1.726649887379701056e+02 4.111690590823414482e+01
2.520018271265285250e+02 1.734544964113764820e+02 3.820491250269081007e+01
2.520647907992628518e+02 1.734900636869103323e+02 3.966697600058804341e+01
2.520757522458430344e+02 1.725147325202270281e+02 4.254056562166930178e+01
2.520394643579067804e+02 1.731540548557987620e+02 4.050864997401070156e+01
2.520785388763171966e+02 1.729444340895607013e+02 4.213066317342475742e+01
2.520469907541097143e+02 1.725258737917600911e+02 4.133271685314208099e+01
2.520184589657833669e+02 1.723685807742186284e+02 4.249230690475315697e+01
2.520175467151100293e+02 1.731641460546142923e+02 4.011814499404083989e+01
2.520464158392968841e+02 1.727961992617988756e+02 4.118798795566593185e+01
2.520301278988569891e+02 1.718738061985792456e+02 4.122319951906669644e+01
2.519904771530428604e+02 1.727628082619721397e+02 3.972302231929560890e+01
2.519633550873398065e+02 1.707108795409081949e+02 3.892447220720034551e+01
2.520601140378971365e+02 1.682311157547660230e+02 3.870913773278799397e+01
2.519779576610680181e+02 1.690345539553614174e+02 3.613993925329329215e+01
2.519895412757333304e+02 1.688384069346802221e+02 3.821607871345090501e+01
2.520620750486971247e+02 1.692557452103558262e+02 3.922862839501635790e+01
2.520109299443986401e+02 1.700157957188535249e+02 3.788243648372650085e+01
2.519689690386059340e+02 1.699906254758141984e+02 3.828853110577907870e+01
2.520059000960816604e+02 1.709192205310217787e+02 3.874712017557215660e+01
2.520340748596840399e+02 1.711305936061072259e+02 3.816773599071735390e+01
2.520704979444826677e+02 1.713665016302379058e+02 3.776243811133920758e+01
2.519298197025144077e+02 1.710228535201062812e+02 3.891058499551093774e+01
2.520248263442243513e+02 1.711393814021620869e+02 4.009056483411476535e+01
2.519991507536896904e+02 1.720460758782545554e+02 3.898051983849881452e+01
2.519848172610953441e+02 1.721973506665336515e+02 3.952531725321978229e+01
2.520441804969994166e+02 1.719914117177614514e+02 4.138929083339021275e+01
2.519938505116479348e+02 1.723118532208355305e+02 4.060874421803709566e+01
2.520041490998251561e+02 1.733267891926516029e+02 3.994884176979255841e+01
2.520687259467718206e+02 1.737575408347028088e+02 4.067222505158482448e+01
2.520288559982778906e+02 1.744766293190803594e+02 4.091627507704908595e+01
2.520956261846132804e+02 1.744447228595580270e+02 4.234705297091823439e+01
2.520488244435927072e+02 1.755412927970261876e+02 4.132818841454771075e+01
2.520408937693935343e+02 1.750779928385040591e+02 4.239722282018029631e+01
2.521129720733160866e+02 1.747131358846600051e+02 4.300649863753064750e+01
2.520407677606674213e+02 1.744441282558817079e+02 4.078206134524815951e+01
2.520180021841512428e+02 1.722346676257330955e+02 3.989777017058431596e+01
2.519252623869202807e+02 1.712565025753033296e+02 4.004155531520557787e+01
2.520375269737429278e+02 1.713286045058620175e+02 4.183069283797902926e+01
2.520393186603172353e+02 1.726339144610764436e+02 4.110882822385450197e+01
2.520344226962717187e+02 1.735008216819014706e+02 3.995670418926510337e+01
2.520639927439975168e+02 1.742330373878391185e+02 4.059484781821141297e+01
2.520984574431779492e+02 1.739196051201545572e+02 4.158416857867407401e+01
2.519601878055055408e+02 1.738520316281902467e+02 4.100918419850574992e+01
2.520559872521172053e+02 1.736257645841974693e+02 4.256953319017341641e+01
2.520808109711597638e+02 1.739726101657539914e+02 4.254150806193328549e+01
2.521129510718617155e+02 1.742907178822133574e+02 4.241664260250022522e+01
2.521352165512461738e+02 1.748620913248242346e+02 4.171593695363404208e+01
2.520108866288990441e+02 1.745192727721394590e+02 4.203727101851803383e+01
2.520642434488588322e+02 1.749306558229157247e+02 4.122369436583483093e+01
2.520990796112630790e+02 1.748632542803589160e+02 4.320689451494516220e+01
2.521006363440668281e+02 1.750162104975769637e+02 4.170733423289562580e+01
2.520901907457091511e+02 1.749184119750292723e+02 4.311011850070617157e+01
2.520903416936622818e+02 1.747992746622703635e+02 4.267346019961882320e+01
2.521021038206895923e+02 1.755392254663635470e+02 4.183223907005559994e+01
2.520834571544079381e+02 1.745574311021038341e+02 4.383755900096081604e+01
2.519872573675727097e+02 1.732280876075668345e+02 4.328910602059192314e+01
2.520519379092002055e+02 1.718945766369321007e+02 4.089326929639877761e+01
2.519551080787344404e+02 1.711312590896919517e+02 4.037734100586465757e+01
2.520170111780240916e+02 1.722373741881625335e+02 4.008999910743818873e+01
2.520591348450880105e+02 1.729548403101914857e+02 4.176266781474617318e+01
2.520575636737844150e+02 1.734644077852391320e+02 4.205750066942135845e+01
2.520240112252773486e+02 1.732468077789386882e+02 4.379469240744921876e+01
2.520688663939977801e+02 1.746599365756078726e+02 4.147360117188114970e+01
2.520833285205000323e+02 1.741435935063503280e+02 4.204345332164252369e+01
2.520288100575965018e+02 1.739383423552081069e+02 4.168925198069966598e+01
2.520914272063340320e+02 1.742898515722213801e+02 4.127650908575418498e+01
2.520557680494374324e+02 1.741900670996466545e+02 4.157873313976993046e+01
2.520452909488982129e+02 1.740066010196206037e+02 4.064556764305928027e+01
2.520386558019142740e+02 1.731486706079396072e+02 4.231410431422376206e+01
2.520593737366312723e+02 1.740357996041225874e+02 3.942994308605870657e+01
2.521047355654379203e+02 1.736761969516389001e+02 4.208407800990218561e+01
2.520534447635498623e+02 1.745428600305571081e+02 4.151867291809957550e+01
2.520406063119871192e+02 1.738265739277445050e+02 4.229422118731721980e+01
2.520336640187333046e+02 1.742105776450019050e+02 4.138145729091739611e+01
2.520378511836944710e+02 1.743004376178050450e+02 4.241774911662632519e+01
2.519902605755448519e+02 1.722173125488940002e+02 4.152558108399006898e+01
2.519773866840278629e+02 1.696412387182812438e+02 4.079462546531347300e+01
2.520413794280253796e+02 1.700107711209001309e+02 3.951818332169502668e+01
2.519621475037146183e+02 1.707302704462283884e+02 3.957331738972924029e+01
2.519664304878112944e+02 1.722315922252616076e+02 3.992588849277812812e+01
2.520322818605188502e+02 1.721182001228584966e+02 4.042484367042417404e+01
2.520562353317967279e+02 1.725923906480523726e+02 3.984448554312385937e+01
2.520354491423531158e+02 1.720255837091718547e+02 4.278982794558523040e+01
2.518990158193454931e+02 1.722307429789512980e+02 4.074042464940696817e+01
2.520140302840971742e+02 1.718384778145886571e+02 4.206441146049363766e+01
2.519513435680420912e+02 1.725382200217364925e+02 3.999731837679759394e+01
2.519561043352252057e+02 1.723360140814751560e+02 4.238288013944965371e+01
2.519943558591432407e+02 1.722538380157826055e+02 4.193927823251760145e+01
2.520689320235426294e+02 1.729891750628731018e+02 4.147060190168168958e+01
2.520400537112195138e+02 1.734953862429973412e+02 3.952095945144201039e+01
2.519880344213836736e+02 1.731943054556527954e+02 4.138138247323627184e+01
2.519529698681633647e+02 1.733631505856780564e+02 4.056700776528774810e+01
2.520100386951796452e+02 1.729019363340911468e+02 4.228041404367252198e+01
2.521023125226421939e+02 1.741673212119939365e+02 4.257279235337047396e+01
2.519495020030137198e+02 1.716985188724319187e+02 3.890716963399715667e+01
2.519446217900589602e+02 1.674122848007224604e+02 4.062883473430535020e+01
2.519794947050083351e+02 1.676812464888193404e+02 3.862811805967563572e+01
2.520013519686238226e+02 1.685246504570441459e+02 3.831267490273701526e+01
2.519995405931860830e+02 1.686401348293369438e+02 3.956617033229551339e+01
2.519630610669788950e+02 1.702052892162782314e+02 3.846926699673952754e+01
2.519507739035928182e+02 1.710198004336800182e+02 3.888412972598352724e+01
2.519803387009550306e+02 1.718294458766269486e+02 3.835310007718034342e+01
2.519548613116458284e+02 1.719915469146238252e+02 3.845966539432856024e+01
2.520056270771750917e+02 1.716603474165586078e+02 3.905968350808293366e+01
2.519690372933325762e+02 1.717280561053852921e+02 3.861168573423709915e+01
2.519682628647033766e+02 1.717031090027984419e+02 3.951547282149288520e+01
2.520872072266004409e+02 1.728610478150611982e+02 4.108727679391797949e+01
2.519888954810120651e+02 1.729937205651491468e+02 4.091748134808335635e+01
2.520116256175740261e+02 1.721904241243706224e+02 4.112710736468500272e+01
2.520196481731359768e+02 1.720533988228684734e+02 4.045113880386216465e+01
2.519680279109328183e+02 1.734860458461748465e+02 3.839362632112273843e+01
2.519912069535815249e+02 1.728290429112215918e+02 3.960131495356053222e+01
2.519752629119566620e+02 1.725285120994628869e+02 3.893805621039256692e+01
2.520488191932291215e+02 1.726132739692223765e+02 4.094270540734945740e+01
2.520163981980752226e+02 1.720114221659849818e+02 3.988947065834309313e+01
2.519803741409092481e+02 1.720480185127820221e+02 4.046495907341583376e+01
2.520399631424476183e+02 1.729249211132870983e+02 3.951605954962381162e+01
2.520424386888792014e+02 1.735758415020240193e+02 4.050751064511217692e+01
2.520433496269616569e+02 1.739570073977622826e+02 4.067459821592645142e+01
2.519409662244110280e+02 1.739321364254474531e+02 4.018761649244210332e+01
2.521016903545570642e+02 1.746188498553524937e+02 3.992328037466594282e+01
2.520622404351501302e+02 1.739406302011414311e+02 4.072213500784929607e+01
2.520438024708211060e+02 1.746404367252432337e+02 4.116083570037225314e+01
2.520787160760882557e+02 1.747484301412872867e+02 4.170950657083002966e+01
2.520897641536676304e+02 1.742075718118479699e+02 4.263913988543706779e+01
2.520427143329675630e+02 1.744588017095183829e+02 4.276462226259168631e+01
2.520564204071131940e+02 1.744118214561358400e+02 4.005273990223822977e+01
2.519612090012233239e+02 1.713069953219260526e+02 3.931494831017047886e+01
2.519723673364380545e+02 1.694615384615384528e+02 3.784654762342292145e+01
2.519256246620078343e+02 1.693631545234507598e+02 3.917205835254091539e+01
2.520088232360091069e+02 1.707590122490982480e+02 3.887321028231205133e+01
2.519989171125100427e+02 1.703100326572615018e+02 4.016003239474333952e+01
2.520073806986133889e+02 1.708726642444989352e+02 3.965535825855940288e+01
2.519786073935620152e+02 1.716260940445125698e+02 4.174151147466962186e+01
2.520027551282926481e+02 1.731324811118169862e+02 3.877326042328431299e+01
2.520064054435769663e+02 1.719965557614864906e+02 4.096594745436121343e+01
2.520372316407911342e+02 1.723297333340333921e+02 4.247612528417592870e+01
2.520613137459769177e+02 1.723177034384631270e+02 4.071121293899602733e+01
2.520660784509327357e+02 1.727127197933456841e+02 4.007568661629817797e+01
2.520227721394706464e+02 1.730101962060872722e+02 4.102258968933598737e+01
2.520230504087408008e+02 1.732897885678583236e+02 4.220724891448733018e+01
2.519978368502018782e+02 1.733170392674692835e+02 4.241822821230370266e+01
2.520195339777279457e+02 1.732258509526784849e+02 4.109230007928049133e+01
2.520668856943343314e+02 1.734878112809311972e+02 3.964799856140037804e+01
2.520309863333035878e+02 1.731507051238298232e+02 4.083854869449709213e+01
2.519883678194715060e+02 1.742009839181363304e+02 3.941347400807505608e+01
2.520644508382205515e+02 1.748388427148580035e+02 4.102053548458230381e+01
2.520467715514299414e+02 1.746392947711628949e+02 4.248485926400402946e+01
2.521069275922357633e+02 1.751948698697384827e+02 4.165545670287667690e+01
2.521524626830407954e+02 1.753943324950252816e+02 4.294687157085628115e+01
2.520689044591337904e+02 1.754954400592241086e+02 4.166769923817223997e+01
2.521148779552983967e+02 1.755630043630521300e+02 4.003598730462084632e+01
2.521385177173519310e+02 1.759161306920504160e+02 3.983226400928264610e+01
2.521040858329439232e+02 1.755908864188845087e+02 4.297077385108919145e+01
2.521186687178087027e+02 1.762125465313473001e+02 4.275975386295500869e+01
2.521027942435013642e+02 1.749181717708951282e+02 4.197721473462037522e+01
2.520854982332526504e+02 1.730014162855777897e+02 4.173282212293201354e+01
2.520184432146926099e+02 1.725286223570982429e+02 4.037404640271338963e+01
2.520334435034626210e+02 1.742338026283320005e+02 3.984102686611047517e+01
2.520445795246320699e+02 1.738928505799026709e+02 4.280026698098843241e+01
2.520525482639672816e+02 1.751744315168825494e+02 4.162065466783574408e+01
2.520284648461905874e+02 1.754558667562728829e+02 4.248813417829184402e+01
2.520697550180350106e+02 1.754664528018565193e+02 4.323183767975932312e+01
2.520358507951675620e+02 1.747020969952169196e+02 4.339553482828685560e+01
2.520441686836813346e+02 1.752858678588492296e+02 4.218515800969217366e+01
2.521292376997106999e+02 1.754265356000903182e+02 4.150224978079732097e+01
2.521064852491035140e+02 1.750310860902117440e+02 4.339751552795031131e+01
2.521205535983366985e+02 1.759536196006573334e+02 4.222526947491113702e+01
2.521551666202884689e+02 1.765220095241595573e+02 4.170384142851892761e+01
2.520763573502464965e+02 1.744779957262040284e+02 4.261167654610081712e+01
2.519553062799598990e+02 1.741672608328126728e+02 4.121397988060672901e+01
2.520756958044344458e+02 1.746972850369888022e+02 4.132972677107889581e+01
2.521074723174579901e+02 1.742279970387949390e+02 4.247244346671006809e+01
2.520694255577198817e+02 1.743358263809768687e+02 4.341516199996849679e+01
2.520546969752655286e+02 1.749196156208817570e+02 4.346468342932747930e+01
2.520345762694066423e+02 1.746480392517181883e+02 4.168278090757785037e+01
2.520418427726120001e+02 1.740224859946551419e+02 4.284489769666549108e+01
2.520499283325370357e+02 1.743932404193990351e+02 4.342233530922016627e+01
2.520676063067367352e+02 1.742387681596950699e+02 4.129288496978415424e+01
2.520697838950347318e+02 1.728108490887993867e+02 4.190521518615164354e+01
2.520277927996513654e+02 1.714988462326016077e+02 4.150603004258044848e+01
2.520085462793298348e+02 1.728754574379275653e+02 4.011547518415650160e+01
2.520204173514015906e+02 1.729975375794773811e+02 3.983208418432976572e+01
2.520509285268004760e+02 1.734368945674488032e+02 4.154623601434399660e+01
2.520022327171156462e+02 1.735653079600762396e+02 4.157139181888345547e+01
2.520633942025485226e+02 1.735176399090636892e+02 4.259270435727674453e+01
2.520466429175220355e+02 1.733359983303843705e+02 4.099633524621579994e+01
2.519451599523266907e+02 1.723884534003979638e+02 4.189913789029890268e+01
2.520157012123089544e+02 1.723112008631597689e+02 4.018203535594840048e+01
2.520485999905493486e+02 1.711218845655061500e+02 4.145709796653418522e+01
2.520214398597102843e+02 1.725218428251156411e+02 3.882372823067997558e+01
2.520226960091986257e+02 1.722979148181011624e+02 4.112630930941967478e+01
2.520227773898342321e+02 1.728781876269931672e+02 3.911660532491875131e+01
2.519702435643668252e+02 1.724874083155258404e+02 4.157631140956511473e+01
2.520212285325758899e+02 1.729146645280185624e+02 3.977403616450439472e+01
2.519576794443015046e+02 1.724873072460267736e+02 4.214342811989730109e+01
2.520149700991793793e+02 1.728163488446574831e+02 4.153571166053249186e+01
2.519916873618498130e+02 1.732765825908444128e+02 4.132432020917448767e+01
2.520189170600064017e+02 1.728228448570063449e+02 3.966128066868630953e+01
2.520145448197287692e+02 1.727490877493266339e+02 4.128824364837264937e+01
2.520220856544315780e+02 1.715404461758976709e+02 3.631512157216887005e+01
2.519873689377989479e+02 1.681989966555183855e+02 3.863725106713639690e+01
2.520287181762336957e+02 1.687010587358174689e+02 3.637462131752624117e+01
2.519907934874489968e+02 1.693551674078429983e+02 3.575341798669558102e+01
2.519532520752061941e+02 1.687500866309991920e+02 3.674093787244766673e+01
2.520038262024645235e+02 1.688193494274478610e+02 3.763448543811659164e+01
2.520359912423935498e+02 1.699465591742228128e+02 3.703889600604841803e+01
2.520202519649485851e+02 1.696082848112231716e+02 3.834173697778571466e+01
2.520146275129552862e+02 1.695734223970009964e+02 3.859862939258543690e+01
2.520474147209694138e+02 1.696727566508980658e+02 3.830697300788079929e+01
2.520367472947501710e+02 1.703818510681864780e+02 3.851898268955125104e+01
2.520334448160535032e+02 1.713211778665672682e+02 3.948472275455075220e+01
2.520123764195670617e+02 1.716593721615221853e+02 4.007075915007114020e+01
2.520087300420554186e+02 1.711991121635173272e+02 4.146741755616576341e+01
2.520495109286318041e+02 1.723641783443503357e+02 4.119738348130608330e+01
