2.526822956120748529e+02 3.465627959056131857e+01 1.927544575221574235e+02
2.529203256382092206e+02 3.453554536588137580e+01 1.919456018956897196e+02
2.531339742254374698e+02 3.207265074615559541e+01 1.918215985057950093e+02
2.530351890955230658e+02 3.201143616013938242e+01 1.915087540716612295e+02
2.528149714036815396e+02 3.252840457162336207e+01 1.908397043784561902e+02
2.525758548121354465e+02 3.073629128475115380e+01 1.900483415082190675e+02
2.523324239167487235e+02 3.282032611165821123e+01 1.895808283936823102e+02
2.522925689815165526e+02 3.256699184720854134e+01 1.898782431255207825e+02
2.522250989508370651e+02 3.340965646541928891e+01 1.903002057135823009e+02
2.521134774354215722e+02 3.454054498712218901e+01 1.909749332436936697e+02
2.520387861241572693e+02 3.559221129081129931e+01 1.909246091678660662e+02
2.521857423206575390e+02 3.507041133247481213e+01 1.905357264601166492e+02
2.520941737368381155e+02 3.375497003067949464e+01 1.909120390974168515e+02
2.520892403984546490e+02 3.424497197182031982e+01 1.905182703961821176e+02
2.520708149477312361e+02 3.340681695515490901e+01 1.903069440762063493e+02
2.520959846791909627e+02 3.219535925308688462e+01 1.899267089140974178e+02
2.521239335561699875e+02 3.149980588591773412e+01 1.893290150840845456e+02
2.521506526494204934e+02 3.028538557685023846e+01 1.896652041038557570e+02
2.521079700401484729e+02 3.015457635785167767e+01 1.899157544882963293e+02
2.520681873058859139e+02 3.035772029581092468e+01 1.898197780944625492e+02
2.521233808044844977e+02 2.952543604651162923e+01 1.899951933092189904e+02
2.520968120312855092e+02 2.979567954132262741e+01 1.898370767366108680e+02
2.521200512745246556e+02 2.902103060374214039e+01 1.898277699132641487e+02
2.522398362339974369e+02 2.736449298348609815e+01 1.891659852946746412e+02
2.521075320998409097e+02 2.749332910385576767e+01 1.890691188167563155e+02
2.521071864820846997e+02 2.656207271229452260e+01 1.890932907544882937e+02
2.521743239148549378e+02 2.749428547079766716e+01 1.885953739300053087e+02
2.521361296019240967e+02 2.469749805885917837e+01 1.889827522536171500e+02
2.521867945610181039e+02 2.653937675176123179e+01 1.883350314370123613e+02
2.521729994413302052e+02 2.570012214983713505e+01 1.889134381391561135e+02
2.521106355579122749e+02 2.628070316642678605e+01 1.885604452314218520e+02
2.521303985020074379e+02 2.687891779031891559e+01 1.884323796492689951e+02
2.521649247689568938e+02 2.772660451859707464e+01 1.888225158131959631e+02
2.521805237292629442e+02 2.830575808650859670e+01 1.888325517479736391e+02
2.521626652336944119e+02 2.861904519543973890e+01 1.892999571528671936e+02
2.521469644818574238e+02 2.894766021513521537e+01 1.890548419627301087e+02
2.521561103325505542e+02 2.825532038292553594e+01 1.889676906579047113e+02
2.520996207673661047e+02 2.498006187978183590e+01 1.892744133967123616e+02
2.522132982349822043e+02 2.503951050109840182e+01 1.894013604556473069e+02
2.521414097416862319e+02 2.542529566888871884e+01 1.886766094898113693e+02
2.521891925801075729e+02 2.582121501212029457e+01 1.890917508616771556e+02
2.520683139534883708e+02 2.505205098098628724e+01 1.891185125653359478e+02
2.521528861449890258e+02 2.683914452503598369e+01 1.889163285451859622e+02
2.521619787326717699e+02 2.684512773653511175e+01 1.888800978619044031e+02
2.521397952806605645e+02 2.725186183811832308e+01 1.887653799901522689e+02
2.522072842492993061e+02 2.596721720892356799e+01 1.889573162071055208e+02
2.521756389194000576e+02 2.651174271835467167e+01 1.890098382698280375e+02
2.521222019165214761e+02 2.714823332512688481e+01 1.889584595863949801e+02
2.521761893038406299e+02 2.747587422354366993e+01 1.888276846924475478e+02
2.521330557344140573e+02 2.698339732785395029e+01 1.889852059029618943e+02
2.521553883228543214e+02 2.850154462730096228e+01 1.891176710097719820e+02
2.521779031891523459e+02 2.853608864858722782e+01 1.896757241402166585e+02
2.521468555885917624e+02 2.797376974282251183e+01 1.897277526323763368e+02
2.521606956859328932e+02 2.831466721271115716e+01 1.897640010699946913e+02
2.521195044409514310e+02 2.691907928376638282e+01 1.898901195932126313e+02
2.520506756116960787e+02 2.725563522649799353e+01 1.894847407393379228e+02
2.521455180952200692e+02 2.674638640065146689e+01 1.896014908908416032e+02
2.520874046000303110e+02 2.633418277971365740e+01 1.897494519828043451e+02
2.521063461101431642e+02 2.874959401749867283e+01 1.900482598382698143e+02
2.521497874214074670e+02 2.841837621202939346e+01 1.904914909381865016e+02
2.520477390443905676e+02 2.993155821528672078e+01 1.903029043727747762e+02
2.520486883095977646e+02 3.075759767252480970e+01 1.908182464870085653e+02
2.520199688944019272e+02 3.246867779903037388e+01 1.910918088591773483e+02
2.520637108457692648e+02 3.539967497727445078e+01 1.916544106507082859e+02
2.520448297004014933e+02 3.819639018824331345e+01 1.917553180156806434e+02
2.520242252007423644e+02 3.645881704037572746e+01 1.924102956215438098e+02
2.520898724528444745e+02 3.502557808120597116e+01 1.916174828138019848e+02
2.520170559995454767e+02 3.546315383304295210e+01 1.917930400632527892e+02
2.520811669097037964e+02 3.525233291985455963e+01 1.920208566112415838e+02
2.520251910366638981e+02 3.466480759033406400e+01 1.918588447371411121e+02
2.520443195591243182e+02 3.467363623020982999e+01 1.922170988466782831e+02
2.520898854726914635e+02 3.686638441216574336e+01 1.921606518919021198e+02
2.520161493447466228e+02 3.791476379630331195e+01 1.919854864214832162e+02
2.520743456935080644e+02 3.720185497310809808e+01 1.922619368324369304e+02
2.520225823327778301e+02 3.640302107794863673e+01 1.925527528691008285e+02
2.520449883058101648e+02 3.753372732179380478e+01 1.928070742746761539e+02
2.520048978297098756e+02 3.857801373948943535e+01 1.928418384497386455e+02
2.520669859290962904e+02 3.911213284031512671e+01 1.929746184001212157e+02
2.520187296416938239e+02 4.026690686311643219e+01 1.931153735985910203e+02
2.520638138209226611e+02 4.273789272592985355e+01 1.937798237349443298e+02
2.520432957257025919e+02 4.547086868419059158e+01 1.943120525907128240e+02
2.520128198147867522e+02 4.570238405234452017e+01 1.944922958014544463e+02
2.520408243220210522e+02 4.574112756609347485e+01 1.941664161332474805e+02
2.521092234963260239e+02 3.998030688962957413e+01 1.930100667089614319e+02
2.520568067760018209e+02 3.745658946291947444e+01 1.921495944909476634e+02
2.520534997348685806e+02 3.683375785925309032e+01 1.921951781588516042e+02
2.521020696822210425e+02 3.886256486251041764e+01 1.918720492292250697e+02
2.520572399818195493e+02 3.929814621051435353e+01 1.925319483372471723e+02
2.520360247329747665e+02 3.849557325202636093e+01 1.922334446727520572e+02
2.520466027668358322e+02 3.870867855654874745e+01 1.916931470627225167e+02
2.520283974698886311e+02 3.986381358419816934e+01 1.920776846924475478e+02
2.520813219642451202e+02 4.119257418945534255e+01 1.926895796246496388e+02
2.520834418320581847e+02 4.381550403378531655e+01 1.925281915195818385e+02
2.520585632717218516e+02 4.257524051208241644e+01 1.928393054976895655e+02
2.520508211972577897e+02 4.479382480493902108e+01 1.931081961120369783e+02
2.520617590523445131e+02 4.435912643928489985e+01 1.930180798329672029e+02
2.520126422714188266e+02 4.468712124081508819e+01 1.931539016930535695e+02
2.520264563290659794e+02 4.391861885463222137e+01 1.930346363438375761e+02
2.520148426255586571e+02 3.847549901522612004e+01 1.914486603761078811e+02
2.520749150159078908e+02 3.817443990985531599e+01 1.915752203905007320e+02
2.520783037269903843e+02 3.804929195704870892e+01 1.915076308139534831e+02
2.520823197579728685e+02 3.806827844481478706e+01 1.911961558309976397e+02
2.520731159097795739e+02 3.906763455420043840e+01 1.913014899439436363e+02
2.521379843383077173e+02 4.008147583516399948e+01 1.919765015434436748e+02
2.521341103420195395e+02 3.948100877774410833e+01 1.918883098344822429e+02
2.520799785527611618e+02 3.932234182069539941e+01 1.921711991515794296e+02
2.520767235910158206e+02 4.023464960040905680e+01 1.914914211044617787e+02
2.520579975001893729e+02 4.020606748541776909e+01 1.916578585429134023e+02
2.520359773880766738e+02 4.163925909968941852e+01 1.911990320335580691e+02
2.520736947011590132e+02 3.900079065979849702e+01 1.915736485398833508e+02
2.520632302950534154e+02 3.993124337171426674e+01 1.916426359745473746e+02
2.519900303480796993e+02 4.065359868570563151e+01 1.922858744129232775e+02
2.521116428206196360e+02 4.042414282061965025e+01 1.926185445231421909e+02
2.519848792231649099e+02 4.119630733467161576e+01 1.920312144913264092e+02
2.520299468316794105e+02 3.831349069199303159e+01 1.918432102681614992e+02
2.520637617415347336e+02 3.769573091053707969e+01 1.911734006893417188e+02
2.520591846735095771e+02 3.581545550526475097e+01 1.911728396522990749e+02
2.520481864536777437e+02 3.626970494659495614e+01 1.912580332455874554e+02
2.520662047382774062e+02 3.546404391712749060e+01 1.916958184985985838e+02
2.520920195439739473e+02 3.582204828232709559e+01 1.912689190212862798e+02
2.519492486364669332e+02 3.591534850579501637e+01 1.911750991875615568e+02
2.520853959927278254e+02 3.666963795356412703e+01 1.911445439739413814e+02
2.520731289296265345e+02 3.648894851715779453e+01 1.911624947920612101e+02
2.520312334292856633e+02 3.610251235701840500e+01 1.916176520718127279e+02
2.520318122206651026e+02 3.602953019657601885e+01 1.916256474414817035e+02
2.520669598894023125e+02 3.430516154079236202e+01 1.907672690515869931e+02
2.520743741004469314e+02 3.378468132149079395e+01 1.906550213998939398e+02
2.520767011021892188e+02 3.250468241042345596e+01 1.906154789409893056e+02
2.520034206688887082e+02 3.158171492689947613e+01 1.906311311643057422e+02
2.521302955268540131e+02 3.094688375880615183e+01 1.898857863514127757e+02
2.521784867150215916e+02 2.835061382660404661e+01 1.896127139989394834e+02
2.521384968468297814e+02 2.536050062495265678e+01 1.887952143776986702e+02
2.521990935819256094e+02 2.523249659116733667e+01 1.886713991837739570e+02
2.521384518691765777e+02 2.647129360465116221e+01 1.887292759544731382e+02
2.521358727558518353e+02 2.504706793045981428e+01 1.885546194417089509e+02
2.521660397413074861e+02 2.338290423074009539e+01 1.879549584311794490e+02
2.521999848496326138e+02 2.131773161124157312e+01 1.880195806662374025e+02
2.522627570827967531e+02 2.057851559540943853e+01 1.877075280755245785e+02
2.521771752613438480e+02 2.407232761722596948e+01 1.887393402961896811e+02
2.520615542856601792e+02 2.658654529012953560e+01 1.898433712408150882e+02
2.521249147791833991e+02 2.684662620256041166e+01 1.896073545564729841e+02
2.521084624270888526e+02 2.759928461858950044e+01 1.898963525490493112e+02
2.521344689796227669e+02 2.856976389099310509e+01 1.897607236194227767e+02
2.520618845163245112e+02 2.753025220627225167e+01 1.900612808688735811e+02
2.520828725096583582e+02 2.600320288235739596e+01 1.898549352321793720e+02
2.521649389724263415e+02 2.542547676312400640e+01 1.899844661389288660e+02
2.520837223505795066e+02 2.714624602302856005e+01 1.899055185213241543e+02
2.521390744545867619e+02 2.735337285054162493e+01 1.904806193659571250e+02
2.520877265453374605e+02 3.020433702939171283e+01 1.908853211877888043e+02
2.520948495852586859e+02 2.988333033482312118e+01 1.915529895935914055e+02
2.520791867093402061e+02 3.040697792780849795e+01 1.910011966422998171e+02
2.520901269316718469e+02 2.954807519316718256e+01 1.911289805223089218e+02
2.520646103988334232e+02 2.848668661465040586e+01 1.907947361942277098e+02
2.521726786796454860e+02 2.792389307628209849e+01 1.905529529012953560e+02
2.520108348799333271e+02 2.954489361601393682e+01 1.910572127585031410e+02
2.520756772687675209e+02 3.041582077115370097e+01 1.911402284864782928e+02
2.520367443754261103e+02 3.261515936292705220e+01 1.914329726441178821e+02
2.520436590977956257e+02 3.287482837474433950e+01 1.916033977066131229e+02
2.520891658302401197e+02 3.229257726687372099e+01 1.917755757139610751e+02
2.520361277081281628e+02 3.519058570373456263e+01 1.922342720248466037e+02
2.520683139534883708e+02 3.791321680175744291e+01 1.933400618324369304e+02
2.519902481346110221e+02 3.861138005643511661e+01 1.929899545962427112e+02
2.520204707503219481e+02 3.609989300053026540e+01 1.928641982614953463e+02
2.520704586773729261e+02 3.632463568100901341e+01 1.926124536019998459e+02
2.520556811510491571e+02 3.553383266419210429e+01 1.926701007499431739e+02
2.520567606147261586e+02 3.509637645822286345e+01 1.929561976838875808e+02
2.520746640879478946e+02 3.502607638625861597e+01 1.930993153927732635e+02
2.520901269316718469e+02 3.776931080031815924e+01 1.932264186898719913e+02
2.520241636523748241e+02 3.914361009582607664e+01 1.936284017309294825e+02
2.520408385254904999e+02 4.236806397242633437e+01 1.943142375577607766e+02
2.520676783482311976e+02 4.297616302742216732e+01 1.945677955268540131e+02
2.520142744867813178e+02 4.257441434361033572e+01 1.940691661616544081e+02
2.520217597151730899e+02 3.999016646466176894e+01 1.938633898473600539e+02
2.519972315070828017e+02 3.387121595901825799e+01 1.920872022005908661e+02
2.520302711442315058e+02 3.406431094235285428e+01 1.920124446064692165e+02
2.520437526039694092e+02 3.420021092152109787e+01 1.919815331224907311e+02
2.520291916805545043e+02 3.633625056813878018e+01 1.926603536190440025e+02
2.520714399003863377e+02 3.885631060146958760e+01 1.927444168528899411e+02
2.520311292705098083e+02 3.952432580865085754e+01 1.931108900367396473e+02
2.520336989148549378e+02 3.842578687220665046e+01 1.927385685743504382e+02
2.519075673717900088e+02 3.605616170176502067e+01 1.927559382338459102e+02
2.520156723448981211e+02 3.416431993788349075e+01 1.923907409950003853e+02
2.520393779353836692e+02 3.380895860162108590e+01 1.926135389837891125e+02
2.520209146087417480e+02 3.257029770471933716e+01 1.922273040394667021e+02
2.520953976024543692e+02 2.804325903340656012e+01 1.908765091186273821e+02
2.520721761135519898e+02 2.808980616998712065e+01 1.905584567457010792e+02
2.520633001287781099e+02 2.797191145557154712e+01 1.908106724869328161e+02
2.520646044807211581e+02 2.873551601204454187e+01 1.904130641144610365e+02
2.521003605313991329e+02 2.786663060563593675e+01 1.909816384648890164e+02
2.521416796076054823e+02 2.891275163813347504e+01 1.912070972369517392e+02
2.521412653397469796e+02 2.951298552193015823e+01 1.919068323422467870e+02
2.520351062419513539e+02 3.081890576471479548e+01 1.922790674001969649e+02
2.520514165593515656e+02 3.192920517385046608e+01 1.920773106677524424e+02
2.520707699700780324e+02 3.140503086887357043e+01 1.924529178660707487e+02
2.520862434664040563e+02 3.323436079653056652e+01 1.922708909362927159e+02
2.521159831641542439e+02 3.286709221839254269e+01 1.922802817968335773e+02
2.520806934607226708e+02 3.278467540337852881e+01 1.921560026229073515e+02
2.520495440686311781e+02 3.326113433641391026e+01 1.923628146068479623e+02
2.521227120577986511e+02 3.215530902014998560e+01 1.921449191822589171e+02
2.519969415195818385e+02 3.241786133626240485e+01 1.919824232065752483e+02
2.520408432599803064e+02 3.358488466782819160e+01 1.922965471365805570e+02
2.520948626051056749e+02 3.349774283198242841e+01 1.919187833781531651e+02
2.520582934058026012e+02 3.232378584008787215e+01 1.920565617661540898e+02
2.520673291796076114e+02 3.497580912430876765e+01 1.921760425346564602e+02
2.520573938527384428e+02 3.406945851640027456e+01 1.920528617623664900e+02
2.521081582361184701e+02 3.332485938565260142e+01 1.917372014904173909e+02
2.521202205325354271e+02 3.222038339898492865e+01 1.919945233789106851e+02
2.520677150405272187e+02 3.292905367017650065e+01 1.922063195970002312e+02
2.520471756401030348e+02 3.387801113552003329e+01 1.923920027365351189e+02
2.520411474509506888e+02 3.547713004696613837e+01 1.931886350939322767e+02
2.520510200458298584e+02 3.705357193583819253e+01 1.936171383796682051e+02
2.520419227236573079e+02 4.124524065411711149e+01 1.934184010681009056e+02
2.519926189303840545e+02 4.042391319786379711e+01 1.944197799882584548e+02
2.520020642375577609e+02 4.283955879289447921e+01 1.945642529448526545e+02
2.521121139023558726e+02 4.307433859177334767e+01 1.950130044598894017e+02
2.520241056548746315e+02 4.476058513559578955e+01 1.946779742064994991e+02
2.520589372964169286e+02 4.467596086470722128e+01 1.946668244829937180e+02
2.520002154192864054e+02 3.929765500719642546e+01 1.932071978448602465e+02
2.520456688887205416e+02 3.991550474395879178e+01 1.937739506003333076e+02
2.520736816813120242e+02 3.906260060790849309e+01 1.937436569672752000e+02
2.520654117112339918e+02 3.999313025528368826e+01 1.931830034183016380e+02
2.520714765926823588e+02 4.068717450382546730e+01 1.936974341432467099e+02
2.519969604575410926e+02 4.178699885425346849e+01 1.934522420176501782e+02
2.520129287080524136e+02 3.822388692144534161e+01 1.931518197011590132e+02
2.520598072589197898e+02 3.678934479395500290e+01 1.926747713241421138e+02
2.520652164135292708e+02 3.830580188053935586e+01 1.922491347719869736e+02
2.520302368191803737e+02 3.900382665139004956e+01 1.929309628531929377e+02
2.520244406200287983e+02 3.903603301833194195e+01 1.929253276266949513e+02
2.520357797231270354e+02 3.710328171161275890e+01 1.929173831527914444e+02
2.520723962673282301e+02 3.716734646049541624e+01 1.934113644326187398e+02
2.520342279940913670e+02 3.917269288311491238e+01 1.928837872130899314e+02
2.520445775888190383e+02 3.793678390841603232e+01 1.934951353117187978e+02
2.520418848477387996e+02 3.761051956291190379e+01 1.932294120710552363e+02
2.520338764582228634e+02 3.863209581660480296e+01 1.930162475854101842e+02
2.520316382281645247e+02 3.992011968790243515e+01 1.935257165650329512e+02
2.521129921502158879e+02 4.118299750018937999e+01 1.937861762366487426e+02
2.520211844746609984e+02 4.155124611771835674e+01 1.935532618267555449e+02
2.520041817381259079e+02 4.158504445685932893e+01 1.936329657791076500e+02
2.520633462900537722e+02 4.006651839822740868e+01 1.937178634667828305e+02
2.520575773142186335e+02 3.874720901825619279e+01 1.937720662733883898e+02
2.519252506912355045e+02 3.675044149117491088e+01 1.928527751212029386e+02
2.520204234054238270e+02 3.810404041360502703e+01 1.926815676842663549e+02
2.520343049295507853e+02 3.734723340087872145e+01 1.934118035565487332e+02
2.520493795451102130e+02 4.077150641996818337e+01 1.936935601469585606e+02
2.520447586830543116e+02 4.215569724831452447e+01 1.937486719756079196e+02
2.520151326130596203e+02 4.231582242822513251e+01 1.937974336697977549e+02
2.520282637205514789e+02 4.269403477956215198e+01 1.937243674721611910e+02
2.520561782724793716e+02 4.376914390955230516e+01 1.940218626903264862e+02
2.519916980721157529e+02 3.958969727672145922e+01 1.932794402412696115e+02
2.520350352246042007e+02 3.928343733429285578e+01 1.927318278444814723e+02
2.520846621468070623e+02 3.767879564048178054e+01 1.926893866941898352e+02
2.520377717597151843e+02 3.732742547913036901e+01 1.928632004677675980e+02
2.520698763351261391e+02 3.741183906522233116e+01 1.926212017555488103e+02
2.520951277365351189e+02 3.776771527725172461e+01 1.930228261590031025e+02
2.520233031588516042e+02 3.879657909438678587e+01 1.927984409325051161e+02
2.520358838819028904e+02 3.912176042534656517e+01 1.926480545981364969e+02
2.520374356109385587e+02 4.021834875198848636e+01 1.930734189171274977e+02
2.519964029713657965e+02 3.921315028217559018e+01 1.936062088099386358e+02
2.520543460249223529e+02 3.988471162222558775e+01 1.928555554503446672e+02
2.520635546076054823e+02 4.069343941746837601e+01 1.929987145860162059e+02
2.520150414741307543e+02 4.089146063745170778e+01 1.931085085883645149e+02
2.519943422846754117e+02 4.011461134573138310e+01 1.927472267725929953e+02
2.520802365824558819e+02 4.003254725020831728e+01 1.927337334766305617e+02
2.520400869252329414e+02 3.857315378569805375e+01 1.929620554314067249e+02
2.520615093080069755e+02 3.871636973524732639e+01 1.928095622490720302e+02
2.520096453393682339e+02 3.988997282402848299e+01 1.931240838762215049e+02
2.520401472899780231e+02 3.929528539504583051e+01 1.932756029372774833e+02
2.520444189834103383e+02 4.120343510908264761e+01 1.932317958866752576e+02
2.520620750795394258e+02 4.190806094235285428e+01 1.930512887281266501e+02
2.520614276380577223e+02 4.526330391636997064e+01 1.932087720627225167e+02
2.520315340693886696e+02 4.341712393947427984e+01 1.930465672581622698e+02
2.520524048840997011e+02 4.107066462767971871e+01 1.931302245095068599e+02
2.520493499545488874e+02 4.176667487311567584e+01 1.927991084955685039e+02
2.520546135235966858e+02 3.990554337739565227e+01 1.923615824558745544e+02
2.520387600844632914e+02 3.899948157336565657e+01 1.922192187144913191e+02
2.520246856298765294e+02 4.135030608476630221e+01 1.925426317135065517e+02
2.520036775149609980e+02 4.246918675668509735e+01 1.930311635955609404e+02
2.520622301340807496e+02 4.342480564919324593e+01 1.936236317324445224e+02
2.520422553215665573e+02 4.134627466669191875e+01 1.929720274505719146e+02
2.520214010775698910e+02 4.243453502575562197e+01 1.933269851715779168e+02
2.520693827645633007e+02 4.437838160934777676e+01 1.934926733770168994e+02
2.520624881637754697e+02 4.288477672146049713e+01 1.936432845996515368e+02
2.520274884478448598e+02 4.235984608173622945e+01 1.929494463014165717e+02
2.520847023899704595e+02 4.256489210097719678e+01 1.924696874289826667e+02
2.520249034164078523e+02 4.250012072949019171e+01 1.929553229868949416e+02
2.520269712048329609e+02 4.496358348799333271e+01 1.934471701954397531e+02
2.520341273861828597e+02 4.639628153170214375e+01 1.932769167582001444e+02
2.520016949473524619e+02 4.365513266040451157e+01 1.937780613211120340e+02
2.519995525907128240e+02 4.547688030262858661e+01 1.933724504772365833e+02
2.520540323649723575e+02 4.428480441822588887e+01 1.929962964453450525e+02
2.520790576944928318e+02 4.559777313271721511e+01 1.932162146807060026e+02
2.520625213052041431e+02 4.464981346110143079e+01 1.926747512025604010e+02
2.520319234811756814e+02 4.771221640406029962e+01 1.933888590353003565e+02
2.520207524524657288e+02 5.024422155518521294e+01 1.939227686349518933e+02
2.520194942617983429e+02 5.092289291530944695e+01 1.937938449265207055e+02
2.519825190799939492e+02 5.092706991894553425e+01 1.940494623986819249e+02
2.519778224661010597e+02 4.500236251041587821e+01 1.925730792174835244e+02
2.520599066832058099e+02 4.571925303954245834e+01 1.926427034410272086e+02
2.520084049030376434e+02 4.709016599121278546e+01 1.930706752802817903e+02
2.521005274221649870e+02 4.726964458184986029e+01 1.928896923055071682e+02
2.519396660290886985e+02 4.866156919930308078e+01 1.931681027952427883e+02
2.520454297969850757e+02 4.955221432088477940e+01 1.932309945742746891e+02
2.519847880842360439e+02 4.949034282440724297e+01 1.933526887167638790e+02
2.519702958109234032e+02 4.942903946670706716e+01 1.936240554692826379e+02
2.520933866279069662e+02 4.488995388606923598e+01 1.911384151768805282e+02
2.520235055582910491e+02 3.919807211574880768e+01 1.906294693583819537e+02
2.520842715513976202e+02 3.735667870805242075e+01 1.899866617585788902e+02
2.520149491515794296e+02 3.723485791796075972e+01 1.904307687391106754e+02
2.521351933565638888e+02 3.615560847663056165e+01 1.898025978145595047e+02
2.521470426009393293e+02 3.411272938603136140e+01 1.898929295129156856e+02
2.521014459131883996e+02 3.561216953261116913e+01 1.900043959737898547e+02
2.521235642659646885e+02 3.392762740512082331e+01 1.895786138360730320e+02
2.520977530111355236e+02 3.302251841716536518e+01 1.891640772952806628e+02
2.520907305791228055e+02 3.306258166994924608e+01 1.898098368494810870e+02
2.520809787137337992e+02 3.379845276872963922e+01 1.895674996212408132e+02
2.521687289315203486e+02 3.324408307135823293e+01 1.893449312552079391e+02
2.521063887205514789e+02 3.430744829937125928e+01 1.895770265983637728e+02
2.520266149344746509e+02 3.368663003749716012e+01 1.899475702598288080e+02
2.520953680118930436e+02 3.230522545640481979e+01 1.891448635520036419e+02
2.521095809503067926e+02 3.076366728846299381e+01 1.887840303291417285e+02
2.520957302003636187e+02 3.001740161730171863e+01 1.888861438053935444e+02
2.521178947144155700e+02 2.994100707332777844e+01 1.887545510283311785e+02
2.521160032857359283e+02 3.030777734641315035e+01 1.889203883701992197e+02
2.521016909230361307e+02 3.064718345201121252e+01 1.893747182978562194e+02
2.520562362699795358e+02 3.185335154533747470e+01 1.895619993277024378e+02
2.520744297307022066e+02 3.429126344595106701e+01 1.900777758313764139e+02
2.520657502272555064e+02 3.622447636542685956e+01 1.901180178111506791e+02
2.520767082039239426e+02 3.845030679493977743e+01 1.903315373835315540e+02
2.520530333876221505e+02 3.829626661805923504e+01 1.905393649155367086e+02
2.520925746629043260e+02 3.733932798651617446e+01 1.901953486004848060e+02
2.520435229812135560e+02 3.619023890235587970e+01 1.902070948697068502e+02
2.520619058215286827e+02 3.702264624839027363e+01 1.911835964131505250e+02
2.520981554427694959e+02 4.054674243428527802e+01 1.915674179512915600e+02
2.520427015472312746e+02 4.099977274448905717e+01 1.917415832607378263e+02
2.520402857738050102e+02 4.195396537194152131e+01 1.914329134629952307e+02
2.520699674740550051e+02 4.082848008673585127e+01 1.912560175365502744e+02
2.520661763313385393e+02 4.041125198848572353e+01 1.907474244375426053e+02
2.520581490038633490e+02 3.923837564389061328e+01 1.908839635728353983e+02
2.520388322854329317e+02 3.861216716536625881e+01 1.907325770774941418e+02
2.520398537516097406e+02 3.828897668737216975e+01 1.908098451348382696e+02
2.520262598477387996e+02 3.815386381713506836e+01 1.911747606715400423e+02
2.520367727823649773e+02 3.912071055223088933e+01 1.909485621354442912e+02
2.520694904742065034e+02 3.773859343042193615e+01 1.909044781171880913e+02
2.520378723676236632e+02 3.911136940383304506e+01 1.908801712464964737e+02
2.521143840902204261e+02 3.969891012044541867e+01 1.908035222236951824e+02
2.520653217559275845e+02 3.964929858533444218e+01 1.909334567457010792e+02
2.519914353079312264e+02 4.035267806416180747e+01 1.913775057287326717e+02
2.520370450155291167e+02 4.403740128588743374e+01 1.920973233561851430e+02
2.520055239659874360e+02 4.384105962616468588e+01 1.921324769430346180e+02
2.520807928850087194e+02 4.384506618816756429e+01 1.919411810658283457e+02
2.520199499564427015e+02 4.171802562305885687e+01 1.913794622566472299e+02
2.520191308897053375e+02 4.080361809711385490e+01 1.909290927297174392e+02
2.520337959718960690e+02 4.123329908719036752e+01 1.908045117320657482e+02
2.520065158416029192e+02 4.158794788273615950e+01 1.912150050185591965e+02
2.520556349897734947e+02 4.085958331755170292e+01 1.912095923130823394e+02
2.520056316756306387e+02 4.074284973676236632e+01 1.911654573990606707e+02
2.520994361222634552e+02 4.220629947541852545e+01 1.914415160309825126e+02
2.520243743371714231e+02 4.189852923074009539e+01 1.916901536815392717e+02
2.520114255075372967e+02 4.452358249375047450e+01 1.918783532024089027e+02
2.520746984129990267e+02 4.387694942617983429e+01 1.920993284126202525e+02
2.519049847075979187e+02 4.512335121392318626e+01 1.919570416066964640e+02
2.520711155878342424e+02 4.522900845579880524e+01 1.923200124517082088e+02
2.520810319767441854e+02 4.287401167525187162e+01 1.919410342966442045e+02
2.520492256741913479e+02 4.298468037459283408e+01 1.916070385292780713e+02
2.520265758749337124e+02 4.498830344292099426e+01 1.917367043689872048e+02
2.520238783993636957e+02 4.220982193583819253e+01 1.918832747045678389e+02
2.520629758162260430e+02 4.174961768994773337e+01 1.915993390652223241e+02
2.520360886485872243e+02 4.132005387849405054e+01 1.918028475588970423e+02
2.520417593837588015e+02 4.284863244261798343e+01 1.918996371013559497e+02
2.520995473827740341e+02 4.311938371146125348e+01 1.918977279183395126e+02
2.520588887678963772e+02 4.278052443943640526e+01 1.920673729736383564e+02
2.519734442466479720e+02 4.087651740398454336e+01 1.920081788311491664e+02
2.520348127035830714e+02 4.058737856033634017e+01 1.911880077740322577e+02
2.520690892261949898e+02 3.873667596204833075e+01 1.913988843174759609e+02
2.520317980171956549e+02 3.959533131959700114e+01 1.911087240076509488e+02
2.520637723941368051e+02 4.032403913529277872e+01 1.910365774846602562e+02
2.520696171218089603e+02 3.921364266911597696e+01 1.909263147678206280e+02
2.520141158813726179e+02 3.771321656503295117e+01 1.909433541966517680e+02
2.520451208715248868e+02 3.639586134573138310e+01 1.911787423774713943e+02
2.520673469339444068e+02 3.978849021854404810e+01 1.908129852852056558e+02
2.519823261495341171e+02 3.974487964926899508e+01 1.912974419551549090e+02
2.520485912525566334e+02 3.955353405991970561e+01 1.911750743314900376e+02
2.520839223827740341e+02 3.797061775623058821e+01 1.910005776077569806e+02
2.520621804219377395e+02 3.890814616316945518e+01 1.914376373002045284e+02
2.520502921180213605e+02 4.083661038936444498e+01 1.917940982217256192e+02
2.520091908283463340e+02 4.096926605938944022e+01 1.913004483561851430e+02
2.520197937182789190e+02 3.967630411521854228e+01 1.917637892015756336e+02
2.520079705135974564e+02 4.191576514089841510e+01 1.918464060487841891e+02
2.520167813991364199e+02 4.248266348193318720e+01 1.916420690193924656e+02
2.520493748106204066e+02 4.188209818384970617e+01 1.919194012290735429e+02
2.520717500094689854e+02 4.147470480456026110e+01 1.917615497878948645e+02
2.519924816301795261e+02 4.135123641201423794e+01 1.914822077872888428e+02
2.520449030849935639e+02 4.103161455571547833e+01 1.915319329501552943e+02
2.520899197977425956e+02 4.065884450041663456e+01 1.915720033046738990e+02
2.520003621884705751e+02 3.927097734073176127e+01 1.912869432239981791e+02
2.521068893928490127e+02 4.026545100749942918e+01 1.914243061605181424e+02
2.520615779581092397e+02 3.907653066055601698e+01 1.917601247064616246e+02
2.520493002424058773e+02 3.908343828119081564e+01 1.913817170574199054e+02
2.520384665460949805e+02 4.182371127187334281e+01 1.916273092474054920e+02
2.520148355238239617e+02 4.098855673812590084e+01 1.915062885860919550e+02
2.520792695629118896e+02 3.689605545981365253e+01 1.913319291625634548e+02
2.520047913036891032e+02 3.972167946557078722e+01 1.904966172070297716e+02
2.521019584217104637e+02 3.823334998295583631e+01 1.909397654533747470e+02
2.520740367680478755e+02 3.609601782061965025e+01 1.908853531455950190e+02
2.520346943413377687e+02 3.667907497538065087e+01 1.906430999545488874e+02
2.521169194095144235e+02 3.873443063025528232e+01 1.912460691898341167e+02
2.520211584349670488e+02 3.962913557685023846e+01 1.915550573820165141e+02
2.520776231440800075e+02 3.928703673017195541e+01 1.916979359991667309e+02
2.520849071566547934e+02 4.056416772403606075e+01 1.911984934853420270e+02
2.520207690231800655e+02 3.994621382849783942e+01 1.911785080202257348e+02
2.520440461423376917e+02 4.016372220854480446e+01 1.915538784940534924e+02
2.520446308518293961e+02 4.103065700515112724e+01 1.920094985701840642e+02
2.520655691330202330e+02 4.049852757366866030e+01 1.915798246818422967e+02
2.520437691746837459e+02 4.044956821452920082e+01 1.914277647053253588e+02
2.520895232842208884e+02 4.258521608211498943e+01 1.921093986724490605e+02
2.520010984016362272e+02 4.451368149193243084e+01 1.918486999090978031e+02
2.520723193318688118e+02 4.111559848685705276e+01 1.920744119763654396e+02
2.520432424626922341e+02 4.116753465646542054e+01 1.921265978903113307e+02
2.520292603306567685e+02 4.164621643246723437e+01 1.916448327778198575e+02
2.519682221043860295e+02 4.055758796682069800e+01 1.920870069028861451e+02
2.518912333819407650e+02 3.818603349178092543e+01 1.912775594651920414e+02
2.520233303821680124e+02 3.859160290887054146e+01 1.911719353647450816e+02
2.520574861752897391e+02 3.937708199189455627e+01 1.916740860067419021e+02
2.520158451537762403e+02 3.991550711120369499e+01 1.916913846488902493e+02
2.519976587947882649e+02 3.770625568138777339e+01 1.919979878418301666e+02
2.521202524903416418e+02 3.935370189758351955e+01 1.915336077759260718e+02
2.520512307306264574e+02 4.155596877130520284e+01 1.916928511571093168e+02
2.520211584349670488e+02 4.300748759563669665e+01 1.923138067191879372e+02
2.520530783652753541e+02 4.352259061813499130e+01 1.926028343023255900e+02
2.521096815582152999e+02 4.349998106204075299e+01 1.919381190345428365e+02
2.519931870691614222e+02 4.224966148397848542e+01 1.921173313101280087e+02
2.520198055545034492e+02 4.110394809105370939e+01 1.916270819918945563e+02
2.520923592436179206e+02 3.973008200136353452e+01 1.915202091697598803e+02
2.520256479149306870e+02 4.008565283880009389e+01 1.912628707105522210e+02
2.520918171445345024e+02 3.854838530224982662e+01 1.913246344973865689e+02
2.520872720343155891e+02 3.710630113248996054e+01 1.913741324047420562e+02
2.520809005946519221e+02 3.779332531626391756e+01 1.914829463676994123e+02
2.520587668547837268e+02 3.798019681274146109e+01 1.913628595845011660e+02
2.520771047174456498e+02 3.740988017006287691e+01 1.911311536531323441e+02
2.521073865142792272e+02 3.779820184076963585e+01 1.907930365123854131e+02
2.520489818479660755e+02 3.650877774411029719e+01 1.906056761798348589e+02
2.520515929190970326e+02 3.661917065941974414e+01 1.910037840409817420e+02
2.520380108514506503e+02 3.586931624498144089e+01 1.907527116790394643e+02
2.520244855976820020e+02 3.461919433186879758e+01 1.907576189777289528e+02
2.520409639894704981e+02 3.386593108476630221e+01 1.906898968354670103e+02
2.520174974907203875e+02 3.262973448981137636e+01 1.905443266608590136e+02
2.520339095996515368e+02 3.196373617528974975e+01 1.900140259260662106e+02
2.520827813707294922e+02 3.059999242481630333e+01 1.904348108097871375e+02
2.521105444189834088e+02 3.166218586660101408e+01 1.894805507158548608e+02
2.520075100844632914e+02 3.050370237103249593e+01 1.899199267574426244e+02
2.521129625596545623e+02 2.881262191311264331e+01 1.896131377357775989e+02
2.521360112396788224e+02 2.869463369252329343e+01 1.896939365388985550e+02
2.520447894572380960e+02 2.986155404893568743e+01 1.892603460438603236e+02
2.521104355257177474e+02 2.822938248049390353e+01 1.892395805715476058e+02
2.521043647261571152e+02 2.730123073062646810e+01 1.893629223164911650e+02
2.521829572570259757e+02 2.642430734414059401e+01 1.894517306927505444e+02
2.521213639118248580e+02 2.776930014771608057e+01 1.892358557116885152e+02
2.520579773786076885e+02 3.317357704908719285e+01 1.907357574710249253e+02
2.520490895576092782e+02 3.656243726801000093e+01 1.921288657109309952e+02
2.520483486099537913e+02 3.632900798234982176e+01 1.918866693337625975e+02
2.520479769525036033e+02 3.516566571661238072e+01 1.916447013957275942e+02
2.520437419513673092e+02 3.653841446670706716e+01 1.913529502973259468e+02
2.520112432296795646e+02 3.626712109878039314e+01 1.915013114536777437e+02
2.520630551189303787e+02 3.669058925460192455e+01 1.914781337588061376e+02
2.521214053386107139e+02 4.035813219642451344e+01 1.926541715589727914e+02
2.520016251136277674e+02 4.812508995530641442e+01 1.941317904420119760e+02
2.520278281474888331e+02 4.884345882887659940e+01 1.942139125350352344e+02
2.519972788519809228e+02 4.850511561624119139e+01 1.937505882603590521e+02
2.519621808953867230e+02 4.640028572646011895e+01 1.935164239451556796e+02
2.520482266968411409e+02 4.187235815468525146e+01 1.917021769184152618e+02
2.520537139705325274e+02 4.125001538709188509e+01 1.916936808764487523e+02
2.520766999185667885e+02 4.176124678054692652e+01 1.921496134289068891e+02
2.520168228259222758e+02 4.404004076395727907e+01 1.921343304957957798e+02
2.520549780793121784e+02 4.230052765888947874e+01 1.922611745795773004e+02
2.519805767555488103e+02 4.092503763919400228e+01 1.917767865597303114e+02
2.520274032270282589e+02 3.945847260624195485e+01 1.917930590012120433e+02
2.520055227823649773e+02 4.125275310582531318e+01 1.919846401314294440e+02
2.520312985285205798e+02 4.220292615142792414e+01 1.923314663661843724e+02
2.520432779713657965e+02 4.160141395538217068e+01 1.917425301587001059e+02
2.519965532914173139e+02 4.208888294447390166e+01 1.919000679399287890e+02
2.519196332190743135e+02 4.340541081168093029e+01 1.914676587000984682e+02
2.520008166994924750e+02 4.280504909665934576e+01 1.916959356772214278e+02
2.520231930819634840e+02 4.298421757821377298e+01 1.920596924475418632e+02
2.520361774202712013e+02 4.366431283614877401e+01 1.924009580240133346e+02
2.520280210779486367e+02 4.410612358912203490e+01 1.923586861317324406e+02
2.520473626524505733e+02 4.355357430308310285e+01 1.921683170309067634e+02
2.520280483012650450e+02 4.463350669456859521e+01 1.920600984300431833e+02
2.520912691273388475e+02 4.562874616506325509e+01 1.922334624270888526e+02
2.519947021059010694e+02 4.462127632376335384e+01 1.927922008749337124e+02
2.519558461480190772e+02 4.298059806075297473e+01 1.920268871676388187e+02
2.520060956556321514e+02 4.125311884516324312e+01 1.917342885955609404e+02
2.520255189000833411e+02 3.771445463411862420e+01 1.911261966422998171e+02
2.520768952162714811e+02 3.386034557041133297e+01 1.899767477369138646e+02
2.520996479906825130e+02 3.136330817741080068e+01 1.896036498181955778e+02
2.520425559616695637e+02 3.096777587872130866e+01 1.890492422449056846e+02
2.521047245473827729e+02 3.144092658700098397e+01 1.893032109309900761e+02
2.521120345996515368e+02 3.068967313082342230e+01 1.897215859593970038e+02
2.520891267706991812e+02 3.274075472502083528e+01 1.891837431823346662e+02
2.521330959775774545e+02 3.270530641618059065e+01 1.899725944057268521e+02
2.520891054654950381e+02 3.199785409249299306e+01 1.896184391807438772e+02
2.521138408075145776e+02 3.073898757669873660e+01 1.892159152242254265e+02
2.520797773369441757e+02 3.040979021475645894e+01 1.895927557571395994e+02
2.520985176312400711e+02 3.143484158397091122e+01 1.898649605143549763e+02
2.520782670346943348e+02 3.121620284448147942e+01 1.898178689114461122e+02
2.521583959075070140e+02 3.174541109575032038e+01 1.896757371600636191e+02
2.521145912241496774e+02 3.430228297098704360e+01 1.898260868021361887e+02
2.521202513067191830e+02 3.438412572911143172e+01 1.900296308044844977e+02
2.521171750719642546e+02 3.392466598174380721e+01 1.900688986629800752e+02
2.520572908775850181e+02 3.537861123210362990e+01 1.902129774732974852e+02
2.521184261608968882e+02 3.640896878077418108e+01 1.911884871411256768e+02
2.520943560146958475e+02 3.781513592720248340e+01 1.917220937334292898e+02
2.520771473278539645e+02 3.767455472123324256e+01 1.915123286114688312e+02
2.519976469585637346e+02 3.612665588781153048e+01 1.913646646087417480e+02
2.521020152355882260e+02 3.461200737633512858e+01 1.909190556113173329e+02
2.520850196007878310e+02 3.306126429815923018e+01 1.904464612055904809e+02
2.520937736724490605e+02 3.254817106658586567e+01 1.902643419532611233e+02
2.520734615275357839e+02 3.152266992083933062e+01 1.900226699208393200e+02
2.520695875312476346e+02 3.434436666729793330e+01 1.905148378910688507e+02
2.520983140481781675e+02 3.487035073100522453e+01 1.904055362756609213e+02
2.520264551454435207e+02 3.400899316339670975e+01 1.907018466877509297e+02
2.520418339519733308e+02 3.557271939625785961e+01 1.907016845314748821e+02
2.521079368987197995e+02 3.521047411180970954e+01 1.900561995776835147e+02
2.521189268331944504e+02 3.343458828876600109e+01 1.906123636466934386e+02
2.520704468411483958e+02 3.422745317589576786e+01 1.902449909097795739e+02
2.520584602965684553e+02 3.522832077115369742e+01 1.904962372642224011e+02
2.520526060999166589e+02 3.453676686425270503e+01 1.906864761665783021e+02
2.520437526039694092e+02 3.282746217142640432e+01 1.904707100787819058e+02
2.520197806984319300e+02 3.329808702939170928e+01 1.899198545564729841e+02
2.521128584008787072e+02 3.246776285887433033e+01 1.898215251212029386e+02
2.521208300980986223e+02 3.435630823422467728e+01 1.895842727350200789e+02
2.520546241761987858e+02 3.278714799068252717e+01 1.901729449946973602e+02
2.520868565828346277e+02 3.168006921824104083e+01 1.899920827494129298e+02
2.521223356658586567e+02 3.057307921748352442e+01 1.899804217010074865e+02
2.520875419002348394e+02 3.031521404628437111e+01 1.896966860938565276e+02
2.521133981327172080e+02 3.000627083175517029e+01 1.896577508332701996e+02
2.521315584520112054e+02 2.822434379971214469e+01 1.893645758370577994e+02
2.521368516116203295e+02 2.832206722028634260e+01 1.890420635747291840e+02
2.521213911351412662e+02 2.797044731459737932e+01 1.896666528577380575e+02
2.521270086073024856e+02 2.800322418756154974e+01 1.897773736364669332e+02
2.520872341583970808e+02 2.784622850541625638e+01 1.897648142186197902e+02
2.520579572570259757e+02 2.877525258503143846e+01 1.896578064635255032e+02
2.521307405688963001e+02 3.126861246307097986e+01 1.902012974869328161e+02
2.520683033008862992e+02 3.129060653548973647e+01 1.900729324482993832e+02
2.520850633948185759e+02 3.079018161502916584e+01 1.902507598856147126e+02
2.521330225929853839e+02 3.111087820051511343e+01 1.902988836073024856e+02
2.520792091981668079e+02 3.220965267782743524e+01 1.904189467180516715e+02
2.520935345807135946e+02 3.242831390614347242e+01 1.904690163150519027e+02
2.521059602492235570e+02 3.060115000757518544e+01 1.903829515756382023e+02
2.521359828327399555e+02 2.920490635179153216e+01 1.899088409495492726e+02
2.520900026513143075e+02 2.924011556889629659e+01 1.902914409893189998e+02
2.520725714434512668e+02 3.090000994242860344e+01 1.904575931747594950e+02
2.520932422259677423e+02 3.201266120937808068e+01 1.901745594557230561e+02
2.520433679266722322e+02 3.214024742443753979e+01 1.902590866695704790e+02
2.520808674532232487e+02 2.997413311491553500e+01 1.909770507442617884e+02
2.520719784486023798e+02 3.050369408567532759e+01 1.902765794258010885e+02
2.520983175990455152e+02 3.089691950420422728e+01 1.905317861809711246e+02
2.520780954094386743e+02 3.043718989091735594e+01 1.907351822305128337e+02
2.520704870843117931e+02 3.195997935762442310e+01 1.904200616904022354e+02
2.520565357264601118e+02 3.150586248200893991e+01 1.908079324009544848e+02
2.520937819578062147e+02 3.364350356980531842e+01 1.907358663642905867e+02
2.520733573687599289e+02 3.363893597075978903e+01 1.908881618816756429e+02
2.520321519203090759e+02 3.225513100333308358e+01 1.907202946273009729e+02
2.520786718335732246e+02 3.249284736951746311e+01 1.913367228334974754e+02
2.520785925308688604e+02 3.512135799371259992e+01 1.912565324123172559e+02
2.520730046492689951e+02 3.470321022081660800e+01 1.915570068081963484e+02
2.520555237292629442e+02 3.575314725210211009e+01 1.913694843193697466e+02
2.520652696765396570e+02 3.636790063252784222e+01 1.915906524600409000e+02
2.520511786512385299e+02 3.525394856450268577e+01 1.915376356431330862e+02
2.520967457484281624e+02 3.627757721952882264e+01 1.916757205893492824e+02
2.520425500435572985e+02 3.665113556738126022e+01 1.921122772422543790e+02
2.520193474926142017e+02 3.649312078630406830e+01 1.916211082493750553e+02
2.520883242746761539e+02 3.536000468714491518e+01 1.912944639610635420e+02
2.520308617718354753e+02 3.483059166919172611e+01 1.912732640993106656e+02
2.520296118665252720e+02 3.346170863002802776e+01 1.913376294882963293e+02
2.520375504223164853e+02 3.497456987160063591e+01 1.911486783671691398e+02
2.520705237766078426e+02 3.405683163207332598e+01 1.914529154988258597e+02
2.520447835391258309e+02 3.465173329671994651e+01 1.913891845314748821e+02
2.520570363987576741e+02 3.399491752518748910e+01 1.914193207427467485e+02
2.520725004261040851e+02 3.443060895007953803e+01 1.912990078876600251e+02
2.520377516381334715e+02 3.677991842474055062e+01 1.917465331698356295e+02
2.520241707541095479e+02 3.571340002651314194e+01 1.916515166938110610e+02
2.520408515453374605e+02 3.580277062343761685e+01 1.917224914305734274e+02
2.520297172089235573e+02 3.606515368153927881e+01 1.920369171843042295e+02
2.520398087739565085e+02 3.562336896825998167e+01 1.920407604064085945e+02
2.520451978069843335e+02 3.511939199681842183e+01 1.917329605711688600e+02
2.519889816585864821e+02 3.494135624195136813e+01 1.915959669248541672e+02
2.520540264468600924e+02 3.679676965760169338e+01 1.919561148303158973e+02
2.520712670915082185e+02 3.789368229679569566e+01 1.919840459529580983e+02
2.520207855938944022e+02 3.735037118400121159e+01 1.922266708014544463e+02
2.520820226687372099e+02 3.588931354632224924e+01 1.921423483542913289e+02
2.520726211555942768e+02 3.600977790508294873e+01 1.921300422316491279e+02
2.520255851829406879e+02 3.534475844632982700e+01 1.921374375047344927e+02
2.520607872983107427e+02 3.530640789523521050e+01 1.916093797344898064e+02
2.520827849215968399e+02 3.472139657980456207e+01 1.921328935781380096e+02
2.520549520396182004e+02 3.478575486705552322e+01 1.920738260832512765e+02
2.520239908434967049e+02 3.503052562305885687e+01 1.917887068214529336e+02
2.520620301018862222e+02 3.675928551814256195e+01 1.917720828441027265e+02
2.521008612036966952e+02 3.357494223922429910e+01 1.919582062911900664e+02
2.520622301340807496e+02 3.356639293424740345e+01 1.914631656692674824e+02
2.520785653075524522e+02 3.364535120445420802e+01 1.917099852757366989e+02
2.519326424134535216e+02 3.293645841224149962e+01 1.917488140103022545e+02
2.520276719093250506e+02 3.461737747140367816e+01 1.918369749450799304e+02
2.520708930668131131e+02 3.370343747632755083e+01 1.918688960590106944e+02
2.520033449170517486e+02 3.443643355616998747e+01 1.919459049030376434e+02
2.520427536266192021e+02 3.220799442277100155e+01 1.920884757783501300e+02
2.520693792136959246e+02 3.211727331262783025e+01 1.918340786209378166e+02
2.520164606374517007e+02 3.269385605257177474e+01 1.917010654969320456e+02
2.520141146977501592e+02 3.155824606090447659e+01 1.916162400102265053e+02
2.520702290546170730e+02 3.131095300545413096e+01 1.917595589349291743e+02
2.520671031077191060e+02 3.311160849556851815e+01 1.915785866127565953e+02
2.520858256476782060e+02 3.378899799257631997e+01 1.922789798121354465e+02
2.520797252575562482e+02 3.402667648284220547e+01 1.921427602549049425e+02
2.520623023350503615e+02 3.456378541398378701e+01 1.921724928509203778e+02
2.520552680668131131e+02 3.529903037648662689e+01 1.924911429531853742e+02
2.520794695951064455e+02 3.508694417089614603e+01 1.924126676009393293e+02
2.520610405935156564e+02 3.553121804219377111e+01 1.922870000378759130e+02
2.520461778463752864e+02 3.439283955760927114e+01 1.926206904306492049e+02
2.520486445155669912e+02 3.458060942352852152e+01 1.927325439360654400e+02
2.520481580467388767e+02 3.463373039921218322e+01 1.926065733656541283e+02
2.520661585770017439e+02 3.472616421104461892e+01 1.927810771911218808e+02
2.520445752215741209e+02 3.626375487652450857e+01 1.923779034258768377e+02
2.520429678622831489e+02 3.625882745625331438e+01 1.924272273407317755e+02
2.520018429001590903e+02 3.596396934891296127e+01 1.926856085713203584e+02
2.520562824312551982e+02 3.476083606355579292e+01 1.929406271305204257e+02
2.520316642678585026e+02 3.644448100522687639e+01 1.927736026153321802e+02
2.520196138076660759e+02 3.911001652336943835e+01 1.934099784107264668e+02
2.520311079653056652e+02 3.876529950382546730e+01 1.933047638436482032e+02
2.520528818839481744e+02 3.779095688773577422e+01 1.931863873948943251e+02
2.520593574823876963e+02 3.682454099121278546e+01 1.933079454208014454e+02
2.520181342796000195e+02 3.568973467919096976e+01 1.937660937144913191e+02
2.521255657715324503e+02 3.778873049390197991e+01 1.938417224547382887e+02
2.520386050299219676e+02 3.903189744148170348e+01 1.939910198564502650e+02
2.520827340258313711e+02 3.894907701121127275e+01 1.938894733353533866e+02
2.520830322986894885e+02 3.824702555677600202e+01 1.939596455760927256e+02
2.520242772801302920e+02 3.944338733808044850e+01 1.942548055071585509e+02
2.520904370407544945e+02 4.038242368002423888e+01 1.941475622111961172e+02
2.520342741553670294e+02 4.039237912847511325e+01 1.945040562741459098e+02
2.520888237633512574e+02 4.222626126808575009e+01 1.944667260056056364e+02
2.520219869706840257e+02 4.367336281342322479e+01 1.946553184891295984e+02
2.520658330808272183e+02 4.339830434247405577e+01 1.947918836641163409e+02
2.520507714851147512e+02 4.404360938565260142e+01 1.947751851185516330e+02
2.520889634308007032e+02 4.468782431255208110e+01 1.954560734035300413e+02
2.520429394553442819e+02 4.329619323346716442e+01 1.952404244943564890e+02
2.520505110881751420e+02 4.292225849367471824e+01 1.951876526872964064e+02
2.520016464188319105e+02 4.223980309256874222e+01 1.951306328592530974e+02
2.520766537572911261e+02 4.415813432694492491e+01 1.949921951935459390e+02
2.520315896996439733e+02 4.373751870123475527e+01 1.949968728694795743e+02
2.520353039069009924e+02 4.587911190440118503e+01 1.951454352416483573e+02
2.520305516627528277e+02 4.773914026399515365e+01 1.961808906522233258e+02
2.520835637451708067e+02 4.794096209567457123e+01 1.958520815184455728e+02
2.520173874138322958e+02 4.664399950761306002e+01 1.956563387716839770e+02
2.520522569312930727e+02 4.603549565373835151e+01 1.959358488466782831e+02
2.519766980247708545e+02 4.165855332929323396e+01 1.940552881883948260e+02
2.520094879175819926e+02 4.051668907658510932e+01 1.939060156427543404e+02
2.520890498352397628e+02 3.980995639534883423e+01 1.944692814464813182e+02
2.520641523369441757e+02 3.951771882811907943e+01 1.943106204075448886e+02
2.520654910139383276e+02 3.990603813158094226e+01 1.942370121108249350e+02
2.520938222009696119e+02 4.156733628134232106e+01 1.947376323289902302e+02
2.520886651579425859e+02 4.146210395992727626e+01 1.945081160991591673e+02
2.520613151939247132e+02 3.996849907203999663e+01 1.946999777478978899e+02
2.519214997916824359e+02 4.173962081471101015e+01 1.945552313745170920e+02
2.520300722956594086e+02 4.213463823763351002e+01 1.949127386182864825e+02
2.520233990322702766e+02 4.156445652791455103e+01 1.949463582304370846e+02
2.521053412146806920e+02 4.099441922013483719e+01 1.952617604726914635e+02
2.520910442390728008e+02 4.144124261419589317e+01 1.952058721877130552e+02
2.520487794485266306e+02 4.193498361866524959e+01 1.954234717066889004e+02
2.520676570430270544e+02 4.246278691008257056e+01 1.952573585807893437e+02
2.520951809995454767e+02 4.263135131808196121e+01 1.959221922108173715e+02
2.520875513692144523e+02 4.563046478486478463e+01 1.959279706556321514e+02
2.520485521930156665e+02 4.323838866373759515e+01 1.960013386769941803e+02
2.520187793538368339e+02 4.267948687599424318e+01 1.959002809919703054e+02
2.520829837701689371e+02 4.434446845882887800e+01 1.960134376657071300e+02
2.521007002310431062e+02 4.325196007878191296e+01 1.960549686103325371e+02
2.520588662790697754e+02 4.285828843458828885e+01 1.960058494621619616e+02
2.520748368968259854e+02 4.191613443110370696e+01 1.959848448981137778e+02
2.520714434512536855e+02 4.590875927960003366e+01 1.961579745379137876e+02
2.521112557760775701e+02 4.593643237254753586e+01 1.961258806151049043e+02
2.520517231175668371e+02 4.602921180213620289e+01 1.960054221744564700e+02
2.520222450003787458e+02 4.532376335126127032e+01 1.964150159078857598e+02
2.520289218146352539e+02 4.688010378001666822e+01 1.963700808650859813e+02
2.519632177486554099e+02 4.229180672865692259e+01 1.948433736080600056e+02
2.520476147640330282e+02 4.075328810317400041e+01 1.948279521911218808e+02
2.520558634289068891e+02 4.025163221536246994e+01 1.950916656408605547e+02
2.521024863173244341e+02 3.827722450003787458e+01 1.946854878418301666e+02
2.521332249924248288e+02 3.826739806643436026e+01 1.945442000132565852e+02
2.520418126467691877e+02 3.841364882395273384e+01 1.943716645519278927e+02
2.520695614915536567e+02 3.793338572835391176e+01 1.943795711499128913e+02
2.520676014127717508e+02 3.777160347700931453e+01 1.943385609991667309e+02
2.520643085751079582e+02 3.872671577910764285e+01 1.943113447844860104e+02
2.520919804844330088e+02 3.730217052685402734e+01 1.943973965040527219e+02
2.520353749242481740e+02 3.629382480493902108e+01 1.944736229736383564e+02
2.520818332891447540e+02 3.615696727520642639e+01 1.941629978316036613e+02
2.520886189966669235e+02 3.422305128399363383e+01 1.938494053480796993e+02
2.521042984432997400e+02 3.404357979509128285e+01 1.939993549257632139e+02
2.520315778634194430e+02 3.384193432315733929e+01 1.938313586565411697e+02
2.520960036171502168e+02 3.405975636315430677e+01 1.937968951215816844e+02
2.520764217672903555e+02 3.307562874024694821e+01 1.933571793803499759e+02
2.521173999602302729e+02 3.085229338686463052e+01 1.936572466101052896e+02
2.520164961461252915e+02 3.187051052003636187e+01 1.928512293102795354e+02
2.520616548935686581e+02 3.027048850465873642e+01 1.928542641182486079e+02
2.520561190913567202e+02 2.963919873494432267e+01 1.930275926066207148e+02
2.520181177088856828e+02 2.923128574539807545e+01 1.931945011268085750e+02
2.521043446045754024e+02 2.893175943110370341e+01 1.932639620104537528e+02
2.520536926653283842e+02 2.928708999318233452e+01 1.927460372320278736e+02
2.520371527251723478e+02 2.658928655973032207e+01 1.925935890273464111e+02
2.520904997727444936e+02 2.738243551624876915e+01 1.921396508787213122e+02
2.521195565203393585e+02 2.533991861412014401e+01 1.923306177088856828e+02
2.520598084425422201e+02 2.570124185667752315e+01 1.920668888720551593e+02
2.521094460173471816e+02 2.510217739186425234e+01 1.921876609726535889e+02
2.521478735039012236e+02 2.471030958828876578e+01 1.923794042591470372e+02
2.521446670706764621e+02 2.560948152602075467e+01 1.919168931330959822e+02
2.521083357794863957e+02 2.529458232330884115e+01 1.919981050204529822e+02
2.521212313461101360e+02 2.514536895879099987e+01 1.919895438792515847e+02
2.521539064275433759e+02 2.417453578327399555e+01 1.919714699643966469e+02
2.520815125274600348e+02 2.500973529467464473e+01 1.919922697617604683e+02
2.521253858609196357e+02 2.758680923793652084e+01 1.922121631410499276e+02
2.520581063934550343e+02 3.339845584614801766e+01 1.942031948337247229e+02
2.520997770055298872e+02 3.688352799977274543e+01 1.944921845409438674e+02
2.521058844973865689e+02 3.747955292212711242e+01 1.950808710040905964e+02
2.520513881524126987e+02 3.579788344632982700e+01 1.946810457067646496e+02
2.519736880728732729e+02 3.258170309067494941e+01 1.942716224149685615e+02
2.520560717464585991e+02 2.963394345125369256e+01 1.933319090409817420e+02
2.520970830808272183e+02 2.360215845390500888e+01 1.923766038084235959e+02
2.521001320922657385e+02 2.177259298537989451e+01 1.916312270377244147e+02
2.521176686425270930e+02 2.062059100636315279e+01 1.915986537478221408e+02
2.521543124100446960e+02 1.834633148056965268e+01 1.913132149079615090e+02
2.521712086205590424e+02 1.677527389023558868e+01 1.911960587739565085e+02
2.522036043670933907e+02 2.234286583402772663e+01 1.929873636466934386e+02
2.521503673964093650e+02 2.275268919021286251e+01 1.929867410612832259e+02
2.521080090996894114e+02 2.635215845390500888e+01 1.943815975115521439e+02
2.521778262536928992e+02 2.668441074539807545e+01 1.947701653757291069e+02
2.521292574899628676e+02 2.778429901143852732e+01 1.946045292496780519e+02
2.521449452219528951e+02 2.670518450306795089e+01 1.948326014601166492e+02
2.521589983713355139e+02 2.602514960987803860e+01 1.948641012044542151e+02
2.521526932145291937e+02 2.637062178054692652e+01 1.943356054939019657e+02
2.521737072475569903e+02 2.703187258541019489e+01 1.946166838686463052e+02
2.521717767593364101e+02 2.762447802249829465e+01 1.945171057116885152e+02
2.520985886485872243e+02 2.386993054503446743e+01 1.943359321736989500e+02
2.521585426766911553e+02 2.690554101015074551e+01 1.944738667998636572e+02
2.522029723127035936e+02 2.917946675441254456e+01 1.949128486951746027e+02
2.521152990303764909e+02 3.033107340353003423e+01 1.955117959813650543e+02
2.521140538595560940e+02 3.159966929588667384e+01 1.951632913699719722e+02
2.521348512896750265e+02 2.932637678963714833e+01 1.953776418453147414e+02
2.520764773975456308e+02 2.860223775660934820e+01 1.947167354745852492e+02
2.521368030830997782e+02 2.746358940610559785e+01 1.947611935175365545e+02
2.521691858097871375e+02 2.923745005113249107e+01 1.947775819540186433e+02
2.521138479092493014e+02 2.847621629043254288e+01 1.945861937542610463e+02
2.520707640519657673e+02 3.075652649420498363e+01 1.948779495871525000e+02
2.520351405670024860e+02 3.262818631164305572e+01 1.950054884573138452e+02
2.521475598439512282e+02 3.232760538974319786e+01 1.954575268919021198e+02
2.521348820638588109e+02 3.091079747746382722e+01 1.949680634989773580e+02
2.521093714491326523e+02 2.907496472805090448e+01 1.947578000719642546e+02
2.521343435156427404e+02 2.776976294409514523e+01 1.942494709207635708e+02
2.521314448242557376e+02 2.729603581168093385e+01 1.942711442314976011e+02
2.521139615370047693e+02 2.534873305052647652e+01 1.942363776891902205e+02
2.521731971062798152e+02 2.495598699909097817e+01 1.942208177884251086e+02
2.521127246515415550e+02 2.731998877925914826e+01 1.938663252310431062e+02
2.521290302344519318e+02 2.843652824596621542e+01 1.946101964339822814e+02
2.521553705685175260e+02 3.176926700628740363e+01 1.950172110540868005e+02
2.521470970475721458e+02 3.469278605787440029e+01 1.953032594595106559e+02
2.520956082872509683e+02 3.575294485266267941e+01 1.958438399553064073e+02
2.521401787743352827e+02 3.558805085788955580e+01 1.959685262953564120e+02
2.521405599007650835e+02 3.361165228959927020e+01 1.955034348723581559e+02
2.521385288046360245e+02 3.379012361752897675e+01 1.951316720797666733e+02
2.521367936141201369e+02 3.361361236838118316e+01 1.949030980134080835e+02
2.521126465324596495e+02 3.017034457616847121e+01 1.948188489508370651e+02
2.521224895367775218e+02 2.880936813498977500e+01 1.947920600238618363e+02
2.521644359328838618e+02 2.981073048443299811e+01 1.947338814294371616e+02
2.521386057400954428e+02 3.050697390349215965e+01 1.948952494129232775e+02
2.520916549882584548e+02 3.096171691538519966e+01 1.948145168926596398e+02
2.521081570524960114e+02 3.290997841072645969e+01 1.954120248939474322e+02
2.520748297950912900e+02 3.226566050867358371e+01 1.956296161275660950e+02
2.520983755965457078e+02 3.307986965949549329e+01 1.953330121771078041e+02
2.521002563726232779e+02 3.323698133664116483e+01 1.958216872774789863e+02
2.520900926066207148e+02 3.276911313536853498e+01 1.959102743163396667e+02
2.521377310431028036e+02 3.577689782024089027e+01 1.960620490398454763e+02
2.520452131940762115e+02 3.969020812817210953e+01 1.966406368362245303e+02
2.521049742917203105e+02 4.254783610143171302e+01 1.969895071869555352e+02
2.520990183035376049e+02 4.324682079009166102e+01 1.972520666048026783e+02
2.520936766154079294e+02 4.354664892811150878e+01 1.967750419002348394e+02
2.520108751230967243e+02 3.894338852170290011e+01 1.962365682524051067e+02
2.520905234451935542e+02 3.620578696689644715e+01 1.955056139212938433e+02
2.520888663737595721e+02 3.031653260169684216e+01 1.936802858211499085e+02
2.521404723127035936e+02 2.910573536095750313e+01 1.936869164741307543e+02
2.521231665688205510e+02 2.710582294901901435e+01 1.931752447731232394e+02
2.521096661711233935e+02 2.621839491326414517e+01 1.927564377225210137e+02
2.520450332834633684e+02 2.674884360086356949e+01 1.927980077266873593e+02
2.521715151787743423e+02 2.698788325695023005e+01 1.931868490076509488e+02
2.520931794939777149e+02 2.682842919097038248e+01 1.932591789921218037e+02
2.521258498409211484e+02 2.597237425195060823e+01 1.926486286550261298e+02
2.521004777100219769e+02 2.397947006855541119e+01 1.924315120540110513e+02
2.521134194379213795e+02 2.485204600977198552e+01 1.924312173320203101e+02
2.521666753465646593e+02 2.565643227785773917e+01 1.927121323668661432e+02
2.520854894989016088e+02 2.515747741648360147e+01 1.925888983315657867e+02
2.521216136561624239e+02 2.620154604764790562e+01 1.928471493636845651e+02
2.520931700249981020e+02 2.677496259753048946e+01 1.925416907336565373e+02
2.521216976933565661e+02 2.649129208961442217e+01 1.923711887357018497e+02
2.521701658491780904e+02 2.638707294901901435e+01 1.927584285754867039e+02
2.521452932069540225e+02 2.539816467502462061e+01 1.926617881694568553e+02
2.521132951575638117e+02 2.501983632868721941e+01 1.924368170498447057e+02
2.520711522801302920e+02 2.415669859290962762e+01 1.924796925895765582e+02
2.521280620312855092e+02 2.571713553897431837e+01 1.920160096772971769e+02
2.521469550128778110e+02 2.493582280698431930e+01 1.926156754223164853e+02
2.521354241629422006e+02 2.571906839443981596e+01 1.921991586811605259e+02
2.520876484262555834e+02 2.515447693356563974e+01 1.925398253446708452e+02
2.521360136069237114e+02 3.043840428755397198e+01 1.939904635538974276e+02
2.521341067911521918e+02 3.072956712559654591e+01 1.943737998068328068e+02
2.521126737557760862e+02 3.197088880577229020e+01 1.942756337114612393e+02
2.521056087133550534e+02 3.235401910840087680e+01 1.942209799447011562e+02
2.520943051189303787e+02 3.113281782630103933e+01 1.941260652602075538e+02
2.521286940856753347e+02 2.903080377433527914e+01 1.934272368097113883e+02
2.520709427789561516e+02 2.691657118778880431e+01 1.935197049465949419e+02
2.520788919873494365e+02 2.672823436671464137e+01 1.929229154041360630e+02
2.521234364347398014e+02 2.564610280471176296e+01 1.931900672771002121e+02
2.521102627168396282e+02 2.665906110332550583e+01 1.931487553026285866e+02
2.520991638890993158e+02 2.592970821339292442e+01 1.933050360768123710e+02
2.521482510794636767e+02 2.736442551700628911e+01 1.932229909192485309e+02
2.521429200439360727e+02 2.783095385766229768e+01 1.938079785622301472e+02
2.521052986042724058e+02 2.878908794788273440e+01 1.939482390065146546e+02
2.520942589576547164e+02 3.111615478940989377e+01 1.940920313801984776e+02
2.521719034069388670e+02 3.156158387622149775e+01 1.949814999810620293e+02
2.520990431596091241e+02 3.366542189038709409e+01 1.947600229149306870e+02
2.520447018691765777e+02 3.487733883796681766e+01 1.950727004582986126e+02
2.520784907393379228e+02 3.487510770964320983e+01 1.953127769676539742e+02
2.521913373039921282e+02 3.565532914173168422e+01 1.955098418206954136e+02
2.521411410593894402e+02 3.571428774335277723e+01 1.953898982558139608e+02
2.520530783652753541e+02 3.667343264714794060e+01 1.955597883209605357e+02
2.520232510794636767e+02 3.652195974736762452e+01 1.955331295924551114e+02
2.520380854196651796e+02 3.499385344860237979e+01 1.957049193716385105e+02
2.521077569881069564e+02 3.523351332285432846e+01 1.957556446954776277e+02
2.520961314483751323e+02 3.558546819369744441e+01 1.956726822305128337e+02
2.520905601374895753e+02 3.620585324975380814e+01 1.957187571017347238e+02
2.520923521418831967e+02 3.535373385538974134e+01 1.955830891125672224e+02
2.521070113059616631e+02 3.547586593818650158e+01 1.953207936425270930e+02
2.521306364101204451e+02 3.374207328043330278e+01 1.952888784467085941e+02
2.521508787213089988e+02 3.492513706348003666e+01 1.952869799162942286e+02
2.520501003711839871e+02 3.587501775433679541e+01 1.951130418623588980e+02
2.520664615843496676e+02 3.643529491137034881e+01 1.957772600087114654e+02
2.521704795091280857e+02 3.703368826225285915e+01 1.962704423433830812e+02
2.521019678906901049e+02 3.872338861639269680e+01 1.960092227861525771e+02
2.519979594348912997e+02 3.756743215476100062e+01 1.963639745568517583e+02
2.520401638606923598e+02 3.900801549125066003e+01 1.962227766835845841e+02
2.520722033368684265e+02 3.855781167146428601e+01 1.964582548197106178e+02
2.521043682770244629e+02 3.953585429134156470e+01 1.960126955344292128e+02
2.521129306018483476e+02 3.686076102189228010e+01 1.962052105427619040e+02
2.520734272024846518e+02 3.679969675592758449e+01 1.954621098780395414e+02
2.521486440421180077e+02 3.651097218013786971e+01 1.956271612945988920e+02
2.520978216612377878e+02 3.631357709643209120e+01 1.956683679266722322e+02
2.520903494526929762e+02 3.707096171691538444e+01 1.956325278388000868e+02
2.520796577910764427e+02 3.758988902355881834e+01 1.962268589974244435e+02
2.521438030262858945e+02 3.691013464889023510e+01 1.961274500984773965e+02
2.520922574520869546e+02 3.579420711499128771e+01 1.955421653662601216e+02
2.521275436046511516e+02 3.547810653548973647e+01 1.956802159874251856e+02
2.521096129081130357e+02 3.730993153927732919e+01 1.958354397867585703e+02
2.520795417960760574e+02 3.804179252518748910e+01 1.958432363078554772e+02
2.520803703317930342e+02 3.942407417051738605e+01 1.959061647791833991e+02
2.520907435989697660e+02 3.857246965192030785e+01 1.961164388587985741e+02
2.520957799125066288e+02 3.857682301530186919e+01 1.956577804238315252e+02
2.520546786228316023e+02 3.952415418339519704e+01 1.959460374687523654e+02
2.521078789012196069e+02 3.917380075373078085e+01 1.959778816472236826e+02
2.521025987614574717e+02 3.865838998939474180e+01 1.959679060771911168e+02
2.520660899268994797e+02 3.670780622680099725e+01 1.960163115010226420e+02
2.520741314578440893e+02 3.682554943754261245e+01 1.960264989394742940e+02
2.521198299371259850e+02 3.846417293197485066e+01 1.956788950647678291e+02
2.521112912847511609e+02 3.823625814332247330e+01 1.957816323100522595e+02
2.521003889383379999e+02 3.747809233202030299e+01 1.958695435004923979e+02
2.520745575619271222e+02 3.829742301719566910e+01 1.957737979130369013e+02
2.521020708658435012e+02 3.841949355162487478e+01 1.956555552136201754e+02
2.521049458847814435e+02 3.696545124422392092e+01 1.954664667922884576e+02
2.521142089140974178e+02 3.651641921066585894e+01 1.955120753162639176e+02
2.520948412999015318e+02 3.534894610256798586e+01 1.955014688754639849e+02
2.520915378096356392e+02 3.678973775660934820e+01 1.957186825335201945e+02
2.520676440231800655e+02 4.147518417165366600e+01 1.959036460306037384e+02
2.520815823611847577e+02 4.077258706726762938e+01 1.960887551132489932e+02
2.520819185099613549e+02 3.731618461669570763e+01 1.959225851734717025e+02
2.521180497689568938e+02 3.812862188470570146e+01 1.958297950912809711e+02
2.520296544769335583e+02 3.803937911900613500e+01 1.954198817797894208e+02
2.520523516210893149e+02 3.700158131959700114e+01 1.957727302855844300e+02
2.521631635387470567e+02 3.818328867131278059e+01 1.959440229433376146e+02
2.520938565260207440e+02 3.835321779600030112e+01 1.955255117983486173e+02
2.520697212805848153e+02 3.673146210514354948e+01 1.955279098174380863e+02
2.521220527800924174e+02 3.767928684379970861e+01 1.956447392716460740e+02
2.520919674645860198e+02 3.528932703961820749e+01 1.954056226800999809e+02
2.521050180857510838e+02 3.609743106582834571e+01 1.951542982065752483e+02
2.521394816207105407e+02 3.657674016173017151e+01 1.952723917695629154e+02
2.521236459359139417e+02 3.952656758957654404e+01 1.961420204908719143e+02
2.520341333042951248e+02 4.505189474282251183e+01 1.966177514960987764e+02
2.520791571187788804e+02 4.560809668775092973e+01 1.969000963468676559e+02
2.520981057306264574e+02 4.330377433527763031e+01 1.968896047174456498e+02
2.520918988144837556e+02 4.232186718809180803e+01 1.966472509184910109e+02
2.520396383323233067e+02 3.773335590106810145e+01 1.951650218259980250e+02
2.521085796057116966e+02 3.759163486667677034e+01 1.953152152299068121e+02
2.520228853401257538e+02 3.895393933224755756e+01 1.954238066718430389e+02
