2.534907126071472874e+02 1.809365812248954486e-01 1.412345775187378365e+02
2.524293772516460308e+02 5.049605185514928252e+01 1.966987362313139158e+02
2.522936638163070882e+02 5.177902811710630004e+01 1.951676829268292579e+02
2.520341409064557467e+02 4.935458766408547149e+01 1.941497525777464830e+02
2.520545868876558018e+02 4.902807052051844749e+01 1.943773292889974869e+02
2.518420185618452081e+02 5.209160446602344052e+01 1.945545377137769663e+02
2.516232297403619214e+02 5.106030011594683060e+01 1.939926135657791235e+02
2.516992473808439286e+02 5.382989331856391857e+01 1.937043265249078559e+02
2.516167633752950508e+02 5.172414230402915081e+01 1.937783642697420134e+02
2.513817536440432434e+02 5.135710200215329735e+01 1.933619935090480055e+02
2.515788878421466848e+02 5.471376014534763499e+01 1.919189045095035056e+02
2.514203797258685711e+02 5.271459480723839164e+01 1.931705867737794620e+02
2.513705756449542434e+02 5.438795861112261321e+01 1.933229313325603584e+02
2.514980136341049217e+02 5.340273794981158773e+01 1.931798508737421969e+02
2.514618138949853119e+02 5.287268106339806906e+01 1.938719253385233401e+02
2.514790338109238519e+02 5.665992898256656929e+01 1.924967286430079980e+02
2.514068763199304328e+02 5.360217555592364391e+01 1.925346365273924505e+02
2.515026631537537867e+02 5.398187554350076311e+01 1.935805843409665101e+02
2.514642687067787392e+02 5.353628385233343323e+01 1.934323108617334128e+02
2.514576263509876242e+02 5.472120222369456144e+01 1.944568123938879580e+02
2.514777501138763398e+02 5.361951452441094546e+01 1.932175827674023765e+02
2.514438033148370550e+02 5.438921513313180611e+01 1.928386268582549974e+02
2.514672230216572189e+02 5.426699345728601287e+01 1.924880171021574427e+02
2.514839046130274482e+02 5.613852281667978161e+01 1.911481039587560531e+02
2.514747569775146019e+02 5.180167139426063017e+01 1.926305048863306979e+02
2.514630717110439377e+02 5.295155467100087066e+01 1.920319306700070285e+02
2.514382207855397837e+02 5.375614544080499968e+01 1.920366021884964312e+02
2.514889164665203509e+02 5.402152133628721487e+01 1.920866029649260724e+02
2.514016418899333303e+02 5.414564785291316440e+01 1.921457306720775193e+02
2.514609598223528906e+02 5.337118773034080021e+01 1.922166937554350170e+02
2.513577050291937667e+02 5.307031605863596724e+01 1.923301469522547507e+02
2.515108402521843516e+02 5.086784261253053785e+01 1.930517749182160685e+02
2.514280107354341851e+02 5.524258380264193136e+01 1.918187994326887349e+02
2.513769553087084319e+02 5.447944014244896493e+01 1.928835536668185000e+02
2.513753002194707733e+02 5.311858927905917227e+01 1.922918586173340429e+02
2.514774110729222798e+02 5.419369073253550795e+01 1.934341924096235914e+02
2.514937445649923404e+02 5.689286305851173609e+01 1.921156724916145606e+02
2.515656290115532840e+02 5.808231448507184780e+01 1.922433045881817009e+02
2.513425348875729810e+02 5.517144472856018922e+01 1.926329998136568804e+02
2.514515598471986380e+02 5.601762236531533290e+01 1.920382391610418722e+02
2.513550548159344089e+02 5.584137283117313189e+01 1.922117414282164987e+02
2.515051063191022536e+02 5.398484279887365744e+01 1.924902622779411274e+02
2.513967245020497785e+02 5.572710826535260509e+01 1.919851339599983362e+02
2.513922923827073532e+02 5.438538215868151582e+01 1.925575062631993148e+02
2.514221693962482789e+02 5.351503814857758101e+01 1.915406396227587038e+02
2.515329219118804076e+02 5.399318165348461918e+01 1.908258455319060829e+02
2.514199099859207536e+02 4.930076944179883469e+01 1.911584485900037294e+02
2.514147583750879846e+02 4.858293433475505907e+01 1.917927799805374889e+02
2.514343955753861337e+02 5.151886724087953695e+01 1.917257521015363011e+02
2.514037356619321599e+02 5.027738985051141185e+01 1.917508825417201592e+02
2.514220477556006585e+02 5.095567492442751245e+01 1.921739668309246838e+02
2.514052807569671586e+02 5.196335769597084919e+01 1.912618741976893375e+02
2.514425053832456740e+02 5.142952865543086460e+01 1.919226585469377540e+02
2.514659884984885423e+02 5.133531667977970159e+01 1.915939195204770442e+02
2.514646038655845075e+02 5.119593979046751286e+01 1.914526067331980528e+02
2.514126244875564282e+02 5.448236728228911829e+01 1.915858511221996707e+02
2.515050998488550249e+02 5.379224165596919249e+01 1.919062241190111422e+02
2.513210976644995753e+02 5.089433439272847437e+01 1.919411427491821485e+02
2.513701693134291304e+02 5.265383400968984517e+01 1.910521864259389702e+02
2.514228371257609069e+02 5.049896217234667972e+01 1.907647793386889816e+02
2.513551453993954112e+02 5.346333310903143143e+01 1.909011617975899640e+02
2.515222705909147294e+02 4.993895192347509493e+01 1.915320083129736304e+02
2.514375116464449889e+02 5.281604569547393169e+01 1.908720418029732002e+02
2.513607486334837802e+02 5.180300555923641070e+01 1.908035904695846625e+02
2.514795061389705495e+02 5.137200427553936066e+01 1.918966999151103607e+02
2.515679181850180157e+02 5.265881221789722133e+01 1.918905454159592523e+02
2.514170333140088758e+02 5.144329734150482381e+01 1.907711085345148945e+02
2.514349856619321599e+02 4.984280663795602351e+01 1.909995160255083135e+02
2.514418040084475479e+02 4.981202508385440098e+01 1.908814922460557284e+02
2.513653386268582608e+02 4.787255683465154021e+01 1.905483586276864401e+02
2.514406846556793198e+02 4.951372210029401089e+01 1.902789142407553129e+02
2.513862866992421914e+02 4.869345133338854481e+01 1.909502670918050455e+02
2.514301446229657415e+02 4.889333150441012066e+01 1.906382575365439607e+02
2.513682036523251497e+02 4.997459522133421927e+01 1.899993413288334807e+02
2.514674675970019564e+02 4.596399695639571092e+01 1.905823688351484577e+02
2.514365449915110275e+02 4.739483130771460395e+01 1.906376480392562769e+02
2.514715257360553267e+02 4.723329382169033863e+01 1.907152055985755226e+02
2.514800638742805177e+02 4.665578931839827703e+01 1.907635461095697451e+02
2.514295105387386684e+02 4.995629477411073083e+01 1.912410839993374339e+02
2.513637935318232621e+02 4.971270808315043865e+01 1.917273101370657287e+02
2.515279281750797225e+02 5.114461002525984412e+01 1.913964993374466985e+02
2.515160125678081897e+02 5.244600449293966449e+01 1.904219455256946389e+02
2.514864797714191127e+02 5.032604610956975222e+01 1.915517490372272107e+02
2.514554407014783237e+02 4.938561508758126450e+01 1.913732892666363057e+02
2.515540627976313601e+02 5.361708429955691457e+01 1.910862445132303549e+02
2.515283319185059554e+02 5.176972260756139121e+01 1.911122756118265897e+02
2.515318672615843241e+02 5.340063900161497656e+01 1.915072091494471920e+02
2.514959910348254652e+02 5.500902599486521183e+01 1.915469778769307254e+02
2.514727421425317857e+02 5.728901300260880447e+01 1.916238146507101874e+02
2.514770319164354646e+02 5.592054018799950654e+01 1.919251612385606052e+02
2.514277273386061609e+02 5.521128851091142309e+01 1.921023916621806222e+02
2.513905738850469902e+02 5.314660933164934420e+01 1.921375199283614279e+02
2.513954589216944839e+02 5.229902118100128661e+01 1.917445598161414466e+02
2.514787698248374568e+02 5.286771450163568176e+01 1.916725563170317628e+02
2.514911512899084869e+02 5.389291740858834601e+01 1.919308071762805810e+02
2.515500331276657278e+02 5.401727038386682977e+01 1.928133488964346327e+02
2.514690812766574197e+02 5.658668190194210723e+01 1.926941087105056170e+02
2.514770215640399158e+02 5.354393039049236336e+01 1.924501143939707788e+02
2.514933343513189072e+02 5.595539929189614270e+01 1.917638644457327359e+02
2.514049598327052877e+02 5.229705422584785879e+01 1.920129831980620452e+02
2.514579990372272107e+02 5.094161507722886739e+01 1.910168446416000734e+02
2.514216750693610436e+02 5.203923428506356430e+01 1.906509676901735020e+02
2.514750740196281527e+02 5.206262164064764875e+01 1.915570209946581599e+02
2.514795462545033047e+02 5.036222384984885281e+01 1.912253988260383437e+02
2.514493599631454686e+02 5.365967405482629005e+01 1.913656867261584296e+02
2.514347397925379823e+02 5.329224553811751974e+01 1.917486140730464967e+02
2.514822896393225449e+02 5.589797584786119700e+01 1.926946379767278188e+02
2.515091217545239886e+02 5.681539220050519390e+01 1.933016028096401442e+02
2.514854510021118870e+02 5.447913862892873738e+01 1.919533611640233630e+02
2.515208316079340705e+02 5.615833859580106946e+01 1.930312176487639135e+02
2.513963375812662946e+02 5.665712865957182487e+01 1.925201716427181111e+02
2.514968839289411449e+02 5.737168335127748264e+01 1.932006100149074541e+02
2.513354383204273574e+02 5.695908474470992644e+01 1.932075370615760619e+02
2.514615304981572876e+02 5.949364492318522224e+01 1.936972351339599925e+02
2.514448398484409211e+02 5.809189045095035198e+01 1.935976670876640924e+02
2.515030850138722087e+02 5.998009881361547002e+01 1.928192588202410036e+02
2.514155218642594036e+02 6.003189961282040343e+01 1.928912260859662808e+02
2.514564448838461317e+02 5.682633985879332528e+01 1.931211760838958185e+02
2.515533031906083181e+02 5.892230527143981078e+01 1.920433247753530281e+02
2.514573973042361956e+02 5.913675126299225582e+01 1.923141757940287278e+02
2.514275655824257854e+02 5.825645601267132889e+01 1.922399853513603034e+02
2.515362722058884515e+02 6.029560877261998542e+01 1.924265355190691196e+02
2.514889436415586488e+02 5.740408764338067726e+01 1.917206173133463096e+02
2.514540897138597870e+02 5.904349300178061100e+01 1.916518618783386501e+02
2.514943579444283444e+02 5.482711499440970471e+01 1.914405397221416933e+02
2.514777358793324709e+02 5.458102302372768833e+01 1.921728500662553358e+02
2.514768611019089803e+02 5.388582342954159543e+01 1.916033621992629037e+02
2.514456783924800334e+02 5.280404468093917103e+01 1.912903639902273483e+02
2.515451571493643712e+02 5.845392407553107716e+01 1.901887008778831500e+02
2.514322073377779532e+02 5.361033065551368537e+01 1.908192885833781816e+02
2.515050442047289607e+02 5.400853166797796945e+01 1.903974711685784200e+02
2.513825481904012520e+02 5.958830334589423927e+01 1.896102866578326314e+02
2.515464072011263283e+02 5.629917517288500761e+01 1.901704845438734424e+02
2.514632916994492575e+02 5.599788422916062558e+01 1.907106052528054931e+02
2.514431782889560623e+02 5.397448263903267218e+01 1.901768745600231796e+02
2.515042017785415567e+02 5.660988679655472566e+01 1.904526222617913902e+02
2.514086116402335449e+02 5.493274436829682372e+01 1.903844284442419905e+02
2.513830334589424069e+02 5.789519364155865588e+01 1.896664108762267631e+02
2.514189303904923634e+02 5.416480237276905996e+01 1.912022625160462042e+02
2.515447546999875783e+02 5.514932554143028653e+01 1.903539251107706320e+02
2.515021960019048493e+02 5.386573201788893783e+01 1.899891325727773506e+02
2.513864536316203555e+02 4.950873742183941317e+01 1.899326990765663083e+02
2.514892775063149486e+02 5.190222291813325484e+01 1.894538386682678492e+02
2.513805424137645446e+02 5.442346473974077270e+01 1.891082834692948040e+02
2.514275992277112834e+02 5.063827177108782962e+01 1.897347069236821540e+02
2.514750261397987572e+02 5.346035808936187550e+01 1.894832058263282022e+02
2.513824343140502720e+02 5.370436146424282242e+01 1.893644612613358618e+02
2.513699894405565374e+02 5.373823320841442808e+01 1.892837902190566979e+02
2.514530855314919791e+02 5.106630450536253818e+01 1.895231958362665239e+02
2.514296490020290662e+02 4.832099543459356283e+01 1.904073758230154567e+02
2.514552595345562906e+02 5.210851898629342571e+01 1.899302403826245325e+02
2.514750882541720216e+02 4.981296197565116302e+01 1.895290630564412595e+02
2.513721996770052556e+02 5.374325412025342530e+01 1.887696009669137425e+02
2.514589048718373476e+02 5.227664059588389023e+01 1.898547338916725380e+02
2.514677962855604676e+02 5.346099734978673723e+01 1.890269731665907500e+02
2.513746130792165445e+02 5.018876816845418176e+01 1.895564425545571225e+02
2.514597175348875737e+02 5.073394343451074917e+01 1.896561581224895576e+02
2.515320807797424436e+02 5.142530487804877737e+01 1.896337930659654774e+02
2.514728547248333257e+02 5.136888044018385813e+01 1.893771235351360360e+02
2.514542385295457336e+02 5.236573331193838499e+01 1.891432460971468856e+02
2.513653852126382162e+02 5.003930675183237753e+01 1.901948592591825786e+02
2.514382958404074770e+02 4.962839170359021068e+01 1.899009366329868840e+02
2.514428211313097847e+02 4.919135626734026090e+01 1.894758517433434122e+02
2.514422931591370229e+02 4.670478073626237148e+01 1.891367072653112018e+02
2.513796896351815917e+02 4.820655617209822452e+01 1.882011845728601713e+02
2.514556218684003568e+02 4.762082927864507553e+01 1.891056177274421373e+02
2.515455156010600888e+02 5.074281802559112009e+01 1.879873183154581966e+02
2.514558353865584479e+02 5.132406362582301540e+01 1.883591983622510213e+02
2.515004930328377952e+02 4.966633970350738991e+01 1.881751185349289699e+02
2.513978438548180065e+02 4.909407092426187091e+01 1.896812083316079338e+02
2.514390412128866501e+02 5.194388095780363557e+01 1.889702122758706366e+02
2.514774615408505554e+02 5.134520451157397503e+01 1.884789911072922166e+02
2.514624842125967916e+02 5.070278531202119865e+01 1.885363278500144872e+02
2.514937497411901006e+02 4.871165084475547502e+01 1.891497913992297697e+02
2.515147832208373018e+02 4.825210283034493841e+01 1.895303868690214983e+02
2.514822650523831271e+02 4.800502867613565883e+01 1.894050064184852431e+02
2.514631480599610711e+02 4.932304262081245838e+01 1.895385885543914810e+02
2.515068325810592569e+02 4.848511325520725279e+01 1.897089631040622919e+02
2.513939772350821897e+02 5.126157656631744430e+01 1.898894946478115173e+02
2.515057028758954800e+02 5.036888949852995978e+01 1.892678358834734240e+02
2.513667491407511818e+02 5.152011341049318816e+01 1.892997212617499656e+02
2.514734771626154384e+02 4.862847711085345281e+01 1.894586797072342677e+02
2.514562637169240986e+02 5.170498260797548795e+01 1.889354838709677438e+02
2.514422051637749007e+02 4.877813263489171192e+01 1.901657017371319682e+02
2.514473541865087611e+02 4.903298014410534478e+01 1.895931133276740184e+02
2.514500458093502857e+02 4.963928501180173214e+01 1.898492833554184358e+02
2.514362900637707696e+02 4.840809919665410632e+01 1.891079172533024177e+02
2.514959017454139030e+02 4.960659344072218602e+01 1.891328548801192539e+02
2.514091279659613178e+02 4.890056653484616334e+01 1.895923601908981766e+02
2.513347343575303228e+02 4.783268587726200138e+01 1.890861047558905170e+02
2.514923884011760435e+02 4.682229466023437681e+01 1.889700712244813587e+02
2.515366591266719070e+02 4.850798299101411715e+01 1.888688157377117136e+02
2.513943136879373981e+02 4.808417144602260862e+01 1.890607853844879571e+02
2.515220946001904849e+02 4.789441850594227645e+01 1.886507386434221019e+02
2.514797558905130757e+02 4.949548506149322691e+01 1.887367269348627303e+02
2.514748397966789639e+02 4.745952989771833330e+01 1.893376213818377494e+02
2.514503563812166078e+02 4.854153769307217914e+01 1.897065509959004430e+02
2.514621671704832409e+02 4.751181208331608019e+01 1.898575199801234135e+02
2.515071185659861612e+02 5.396121086794484256e+01 1.883658860097726517e+02
2.515214656921611720e+02 4.926952332394716194e+01 1.901878830386351353e+02
2.514706846039173342e+02 4.738564873286678392e+01 1.903718476955567382e+02
2.514631700588016088e+02 4.819697503002194594e+01 1.899447195018427124e+02
2.514571216717048401e+02 4.958550949314671641e+01 1.907535676943144551e+02
2.513664644498736891e+02 4.709308874073460771e+01 1.903872986459066681e+02
2.514340306534432159e+02 5.361374176984553941e+01 1.891613110273717382e+02
2.514665410576007218e+02 5.010668531823263550e+01 1.907425229823181212e+02
2.515355281274586901e+02 5.322227499068284118e+01 1.900493925731914260e+02
2.515170555716592844e+02 4.878362069857965366e+01 1.913774004617168316e+02
2.514764081846039119e+02 5.244867152884177131e+01 1.908886276346846671e+02
2.514013041430287103e+02 5.077335629839745224e+01 1.904560916083481743e+02
2.514721662905296284e+02 5.009822223487515203e+01 1.900495155078885148e+02
2.513917242950018647e+02 5.118744306182450288e+01 1.895436508758126593e+02
2.514370095552610849e+02 4.899885217814401983e+01 1.902843168971800196e+02
2.514058177874860291e+02 5.200598239057517702e+01 1.895461238042983041e+02
2.514998045985340980e+02 5.184062487059505742e+01 1.893529235165017326e+02
2.514803550354051822e+02 4.850331276657418300e+01 1.900033062963269685e+02
2.514724186301710347e+02 4.758437202368627794e+01 1.901544046854942280e+02
2.514192163754192677e+02 5.041559303697875549e+01 1.896110824982400800e+02
2.514227801875854027e+02 4.733460236448713943e+01 1.905503540519276271e+02
2.514653841773986471e+02 4.797098482338812886e+01 1.901574055861526347e+02
2.514989518199511451e+02 4.941281471282454874e+01 1.902715213362872078e+02
2.513974543459356426e+02 4.975034033500352137e+01 1.894293384301627441e+02
2.514104582487887569e+02 4.976925027951467939e+01 1.907471297983353224e+02
2.514309611681643162e+02 5.201412972586856398e+01 1.896542558698082814e+02
2.515018479026046521e+02 5.178403867654975556e+01 1.886685758209449659e+02
2.514524190960288195e+02 4.996704185473518578e+01 1.896364432792248067e+02
2.515232838316286461e+02 5.304546772123069331e+01 1.886483317114580416e+02
2.514948419189200308e+02 4.773440411611246503e+01 1.897353772412936337e+02
2.514735768044225495e+02 4.934920312435297518e+01 1.899160718352726747e+02
2.513592255372893192e+02 4.760689495424241358e+01 1.895627122241086511e+02
2.514336838481924588e+02 4.996979947409830913e+01 1.885919163319392169e+02
2.513635994244068002e+02 4.482203585034577031e+01 1.894389001614973722e+02
2.514314580831504315e+02 4.708314397076483715e+01 1.891473948196612582e+02
2.514396895316576206e+02 4.761362401134622502e+01 1.889232822787693067e+02
2.515036854528137837e+02 4.698733902024928710e+01 1.887421282972379686e+02
2.514986425421342631e+02 4.497665923019586387e+01 1.879760626734026232e+02
2.515056562901155246e+02 4.371436317238809011e+01 1.881149258250859191e+02
2.513198799639736762e+02 4.313901584951757684e+01 1.876932313449832179e+02
2.513442559733322241e+02 4.341973787734481505e+01 1.875387904261046117e+02
2.513766356784960010e+02 4.530753861443538000e+01 1.870729080396703807e+02
2.514308899954449430e+02 3.902425436871092046e+01 1.886546919644705724e+02
2.513298506149322975e+02 4.205071897387055202e+01 1.874802993912791464e+02
2.514269263220009236e+02 4.139313092674645134e+01 1.880227584475547644e+02
2.513610436767567933e+02 4.170281507515839081e+01 1.878520927367592890e+02
2.514351137728270373e+02 4.036358907201126556e+01 1.875562303304484715e+02
2.514504016729471232e+02 5.554377381050975515e+01 1.902309968839289525e+02
2.513758760714729306e+02 5.244255585117396379e+01 1.908153352623297110e+02
2.515478241852664780e+02 5.578764648639695167e+01 1.909346945008074954e+02
2.514505453124353096e+02 5.647544799991717923e+01 1.905331884860656828e+02
2.513932150399602392e+02 5.439407428879042783e+01 1.905546244150896484e+02
2.514462801254710200e+02 5.677879907035487861e+01 1.903016675121122887e+02
2.513812412004637906e+02 5.568670674769141726e+01 1.904594846059878250e+02
2.515014855687606143e+02 5.714742070065013024e+01 1.908959403080872903e+02
2.513940639363948719e+02 5.963405834610129119e+01 1.903834993167419043e+02
2.514314114973705045e+02 5.717393836183693168e+01 1.909294147790798775e+02
2.514935401051803296e+02 5.726489450908940171e+01 1.914380939686943464e+02
2.515190367613565741e+02 5.721236774814692438e+01 1.910636620563998633e+02
2.515264257836763306e+02 5.583956245600231938e+01 1.910739406911259266e+02
2.513966688579237143e+02 5.613352519773075500e+01 1.906713839082363791e+02
2.514616262578160502e+02 5.364293293718166211e+01 1.906512472048532061e+02
2.514849644395212920e+02 5.551237628887324860e+01 1.904196498819826786e+02
2.515037216861981904e+02 5.488068087705494946e+01 1.906167362002567529e+02
2.514879834568719161e+02 5.444546487432192095e+01 1.902764050788852614e+02
2.514640991863017234e+02 5.522497567187046741e+01 1.907254648225599283e+02
2.515590850035198116e+02 5.495675545571245380e+01 1.905881933516915865e+02
2.515402979937057353e+02 5.492391377489751392e+01 1.904714235061493355e+02
2.514451983001366386e+02 5.408557678371775523e+01 1.900721044349662634e+02
2.514673084289204610e+02 5.359761273758747535e+01 1.900451778541554404e+02
2.514577428154374843e+02 5.453541683920659011e+01 1.905254254834568712e+02
2.514753949438900236e+02 5.615853011511863713e+01 1.899232615739782091e+02
2.514960207979626432e+02 5.304901212265518495e+01 1.903088947782516982e+02
2.514361477183320233e+02 5.472106376040415654e+01 1.906781906083067497e+02
2.513099338999544443e+02 5.346218140502712401e+01 1.902377207648349895e+02
2.514593487307963073e+02 5.679346970889064039e+01 1.896365351567352775e+02
2.514358720858006677e+02 5.348021916021367161e+01 1.905015205080955809e+02
2.515419168495589872e+02 5.334327120170607373e+01 1.908927970619901373e+02
2.515267635305809790e+02 5.549902299267050410e+01 1.899367585096691471e+02
2.514806552548759839e+02 5.654759513851504948e+01 1.901985265953041448e+02
2.513831732162822448e+02 5.590986945629218496e+01 1.913632112095739046e+02
2.514437981386392948e+02 5.472922274214253235e+01 1.905033282951675062e+02
2.516019840366060691e+02 5.624139198310489007e+01 1.901256897283531373e+02
2.515339364466437644e+02 4.975783417532817055e+01 1.907699658888566887e+02
2.514374780011594623e+02 5.327363710712658929e+01 1.893060672802186559e+02
2.514202089113420868e+02 5.176436136071887262e+01 1.896655270404571638e+02
2.515098192471737946e+02 5.200707327425566007e+01 1.904652250093171517e+02
2.514889216427181111e+02 5.121777040457161689e+01 1.896022764917802022e+02
2.515414251107706320e+02 5.402068538034701106e+01 1.900496293842395232e+02
2.513891620771046291e+02 5.262059634974533395e+01 1.897039991303987847e+02
2.515177750631495996e+02 5.178634079050892325e+01 1.897680830469170701e+02
2.514299712203403772e+02 5.161705971261749681e+01 1.897144123462669256e+02
2.513536650068325855e+02 5.276761201291979120e+01 1.894696183071762903e+02
2.514798387096774093e+02 5.298260668143608143e+01 1.891743951612903345e+02
2.514491516211851376e+02 5.335910648474057183e+01 1.896345759658784971e+02
2.515349535695059728e+02 5.029857602799287974e+01 1.909842656528220743e+02
2.514655213466396049e+02 5.335976127375874967e+01 1.891746280901900832e+02
2.514074327611909325e+02 5.190720371443951819e+01 1.894737282082073762e+02
2.514845632841939675e+02 5.266512070893204367e+01 1.904018282330531235e+02
2.513904056586194145e+02 5.373187554350076311e+01 1.905828308107996065e+02
2.514790338109238519e+02 5.139002391403370495e+01 1.908331012671332019e+02
2.513945724978260046e+02 5.360485294422129243e+01 1.904473658329537500e+02
2.513926094248209040e+02 5.179135782019959322e+01 1.912545550540395141e+02
2.515776377903846992e+02 5.450155415338109322e+01 1.906860170193382658e+02
2.514746042796803067e+02 5.615943983187709421e+01 1.895559779908070652e+02
2.513798488032630871e+02 5.376636066710836559e+01 1.898559477100501169e+02
2.514429958279845891e+02 5.210224543459356283e+01 1.908471714667273886e+02
2.514071998322911838e+02 5.169076229864590744e+01 1.899179042092840177e+02
2.514572355480558201e+02 5.315045265849517619e+01 1.896024900099382933e+02
2.514869106898836435e+02 5.110841805043687458e+01 1.893487566772951141e+02
2.515091851629466930e+02 5.047925121123027736e+01 1.894349274297072441e+02
2.514192137873203876e+02 5.199533236365895306e+01 1.904437256718704816e+02
2.515242284877220698e+02 5.400110253012547190e+01 1.892591735165017326e+02
2.514508584724005118e+02 5.007955298356039719e+01 1.900794818108410311e+02
2.513874319329993057e+02 4.882026041450991727e+01 1.915250036233384492e+02
2.514229548842602071e+02 5.105792035902107528e+01 1.906924290343285406e+02
2.514453367634270649e+02 5.275989559609093504e+01 1.906345927885212745e+02
2.515389017143567116e+02 5.570547175866495593e+01 1.887756985278893467e+02
2.514096921715184862e+02 5.553558118348585992e+01 1.891932274628348978e+02
2.514572264897097114e+02 5.537109844092923083e+01 1.894245271543335036e+02
2.513969871940867051e+02 5.671333181498198428e+01 1.902995258602840636e+02
2.514633447554764132e+02 5.669096675845790401e+01 1.909404594910762398e+02
2.514384433620439836e+02 5.342424116940659928e+01 1.911677812745869289e+02
2.514625851484533428e+02 5.639264048200753621e+01 1.898205878090190026e+02
2.514373796534017913e+02 5.678209630833574550e+01 1.901667046254503362e+02
2.514397399995858962e+02 5.126179008447554963e+01 1.906352644001821943e+02
2.514371247256615050e+02 5.114649933744668431e+01 1.905133261211644253e+02
2.514621917574226586e+02 5.378715086546026924e+01 1.904217760052175947e+02
2.514420395254461766e+02 5.361644245103316564e+01 1.902743565986169187e+02
2.514369047372562136e+02 5.109164328750672723e+01 1.908412266035860796e+02
2.514437192016232530e+02 5.118529882189739055e+01 1.912362222555799462e+02
2.514982595034990993e+02 5.379703352105677538e+01 1.893675048656259037e+02
2.515035948693527814e+02 5.350207824340552065e+01 1.898991430804588276e+02
2.514399949273261825e+02 4.807134094579485861e+01 1.901177390885750924e+02
2.514260373100335357e+02 5.018151760942482298e+01 1.898316959294380695e+02
2.513719447492649692e+02 4.948553640937512910e+01 1.899389389829806589e+02
2.513922225040374201e+02 4.770058025177026195e+01 1.903786738063687949e+02
2.515502466458238473e+02 5.143121091970682102e+01 1.906013124249451209e+02
2.513875988653774414e+02 4.931668624994824057e+01 1.903121428423537225e+02
2.514537403205101782e+02 4.790621247256615334e+01 1.903007746179966091e+02
2.514783570230651435e+02 5.062341996563004898e+01 1.890600400120087841e+02
2.513664269224398424e+02 4.851547294919044617e+01 1.905072182077932723e+02
2.514735586877303319e+02 4.763679008447554963e+01 1.908994225951385033e+02
2.514678752225765095e+02 4.887725164603089212e+01 1.901042525052797316e+02
2.515170905109942510e+02 5.034042299888194094e+01 1.905022749389208627e+02
2.514972320282413421e+02 4.846277925586980473e+01 1.896918480061286232e+02
2.515029258457907133e+02 4.910173428506356430e+01 1.903345182512733516e+02
2.514936410410369092e+02 4.867228715474760747e+01 1.903117442751252781e+02
2.514308007060333807e+02 4.745876770259638278e+01 1.911468603772412962e+02
2.514540353637831913e+02 4.796105687606112156e+01 1.898864083398898401e+02
2.515169106381216579e+02 5.062949164561679538e+01 1.897147384467265852e+02
2.513405226406890449e+02 4.591478037392852940e+01 1.903687316244979115e+02
2.513605144105345914e+02 4.510794831048904996e+01 1.906589532692865134e+02
2.514341691167336137e+02 4.872412418733694750e+01 1.903382451136693021e+02
2.514617582508592477e+02 4.903256863638245733e+01 1.912482090355708237e+02
2.514337821959501298e+02 4.848004834568719446e+01 1.905403730485734286e+02
2.514828913723135599e+02 5.304076126340635255e+01 1.899773295478073578e+02
2.514683980185514827e+02 5.018046037102985935e+01 1.897345166984140121e+02
2.514698357074827015e+02 4.765778474263944986e+01 1.904308459977638961e+02
2.515101259368917965e+02 4.594400389250072436e+01 1.896703447865336045e+02
2.514291352644001734e+02 4.537403981531326025e+01 1.901798055820116815e+02
2.514530505921570125e+02 5.210194909727110968e+01 1.895869018903474341e+02
2.514222315106215717e+02 4.793590314298728572e+01 1.907047445028779578e+02
2.513777912646486357e+02 4.728635502505279931e+01 1.899615330862561677e+02
2.515064314257319040e+02 5.136137624746366015e+01 1.909408774690463417e+02
2.514133685659861612e+02 5.122973130357364369e+01 1.904949545012215708e+02
2.514784152552900878e+02 4.781312243778210558e+01 1.916907998260797683e+02
2.513754529173050685e+02 4.691808796430493800e+01 1.915037074516543214e+02
2.514094165389871307e+02 5.028908029317984330e+01 1.907631604828357297e+02
2.514840404882189659e+02 4.855777154333512868e+01 1.911514206074785704e+02
2.514505026088036743e+02 5.101496826990765499e+01 1.911542183423744348e+02
2.514601225723632467e+02 4.961900466893038697e+01 1.916438128908029341e+02
2.515162144395212920e+02 5.123810250942067768e+01 1.915088073005093463e+02
2.514561990144519541e+02 5.218472167584579324e+01 1.915930835645368404e+02
2.514023989088575206e+02 5.010395746200671141e+01 1.913475389767692150e+02
2.513891193734730223e+02 4.915103627479398796e+01 1.913552553935980711e+02
2.514721339392935420e+02 5.300183625615967742e+01 1.917581952151227824e+02
2.513992673092053565e+02 5.366039354631661951e+01 1.921705673630378044e+02
2.514386555861526347e+02 5.563406093420017129e+01 1.925236578119176727e+02
2.514456253364528493e+02 5.574829314878462583e+01 1.921988384612199354e+02
2.514610555820116815e+02 5.247117893080459083e+01 1.926441713424986517e+02
2.514274439417781366e+02 5.327927398650047763e+01 1.917828947368421098e+02
2.514191659074909921e+02 5.114481319102240064e+01 1.924114456085138158e+02
2.514790144001821943e+02 4.971761641268789589e+01 1.909979385792372284e+02
2.514466748105511726e+02 5.207422797010228521e+01 1.909747802704045796e+02
2.515026359787154888e+02 5.452961820365232626e+01 1.912826514555468123e+02
2.515016447368421098e+02 5.252523914033707086e+01 1.915111262371112559e+02
2.514274400596297880e+02 5.433830722804256652e+01 1.913319055654478404e+02
2.513986707524121016e+02 5.183170628183361828e+01 1.924165325168744118e+02
2.514698512360760390e+02 5.273227799287754891e+01 1.915432574847819751e+02
2.513789999068284260e+02 4.981343818584620209e+01 1.912968316493436589e+02
2.514185680566482972e+02 5.356228518779245462e+01 1.908557704252764040e+02
2.513992375460681501e+02 5.055294215081369913e+01 1.913264938506770534e+02
2.514242243467638502e+02 5.292950018634311959e+01 1.915853813822518532e+02
2.514450016046212966e+02 5.199103741355749975e+01 1.924213813201374705e+02
2.514543265249078559e+02 5.178509203279639195e+01 1.917259099755683565e+02
2.514172067166342401e+02 5.105028676135658117e+01 1.925125471033997258e+02
2.513400205495051694e+02 5.317531134829599893e+01 1.911917147190359856e+02
2.514890821048490750e+02 5.072592421011221830e+01 1.923937831276657278e+02
2.514617258996231612e+02 5.261855951592198721e+01 1.921429769348627303e+02
2.514864085986997395e+02 5.292736371071266177e+01 1.927243001780612133e+02
2.514443261108120282e+02 5.240164836018054473e+01 1.920098580686570813e+02
2.513742481572735983e+02 5.268603513603047617e+01 1.918962288811131032e+02
2.514830647749389243e+02 5.304069397283531373e+01 1.922817430328377952e+02
2.514230920535011933e+02 5.118893510083233167e+01 1.915995913391858778e+02
2.513000331276657278e+02 4.967047936767568217e+01 1.919487892873410999e+02
2.514153355211395819e+02 4.723341546233798738e+01 1.929453833492070203e+02
2.514348886082239289e+02 4.964241402335500197e+01 1.912628563812166078e+02
2.513974491697378824e+02 5.037659038676549983e+01 1.914868744564992369e+02
2.514672747836349345e+02 5.019433905130647133e+01 1.911567158577994974e+02
2.514937652697834380e+02 4.810883344030808928e+01 1.913345053107789226e+02
2.513884594082570629e+02 4.575485527351028736e+01 1.922201863948817788e+02
2.513788769721313372e+02 4.929513773862272075e+01 1.911656913847364194e+02
2.514733749327094188e+02 4.762222814609300769e+01 1.918985426415172526e+02
2.514336877303408073e+02 5.019523970971882676e+01 1.907889599465816275e+02
2.515097571328005301e+02 4.662897920203734969e+01 1.921187562114373293e+02
2.514634780425690508e+02 4.701239958176321920e+01 1.918371619942854807e+02
2.513791746035032588e+02 5.075246904633732470e+01 1.924936824506190760e+02
2.514596243633276629e+02 5.588043112551244462e+01 1.921953872313553404e+02
2.513679668412770809e+02 5.152829827322042178e+01 1.913443051472110596e+02
2.514886654209284131e+02 5.115182823305313065e+01 1.915774656818087749e+02
2.513408552113959047e+02 5.008051575634601704e+01 1.916681229036398975e+02
2.513299088471572418e+02 4.751685111184728072e+01 1.920005616174582883e+02
2.513356557207337687e+02 4.894672916062776835e+01 1.913264395006004293e+02
2.514197068201581828e+02 4.736889596877717423e+01 1.911501084413433205e+02
2.514331843451074633e+02 4.426169820696509305e+01 1.917284372541305970e+02
2.514181241976893375e+02 4.357168775104559444e+01 1.919584597188289479e+02
2.515165159530415337e+02 4.855474993788562443e+01 1.906751845314505829e+02
2.513835381382251910e+02 4.585158029317984330e+01 1.913743063894985426e+02
2.515368739388794666e+02 4.941026543542175631e+01 1.907591592819578352e+02
2.513952971655141084e+02 4.756611298604497051e+01 1.912613061099838490e+02
2.514144542734688912e+02 4.503733720858006251e+01 1.918257989461261275e+02
2.515674575034162785e+02 4.774465298770135746e+01 1.904563452420390206e+02
2.513357954780736350e+02 4.676698957513768562e+01 1.907836750486562494e+02
2.514091849041368221e+02 4.727937362830758872e+01 1.907176604103689499e+02
2.513334519545322792e+02 4.409612716882686811e+01 1.912681632779825236e+02
2.513735998385026278e+02 4.617302217483125304e+01 1.906780948486479872e+02
2.514231295809350399e+02 4.675926927616050222e+01 1.913243651393432572e+02
2.514242683444448971e+02 4.786142153919416842e+01 1.911638758333678538e+02
2.514976823574475020e+02 4.760454625450329047e+01 1.917084351318895301e+02
2.514054489833947628e+02 4.960459801648101319e+01 1.912118578926663588e+02
2.514326887241707595e+02 4.710453849020663597e+01 1.917497036626775468e+02
2.513822402066338100e+02 4.412190980993001688e+01 1.923821159778872811e+02
2.513922587374218267e+02 4.672630207254958634e+01 1.919752280115118594e+02
2.514363806472317719e+02 4.639830971261749681e+01 1.905385406745620855e+02
2.514115116050354004e+02 4.628222312518116865e+01 1.909142394612613316e+02
2.513807313449832179e+02 4.060818382748767874e+01 1.904872277319971943e+02
2.514025593709884561e+02 4.069886951840656053e+01 1.904257927346887982e+02
2.514297124104517707e+02 4.087612582301544251e+01 1.903938801813739587e+02
2.514048679551948453e+02 3.950903505321131348e+01 1.901743835148453456e+02
2.513217925690504728e+02 3.877407320178889449e+01 1.904566842829930806e+02
2.512548953890430141e+02 4.268268613607188655e+01 1.904289320986376310e+02
2.513418464532692838e+02 3.964747375667729301e+01 1.903899178019793794e+02
2.514172843596008136e+02 4.263770368338233396e+01 1.902454397697627257e+02
2.514513929148205023e+02 3.953251040415752016e+01 1.902570603337612454e+02
2.514052173485444541e+02 4.372159820282413278e+01 1.898420146796968879e+02
2.514358216178723637e+02 3.985817088699324984e+01 1.911619438175493713e+02
2.513954420990517065e+02 3.884382893701602768e+01 1.902579907553107716e+02
2.514028867654975272e+02 4.089637122655182111e+01 1.896049021181001422e+02
2.514989401735061563e+02 5.454180685535632733e+01 1.923808581618286553e+02
2.514780632738415704e+02 5.427209071804215768e+01 1.919072153608845213e+02
2.514462956540643574e+02 5.050032868855853252e+01 1.929369267360967228e+02
2.514956752867613545e+02 5.274098306348088983e+01 1.928354991407511818e+02
2.514519946478115173e+02 5.095378561224067226e+01 1.929303749637666101e+02
2.514695523106546773e+02 5.057502898670752245e+01 1.933622199677005256e+02
2.514444568098057857e+02 5.106587488094745453e+01 1.925385458507598742e+02
2.514260282516874270e+02 4.979221059878256028e+01 1.923411230796306199e+02
2.514543291130067360e+02 4.901514814278024090e+01 1.925878659571824869e+02
2.512840322063025269e+02 5.041204345935649656e+01 1.922251206054080797e+02
2.514538153753778715e+02 5.209767226386185968e+01 1.918627349993788584e+02
2.513936330179303411e+02 4.817570862147501032e+01 1.920809143235744614e+02
2.514800302289949911e+02 5.177273386061534666e+01 1.916032754979502215e+02
2.515510140171435580e+02 5.083165451985589556e+01 1.921872295436664047e+02
2.515019695432523008e+02 4.767852188496418364e+01 1.924554704646155017e+02
2.514612703942192127e+02 4.717921808356453539e+01 1.922172061990144414e+02
2.513970518965588496e+02 4.968469967700525558e+01 1.922759068698496776e+02
2.514088342167377448e+02 5.278527708186674516e+01 1.914772829620274024e+02
2.514863374259803663e+02 4.969710572901569634e+01 1.921212446685162831e+02
2.514370302600521825e+02 4.982004430825293184e+01 1.924526895523624148e+02
2.514200458611122713e+02 5.063636434220878613e+01 1.923924295519483110e+02
2.514584014866040036e+02 4.725399084848233855e+01 1.930426208124559935e+02
2.514020456333595632e+02 5.185992561803801237e+01 1.926177300302289837e+02
2.513530192761604951e+02 5.084070898380885239e+01 1.926268504907035606e+02
2.513785767526605639e+02 5.286762909437243962e+01 1.925504679282786071e+02
2.514856748726655269e+02 5.290563144436622878e+01 1.931331201602550891e+02
2.514699612302786988e+02 5.290682196985382291e+01 1.926517725889270878e+02
2.514535876226758830e+02 5.266611453890430283e+01 1.932963502629508525e+02
2.514598521160296514e+02 5.484828564329785650e+01 1.926965816389912618e+02
2.514395782434055207e+02 5.598060090479937401e+01 1.928728945815561815e+02
2.514909649467886936e+02 5.537982809847198951e+01 1.926268466085552120e+02
2.514054463952958827e+02 5.284227607768437451e+01 1.926102064267671494e+02
2.513869880740403460e+02 5.157522309412397732e+01 1.928184992132179332e+02
2.515176650689469682e+02 5.419115180752826433e+01 1.924025606650378961e+02
2.514299401631537592e+02 5.340661362789349198e+01 1.927319738912584342e+02
2.514708256553066406e+02 5.062384053169903808e+01 1.937392542134249993e+02
2.514046622013333945e+02 5.255312072963683789e+01 1.929945960495258532e+02
2.514277985113255340e+02 5.617775580769389876e+01 1.921317057642138479e+02
2.514936552755807782e+02 5.567588461219926188e+01 1.930447171725537316e+02
2.514181707834692929e+02 5.586612411487018193e+01 1.922888434821317674e+02
2.514630859455878067e+02 5.471902951467969700e+01 1.922666815913702294e+02
2.514189562714812212e+02 5.554626226758872320e+01 1.925516299846784420e+02
2.514698408836804902e+02 5.530680618245062163e+01 1.928228963932253919e+02
2.514716176135657690e+02 5.730856220754482422e+01 1.930855107871961707e+02
2.514613040395047392e+02 5.857320178889394668e+01 1.925944461986003660e+02
2.515917895150937795e+02 6.141908050022775001e+01 1.932810429520891091e+02
2.514577402273386042e+02 5.839902920410783338e+01 1.932367476396538279e+02
2.515034214667273886e+02 5.945388784214667055e+01 1.932757075862354554e+02
2.514900578181291166e+02 5.955085484906206972e+01 1.935227170379725976e+02
2.514352354134746861e+02 5.777682176280591619e+01 1.941143460909354417e+02
2.515143794774110688e+02 5.910266470661311189e+01 1.933832922688310134e+02
2.514858405109942510e+02 6.082706840862975639e+01 1.943696633400969063e+02
2.515245765870222385e+02 5.916073646941902098e+01 1.947199547600314702e+02
2.515722648970971989e+02 6.146713890844341677e+01 1.948386139177605685e+02
2.514683164934365891e+02 6.068691250155286099e+01 1.945676529048821806e+02
2.514315357261170334e+02 5.989407946498819513e+01 1.947775373721479184e+02
2.514631182968238932e+02 5.998468363079216203e+01 1.943607783966209865e+02
2.514628750155285957e+02 5.996492478984637131e+01 1.941250038821483201e+02
2.514872316141455144e+02 6.155545907698041219e+01 1.942458189262495409e+02
2.514726541471696635e+02 6.065530793200546356e+01 1.942927864507847175e+02
2.514701229864590744e+02 5.947635383452730906e+01 1.943250225164603080e+02
2.514537506729056986e+02 6.068299541388877572e+01 1.948727289432274574e+02
2.515355708310903253e+02 6.228256216613524288e+01 1.941605436560519991e+02
2.514597822373597182e+02 6.281576359269534748e+01 1.942839972669675888e+02
2.514916831442295688e+02 5.896276372727648862e+01 1.949988780591328918e+02
2.514051837032589276e+02 6.324967648763924188e+01 1.936422341504824089e+02
2.515124655782848038e+02 5.921584356495093004e+01 1.945693675203942234e+02
2.515199555364611399e+02 6.117685256118265613e+01 1.954000864425027828e+02
2.514169957865750007e+02 6.198057890595883634e+01 1.945980682429914168e+02
2.515123555840821439e+02 6.464879109901031029e+01 1.939847315106215717e+02
2.514616482566565878e+02 6.659382117271937318e+01 1.946216173547558981e+02
2.516051893970764866e+02 6.486891408546938464e+01 1.949791463932253919e+02
2.515198947161373155e+02 6.609743415876434369e+01 1.948989062694107304e+02
2.515034758168040128e+02 6.484750533148370266e+01 1.955300542983146386e+02
2.514930871878752612e+02 6.572586986003561549e+01 1.951084374611785108e+02
2.515040167294712035e+02 6.681995760694024966e+01 1.950815264089610253e+02
2.515358839910555275e+02 6.419353932875067414e+01 1.959161520663381566e+02
2.515048578616091675e+02 6.881671213093710548e+01 1.949813980392562769e+02
2.514631092384777844e+02 6.491245496707938401e+01 1.950495776222617792e+02
2.515096756076856082e+02 6.448480138929147643e+01 1.943794191788479964e+02
2.515494663340096793e+02 6.624187466354715070e+01 1.954382854880119282e+02
2.515325531077891412e+02 7.000107147293883258e+01 1.955211240631082035e+02
2.515675713797672870e+02 6.745258732245640942e+01 1.965479432378152183e+02
2.513808322808397975e+02 6.628583481717669201e+01 1.959092509006584066e+02
2.514371790757381291e+02 6.832025394426270282e+01 1.957111759286098902e+02
2.515660120501884194e+02 7.042764322539235877e+01 1.962939420369373522e+02
2.515102838109238519e+02 6.789356443330986224e+01 1.959427227835521137e+02
2.514929060209532565e+02 5.699715438527475442e+01 1.939936086898008227e+02
2.514479442730547873e+02 5.650288443620853940e+01 1.937537747422253460e+02
2.514146095594020380e+02 5.806924717379601475e+01 1.945396703797258624e+02
2.515481231106878113e+02 6.353133670131268218e+01 1.936917108368876654e+02
2.514642221209988122e+02 6.131943998716302957e+01 1.941579879084019922e+02
2.514880093378607739e+02 5.839574102447306103e+01 1.944229419437657782e+02
2.515150303842809194e+02 6.039154571617872591e+01 1.949810473518572280e+02
2.514649053791047209e+02 6.065053418361008397e+01 1.944595376620149807e+02
2.514955238829765278e+02 5.958946410824464834e+01 1.945773000434800508e+02
2.514774304836639089e+02 6.015286088450867652e+01 1.924642117686032634e+02
2.513908055198972988e+02 5.494562404240340925e+01 1.929323975630460950e+02
2.514790312228249718e+02 5.592262490165224165e+01 1.921194614683837756e+02
2.514878372292848496e+02 5.845980682429914310e+01 1.918367220174748411e+02
2.513413793014203463e+02 5.670453227876930669e+01 1.921937243778210416e+02
2.513961615905420501e+02 5.965625647024721445e+01 1.921210945587808965e+02
2.514185822911921946e+02 5.848538888773862254e+01 1.933542343885875141e+02
2.514564422957472232e+02 5.706650508302621461e+01 1.925403316389912618e+02
2.514276264027496097e+02 5.714471872541306396e+01 1.925410860698165436e+02
2.515318465567932549e+02 5.924851184314050556e+01 1.914690799826079797e+02
2.514676047662429141e+02 5.863686513934324296e+01 1.926588018655016867e+02
2.514733037599900740e+02 5.921761900078678309e+01 1.921310470930473286e+02
2.515245908215661075e+02 5.863981686612282118e+01 1.923047978177150128e+02
2.514657879208248801e+02 5.753995636465278096e+01 1.918471015880574839e+02
2.514898662988115348e+02 5.877244399354010795e+01 1.910425017599072532e+02
2.514382052569464463e+02 5.459319873493726760e+01 1.909441967058677392e+02
2.514708165969605318e+02 5.446146191353679455e+01 1.908241839724212241e+02
2.514437839040953975e+02 5.664600371651000188e+01 1.913773008199097205e+02
2.514048498385026278e+02 5.363405058180462959e+01 1.915540446809391710e+02
2.514890355190691196e+02 5.308108772619983995e+01 1.916282454760031442e+02
2.514435406228001284e+02 5.696796321793863171e+01 1.914624246863224073e+02
2.514857848668681868e+02 5.612587865957182487e+01 1.928113081804629587e+02
2.514577868131185596e+02 5.874505802517702335e+01 1.934694565509958863e+02
2.514726334423785659e+02 5.982642526605656741e+01 1.933835239036813221e+02
2.514944161766532886e+02 5.998582886454925500e+01 1.939050180649302320e+02
2.515022192947948270e+02 6.119147920203734969e+01 1.937183501387220872e+02
2.515210580665866189e+02 6.065522511284110863e+01 1.938554922046461684e+02
2.514227180732121383e+02 5.955555354258975598e+01 1.945502751149115852e+02
2.515039106174168637e+02 6.521249068284400607e+01 1.946216432357447559e+02
2.515054608886496226e+02 6.726632702182284618e+01 1.941450538842188109e+02
2.515594162801772313e+02 6.917898903681312106e+01 1.952509278334506746e+02
2.516474245827984646e+02 6.924029851132551983e+01 1.949350891858876196e+02
2.515137169240962294e+02 6.608820370408712108e+01 1.956135204873907867e+02
2.514877401755766186e+02 6.432669831048904996e+01 1.945646222410865960e+02
2.515640528593316390e+02 5.228815892997639736e+01 1.921038578201996074e+02
2.514344783945504958e+02 4.902797346681021651e+01 1.925773311006666972e+02
2.514134099755683565e+02 5.288941571079547543e+01 1.917465474760859649e+02
2.514099574516543214e+02 4.993308858544867235e+01 1.925473376226758830e+02
2.514171238974698781e+02 5.231395839372230938e+01 1.917543117727442166e+02
2.515242039007826520e+02 5.052542289535798403e+01 1.921242158060375118e+02
2.515137221002940180e+02 5.240961323450246567e+01 1.913749689428133536e+02
2.515012384053169967e+02 5.184840987204439244e+01 1.912417103192678667e+02
2.514642195328999037e+02 5.111674525860284035e+01 1.915628817445856953e+02
2.514746689821524797e+02 5.346883928941156938e+01 1.908315057041699561e+02
2.514022345645782366e+02 5.009124730837715589e+01 1.913948235434179423e+02
2.515219884881361452e+02 5.179951939003685624e+01 1.912856834133918653e+02
2.514307994119839407e+02 4.882542237773820659e+01 1.921381993043190164e+02
2.513369394177812808e+02 4.766660368959377081e+01 1.917597014886744660e+02
2.514872432605905033e+02 5.249301213300757496e+01 1.918550548159344089e+02
2.515286916642511130e+02 5.215248431612074853e+01 1.917772255062321562e+02
2.514298871071265751e+02 5.192188729346970888e+01 1.922674411983932998e+02
2.514452215930266163e+02 5.514620947037144560e+01 1.915566897180007402e+02
2.513753105718663221e+02 5.447073765994451122e+01 1.906471437740693204e+02
2.514247600832332523e+02 5.283382205267298559e+01 1.922378268768893008e+02
2.514629720692368267e+02 5.419920208911342030e+01 1.917015003209242536e+02
2.514684368400347978e+02 5.293350268127044700e+01 1.915845596608555184e+02
2.514444399871630367e+02 5.350131604828357013e+01 1.922285459542838169e+02
2.513970894239927247e+02 5.486697559940370184e+01 1.916111976686405285e+02
2.515085497846701799e+02 5.722651041450991727e+01 1.907087664085469498e+02
2.513667996086794574e+02 5.174659147376703316e+01 1.916407330531284856e+02
2.514489290446809377e+02 5.177108265352602245e+01 1.908217666880616150e+02
2.514253967555592340e+02 5.248256397780446747e+01 1.906019995651993781e+02
2.514758672719367212e+02 5.096344827943185862e+01 1.907686627810675475e+02
2.514731756490951966e+02 5.062858710505611270e+01 1.905545079506397883e+02
2.514538606671083585e+02 5.195907568636382479e+01 1.907856523562052189e+02
2.514124006170027883e+02 5.126398479233094463e+01 1.903171430494016363e+02
2.514460808418567979e+02 4.963679526067331693e+01 1.912098521160296514e+02
2.513509358565572143e+02 5.161786849351940276e+01 1.900869096546440744e+02
2.515385445567104341e+02 4.982701405855314647e+01 1.906052088078181157e+02
2.514672799598326947e+02 5.348877929727939318e+01 1.901183925835438231e+02
2.514880585117396095e+02 4.851286932171104382e+01 1.911584770590914673e+02
2.513862207027206068e+02 5.071074889229367955e+01 1.910241896662387546e+02
2.514833701706074862e+02 5.304081043728518807e+01 1.903451449852996120e+02
2.514601976272309400e+02 5.011217338192057724e+01 1.911981513209656782e+02
2.514926976789929256e+02 5.456923682140047305e+01 1.905050830262122759e+02
2.514419036502546589e+02 5.396425576628431742e+01 1.908672848772205839e+02
2.513671425317818660e+02 5.452847814609300769e+01 1.903412136630916507e+02
2.514284390657998358e+02 5.482638256242494634e+01 1.912077337570914040e+02
2.513980496086794574e+02 5.372289872251438680e+01 1.912698390720112513e+02
2.514563426539401121e+02 5.381465329827322108e+01 1.913138251066296789e+02
2.514965837094703716e+02 5.447367256408132619e+01 1.913651535777879076e+02
2.514171122510248892e+02 5.215187093668475171e+01 1.909147661393846533e+02
2.514151569423164574e+02 5.299488979874943340e+01 1.904676733508633788e+02
2.513683641144560852e+02 5.240725547641724091e+01 1.905356769431446367e+02
2.514149654229988755e+02 5.169122556834651760e+01 1.904551314236614417e+02
2.513323196612696222e+02 4.907197373597250589e+01 1.913305015218021481e+02
2.514565044101205160e+02 5.488843482131765228e+01 1.901721448093088611e+02
2.514535850345770029e+02 5.570131268375502032e+01 1.900004813863928064e+02
2.514915420928402909e+02 5.189608135947658241e+01 1.907550662035694984e+02
2.514639723694562861e+02 5.091037931177274345e+01 1.907264004203072716e+02
2.514025037268623919e+02 5.038254430825293184e+01 1.904064893991469489e+02
2.514443235227131481e+02 5.050102618120833142e+01 1.904905650855107808e+02
2.514792783862685894e+02 5.362573890223197992e+01 1.899121870988446688e+02
2.515003390409540884e+02 5.209607411279970535e+01 1.900208238436374302e+02
2.514875848896434718e+02 5.018630429831463147e+01 1.901438077146051455e+02
2.515207022029897814e+02 5.315989663133048992e+01 1.902690225268127051e+02
2.514517319557745623e+02 5.606374228746531685e+01 1.888933082115201501e+02
2.515078704087125629e+02 5.136980180338730406e+01 1.905994968735765553e+02
2.514207019441798820e+02 5.309392469667481151e+01 1.902936638163070882e+02
2.513969380202078696e+02 5.250673940949936025e+01 1.910202285808936153e+02
2.514884803718580599e+02 4.945459180504368391e+01 1.908752924551741330e+02
2.514827956126547690e+02 5.553760248871589056e+01 1.904347643794774001e+02
2.514832200608720996e+02 5.492081840862975639e+01 1.899206217131144285e+02
2.514658590935442533e+02 4.930988343202616875e+01 1.905123102923516569e+02
2.514147234357530465e+02 4.746463751087001270e+01 1.903410234378235089e+02
2.515065388318356838e+02 4.779436001490744701e+01 1.902004146134415521e+02
2.514292297300095242e+02 4.828273168661227999e+01 1.901455365646610574e+02
2.513991469626071478e+02 4.870835231272516808e+01 1.892545705826328231e+02
2.514133362147501032e+02 4.821584227090149000e+01 1.898512645451157539e+02
2.514893111516004751e+02 4.847770352809639860e+01 1.894872898463704587e+02
2.514277791005838765e+02 4.667249420265849835e+01 1.905515406952668798e+02
2.514488332850221468e+02 4.915979828357281889e+01 1.896156116712907362e+02
2.514759293863099856e+02 4.929033552113958905e+01 1.891475061079133582e+02
2.515071949149032946e+02 4.849900099382997354e+01 1.897908867862023214e+02
2.513783917035902107e+02 4.815910726117023444e+01 1.903553990330862575e+02
2.514188242784380236e+02 4.977945256532361640e+01 1.903243405524038394e+02
2.513923713197233951e+02 4.776721344569133265e+01 1.912031385875191631e+02
2.514896644270984325e+02 5.082315649716344552e+01 1.909383683071762903e+02
2.513741536916642474e+02 5.176610832746697355e+01 1.893096712079175177e+02
2.513648585345148945e+02 5.232041570044308543e+01 1.899937251542506829e+02
2.514159967804049813e+02 5.286373012340055766e+01 1.895312681166921891e+02
2.515062140254254928e+02 5.003736826576670182e+01 1.898670558304691838e+02
2.514212130937098948e+02 5.009335660896931586e+01 1.900382417491407523e+02
2.513888113897055803e+02 4.995969941819537041e+01 1.899353557600728948e+02
2.514548997888111330e+02 5.304664530622385854e+01 1.894176816327798178e+02
2.512977090148660295e+02 5.148901222617913476e+01 1.906478645596091042e+02
2.514849100894446963e+02 5.089406264234543897e+01 1.902243765269783466e+02
2.514462749492732598e+02 5.150793769928361598e+01 1.890890435421756592e+02
2.515033515880574839e+02 4.889558703258934003e+01 1.900398049608679401e+02
2.514337239637252139e+02 4.722936249948237730e+01 1.892810054246552625e+02
2.514413692078346969e+02 4.507340495465651031e+01 1.893213189469543352e+02
2.514137050188413696e+02 4.510649897511284223e+01 1.892595824361257257e+02
2.514777125864424931e+02 4.853206395709967325e+01 1.888034649467886936e+02
2.514316573667646821e+02 4.583162734481759060e+01 1.887680481075821035e+02
2.514221253985672320e+02 4.692700784711582429e+01 1.884981042175659525e+02
2.515012008778831500e+02 5.752275715350532437e+01 1.916713813201374705e+02
2.515042186011843057e+02 5.725246257609011025e+01 1.913413068346515331e+02
2.514284765932336825e+02 5.897729590252184551e+01 1.913856513209656782e+02
2.514999909416538912e+02 5.741197875688434493e+01 1.915422287154747494e+02
2.514087358689800737e+02 5.920338316286388647e+01 1.911486707524121016e+02
2.514495903039463371e+02 5.795973435753032987e+01 1.913890223197647913e+02
2.514207174727731910e+02 5.841214051306472044e+01 1.914449563128908096e+02
2.514156046834237372e+02 5.625526936933206201e+01 1.917086499440970613e+02
2.514613105097519679e+02 5.770137350407884469e+01 1.912517793179841874e+02
2.514093039566855907e+02 5.787973751501097297e+01 1.918943758023106625e+02
2.515140831400886157e+02 5.776892547310447412e+01 1.912062727752702074e+02
2.514565406435048942e+02 6.116293764752163753e+01 1.911320098658329414e+02
2.514845697544411678e+02 5.785679660648474254e+01 1.916677929210319178e+02
2.515494158660814037e+02 5.671487820406642300e+01 1.925755918982152366e+02
2.515061040312228329e+02 5.859088885668143831e+01 1.920266380077850101e+02
2.515286424903722775e+02 5.855948357074827015e+01 1.913222532506522100e+02
2.513895942896186284e+02 5.874043697461592473e+01 1.908527656424696772e+02
2.514614541492401258e+02 5.323747230734191760e+01 1.914149964801855219e+02
2.514578696322829217e+02 5.569619730630667931e+01 1.906565269265808240e+02
2.513785456954739459e+02 5.073695209946581741e+01 1.912811594165389977e+02
2.514686477700940088e+02 5.301888406352230021e+01 1.911434803200960744e+02
2.514271178413184771e+02 5.169708243612571863e+01 1.904202127934904070e+02
2.514327896600273391e+02 4.961335226096318962e+01 1.906936777920410861e+02
2.515174567269866372e+02 4.964116397159302352e+01 1.903751565799826153e+02
2.515537599900617067e+02 5.227343523541347281e+01 1.898940406435048942e+02
2.514383696012257303e+02 5.184157340883680831e+01 1.897433434096649876e+02
2.515299870077435855e+02 5.459588776967990498e+01 1.900307000289867005e+02
2.515082508592488182e+02 5.430731344983229292e+01 1.901981526150151183e+02
2.514761545509130940e+02 5.212926259886537395e+01 1.904720252391403505e+02
2.515403122282496042e+02 5.170076271274172797e+01 1.907235328067414741e+02
2.515332648349828162e+02 5.431392345438734282e+01 1.906772394819661258e+02
2.513372046979170875e+02 5.569338016066917874e+01 1.904690088098886065e+02
2.514340785332726114e+02 5.505288650668764916e+01 1.903171572839455052e+02
2.514595726013499473e+02 5.689123255621350950e+01 1.904530104766242857e+02
2.515198002505279646e+02 5.315058723963725384e+01 1.912691144043231475e+02
2.515096393743012015e+02 5.597387961199221706e+01 1.897555372375667844e+02
2.515217102675059095e+02 5.426670229616133412e+01 1.910038006232142038e+02
2.515455453641972667e+02 5.621648800157356618e+01 1.903216748105511726e+02
2.514189498012339925e+02 5.563313180670007085e+01 1.904569857965133224e+02
2.515064818936601796e+02 5.687695660275787901e+01 1.896252174003064397e+02
2.515350402708186550e+02 5.503244311358648133e+01 1.904108581100666697e+02
2.515270909250900786e+02 5.579550524866453998e+01 1.902546236386599787e+02
2.514181953704087107e+02 5.710020213052300164e+01 1.904455476934862759e+02
2.515192683962068827e+02 5.619254679282786213e+01 1.896796658246718152e+02
2.515188840635223073e+02 5.436009772661393669e+01 1.905456488881527264e+02
2.514802088078181157e+02 5.762706142076276450e+01 1.901157798977183404e+02
2.514366019296865318e+02 5.352032822270073353e+01 1.909447919686115256e+02
2.515377668329951462e+02 5.796078900782641341e+01 1.899286448196612582e+02
2.515005447948155108e+02 5.681654649260838852e+01 1.910563713818377494e+02
2.514059588388753070e+02 5.486558061410410403e+01 1.916204436519110459e+02
2.515031225413060554e+02 5.510937305892583282e+01 1.912120429417367120e+02
2.514586253571576435e+02 5.958672201747484110e+01 1.907805240382624561e+02
2.514456072197606602e+02 5.814960505610998354e+01 1.915593515777050868e+02
2.514865638846329148e+02 5.785933553149198616e+01 1.907989616547268952e+02
2.514341238250030983e+02 5.710376982483746389e+01 1.914400169261667202e+02
2.514304474305354233e+02 5.886406787030519183e+01 1.908639902273386042e+02
2.513842718642594036e+02 5.689924531036481881e+01 1.913163640316369083e+02
2.514322733342995662e+02 5.759469077394508929e+01 1.911239984057310721e+02
2.514205168951095288e+02 5.812001790964428949e+01 1.917091882686653719e+02
2.515017987287258165e+02 5.977667424116940964e+01 1.912300884612199354e+02
2.515326216924096343e+02 5.851747225557993914e+01 1.906054960867944885e+02
2.514258522609631825e+02 5.615585402087042866e+01 1.916744728042569079e+02
2.514341639405358535e+02 5.770952989771833330e+01 1.908355056109983821e+02
2.514731834133918653e+02 5.869211587436332422e+01 1.910184570272060967e+02
2.515306392086628762e+02 6.017709325437906642e+01 1.908324827114994378e+02
2.514835332208373018e+02 5.642429163733488195e+01 1.907895241521387959e+02
2.514741526564247067e+02 5.860212897014368849e+01 1.902217250196695488e+02
2.515379712928071569e+02 6.105536202327218831e+01 1.896763401176032175e+02
2.515017236738581232e+02 5.915690608306762499e+01 1.905236409892749236e+02
2.513956892624953525e+02 5.713185975609756184e+01 1.908824136092591743e+02
2.515880794753406065e+02 6.015032972379808740e+01 1.905960210567725426e+02
2.514765414716965495e+02 5.555421031926788089e+01 1.916805406020953342e+02
2.515159569236821540e+02 5.661378317942772043e+01 1.908899747401548836e+02
2.514285814112385538e+02 6.046564557538614082e+01 1.907579299349869473e+02
2.515355876537330744e+02 5.782088285229202285e+01 1.909912172864300715e+02
2.514756964574102369e+02 5.855884301627396837e+01 1.905728912170276317e+02
2.514234505051969109e+02 5.937284928982566612e+01 1.898604885295457336e+02
2.515060147418112422e+02 5.640032972379808740e+01 1.913373496314547140e+02
2.515401931757008640e+02 5.772926156362582617e+01 1.910344398318771084e+02
2.515543643111516019e+02 6.019534582177315940e+01 1.906343080976437818e+02
2.515446304712410495e+02 6.095307906124477171e+01 1.910367160648474112e+02
2.515584496252432700e+02 6.130708699117975868e+01 1.908273155720733882e+02
2.514721585262329597e+02 5.963810225061079251e+01 1.909313649115905491e+02
2.515058762785208444e+02 6.070416476872748035e+01 1.915454612509834647e+02
2.514825859766449980e+02 5.962084092509006439e+01 1.919729931881237235e+02
2.514424419748229695e+02 5.610073010269576343e+01 1.915652110335831821e+02
2.514027651248498785e+02 6.001286802766160378e+01 1.909556141041036881e+02
2.514988702948362231e+02 5.831548666611453768e+01 1.909370600231893604e+02
2.514526779059174260e+02 5.915356355335624983e+01 1.902457568118762765e+02
2.514484243653981537e+02 5.863992556627603392e+01 1.906283619404530327e+02
2.515235711106049905e+02 5.703698005093378498e+01 1.911202715433351216e+02
2.514851857219760518e+02 5.825705774566234396e+01 1.908825028986707650e+02
2.512991143525611903e+02 5.685566690132096568e+01 1.904223635036647408e+02
2.515065673009234217e+02 5.724578139881568717e+01 1.912075758830593486e+02
2.513729191684955993e+02 5.627741443745082961e+01 1.907020541740858732e+02
2.514623677481469315e+02 5.588085298563087377e+01 1.900563519710961202e+02
2.513950512961199308e+02 5.612019519441798820e+01 1.909037835417615554e+02
2.514029657025135691e+02 5.704277998053749599e+01 1.904438537827653306e+02
2.514767976934862759e+02 5.511131283904095568e+01 1.912001726261956946e+02
2.514302093254379145e+02 5.602117970723425344e+01 1.909550473104476396e+02
2.514697735931094371e+02 5.642151201913122804e+01 1.901408171663422877e+02
2.513895774669758509e+02 5.740711701312683601e+01 1.914772596691374247e+02
2.515353055509544902e+02 5.693569221292807470e+01 1.904989246449128188e+02
2.514876043003851009e+02 5.572013980910182340e+01 1.914352263551285773e+02
2.514115944241997624e+02 5.766999798128286869e+01 1.911101585469377540e+02
2.514753664748022572e+02 5.604224683216696690e+01 1.915314906931964174e+02
2.514021336287216855e+02 5.557295721354921625e+01 1.911774025321959414e+02
2.514869766864052281e+02 5.680966991386807052e+01 1.904574684769555688e+02
2.514870297424324121e+02 5.462542833036564360e+01 1.919600669282371825e+02
2.515018077870719253e+02 5.558807171104393774e+01 1.912303912687895888e+02
2.513968293200546498e+02 6.049447440887821159e+01 1.908904004824216258e+02
2.515215575696716144e+02 5.643802667812331464e+01 1.912502135181580911e+02
2.514725312124725747e+02 5.645432911300675016e+01 1.902655428278603722e+02
2.514589268706778853e+02 5.411456349124187426e+01 1.903047111164023306e+02
2.514145383866826649e+02 5.418932590376412861e+01 1.906116156466106304e+02
2.514712449273261825e+02 5.609638856681436181e+01 1.901708158205308621e+02
2.514547483850263063e+02 5.208967503830386647e+01 1.909453561741686940e+02
2.514546358027247379e+02 5.008953398691457437e+01 1.913545617830966137e+02
2.514844261149530098e+02 5.270722519566027842e+01 1.905870584703300210e+02
2.515460707482711484e+02 5.552565194210940547e+01 1.893756767878587084e+02
2.515621700173920203e+02 5.005389068905545003e+01 1.902829413226220652e+02
2.514608744150896484e+02 5.206158640109321567e+01 1.899799629384239381e+02
2.514154571617872307e+02 5.235087115408505554e+01 1.894455761625740138e+02
2.514648005610998496e+02 5.323990770839372288e+01 1.893882420079506517e+02
2.514572937802807644e+02 5.354223389167253089e+01 1.900693235227131481e+02
2.514971932067580553e+02 5.539186146424282242e+01 1.894378830386351353e+02
2.514196472938837985e+02 5.333952492856847272e+01 1.898309893784421831e+02
2.515528360387593807e+02 5.319913091639405422e+01 1.902359945028779578e+02
2.514248131392604364e+02 5.303575070396289703e+01 1.909572394302041403e+02
2.514974986024265888e+02 5.379506397780446747e+01 1.896420711002525934e+02
2.513868974905793152e+02 5.466204475340593660e+01 1.897764361360718794e+02
2.514766579361464380e+02 5.266298035115325860e+01 1.901708559360636173e+02
2.514610102902811661e+02 5.423717597001946444e+01 1.900421976582881314e+02
2.514401036274794023e+02 5.458095573315664950e+01 1.901010070292765874e+02
2.513628734626692562e+02 5.275223094123980161e+01 1.899787102985631009e+02
2.514592982628680318e+02 5.576661430079920478e+01 1.898764609818211966e+02
2.515571089900202821e+02 5.644182341918919832e+01 1.901627487163029571e+02
2.514547548552735066e+02 5.806466882686653719e+01 1.892656968197440790e+02
2.514027534784048896e+02 5.297699697710049804e+01 1.906679934986956084e+02
2.514987590065841232e+02 5.092355273510290203e+01 1.904575758830593486e+02
2.515387076069402497e+02 5.211232607975485820e+01 1.902691713424986517e+02
2.514794194376578673e+02 5.365001785788231103e+01 1.895112388194128243e+02
2.514775003623338421e+02 5.111256030270404693e+01 1.897531199532071753e+02
2.514540884198103470e+02 5.362954987784173255e+01 1.893647045426311593e+02
2.514272174831255882e+02 5.358013918795809616e+01 1.900139265601060004e+02
2.514396571804215625e+02 5.145190535839993373e+01 1.896969931467141635e+02
2.514725687399064213e+02 5.256766066917884928e+01 1.891911000455505416e+02
2.514156435049070240e+02 5.158467612530539270e+01 1.900162519669551671e+02
2.514389143960412412e+02 5.480082896807321191e+01 1.890554306078926743e+02
2.515382016336080255e+02 5.363219103275498156e+01 1.891361611764462225e+02
2.514578256346018463e+02 5.295324340552404152e+01 1.894406820675804397e+02
2.514829159592529777e+02 5.464642557662843103e+01 1.894676811151600475e+02
2.514193871899457520e+02 5.377150192554557151e+01 1.897867548863306979e+02
2.514468520953248571e+02 5.282135518033872756e+01 1.904419761170234722e+02
2.514766359373059004e+02 5.506003354176156250e+01 1.901400717938630862e+02
2.514648833802641832e+02 5.270057378152304750e+01 1.898402715950971071e+02
2.514960544432481697e+02 5.210214449873700460e+01 1.899634353389374439e+02
2.515184764379477542e+02 5.578112706530291121e+01 1.896108650979336687e+02
2.515136056358441294e+02 5.203783929976396649e+01 1.905552520290695213e+02
2.514071623048573372e+02 5.638501594268913664e+01 1.891597944014244774e+02
2.515117952606733240e+02 5.682589729388380562e+01 1.901354067456209407e+02
2.514446017433434122e+02 5.633608663919831372e+01 1.907186335355501399e+02
2.514838632034452814e+02 5.702872272143773813e+01 1.908982773613814174e+02
2.515229486728228778e+02 5.592602695763799403e+01 1.904954345935649371e+02
2.514404763137189889e+02 5.375222058884425991e+01 1.899562663050229787e+02
2.514272964201416301e+02 5.039148230775601434e+01 1.900929256905047851e+02
2.514665138825624240e+02 5.201928133670131160e+01 1.897492080417408715e+02
2.514150171849765911e+02 5.230570624042403693e+01 1.896797434676384171e+02
2.512967902397614921e+02 5.229752396579568341e+01 1.892696604931881268e+02
2.513993565986169187e+02 5.305449371609590514e+01 1.895216714460226228e+02
2.514502334465195190e+02 5.062263835976644799e+01 1.906650780053004155e+02
2.513936084309909234e+02 5.210811524286719987e+01 1.897045905109942510e+02
2.514038922419147752e+02 5.079754208248788672e+01 1.906062375771253414e+02
2.514234505051969109e+02 5.093779892542134036e+01 1.904644058760196970e+02
2.513833349724626203e+02 5.087806301503167816e+01 1.902756584123566199e+02
2.515575696716220193e+02 5.142200505196902327e+01 1.906576242805085144e+02
2.513589072011263283e+02 5.238031983726034468e+01 1.900787183216696405e+02
2.513744500289867005e+02 4.845523235951799279e+01 1.904971479150275400e+02
2.513603215971675979e+02 5.365531310820323796e+01 1.901498211623669761e+02
2.514030239347384850e+02 5.302308454801440973e+01 1.900580290591742880e+02
2.513940095863182762e+02 5.179492680856350262e+01 1.907908039670379594e+02
2.514958745703755767e+02 5.454528267216034010e+01 1.914758232742556743e+02
2.514145293283365845e+02 5.364436286181622648e+01 1.913801904323160272e+02
2.515079584040747136e+02 5.733169981158640383e+01 1.909651111329661717e+02
2.515125846308335724e+02 5.491235920742060017e+01 1.907874032051016684e+02
2.514568654499151137e+02 5.411882609010724821e+01 1.907475115429210177e+02
2.513835109631868932e+02 5.212550597333223124e+01 1.911719274090024498e+02
2.513410687295540242e+02 5.707385398981324443e+01 1.913157325355087153e+02
2.514171342498654269e+02 5.402875248457493029e+01 1.912017410141206710e+02
2.514818548387096655e+02 5.334000760901072624e+01 1.908723666093834197e+02
2.513971955360470361e+02 5.227195484285063287e+01 1.905889762516046346e+02
2.514256309785084227e+02 5.239426063191022109e+01 1.907802988736593761e+02
2.514814109797507058e+02 5.111339108244647633e+01 1.904277260445567208e+02
2.514872846701726701e+02 5.221007469253385125e+01 1.904723513395999817e+02
2.514052095842477854e+02 5.061242183941364203e+01 1.910651980930887532e+02
2.514883496728643024e+02 5.375314195204770584e+01 1.904688781108948490e+02
2.513941079340759472e+02 4.887190592778168963e+01 1.916836657315002697e+02
2.514771147355998266e+02 5.101249275332311583e+01 1.911999591080376035e+02
2.514666846970889083e+02 5.046199376785788360e+01 1.912290312228249718e+02
2.514212040353637860e+02 5.124603244440763916e+01 1.903876118058718703e+02
2.514876961778955717e+02 5.337182181456788754e+01 1.905028067932419447e+02
2.513994704749678988e+02 5.222688439479895806e+01 1.913853899229781632e+02
2.514026460723011382e+02 5.394456680400844562e+01 1.910870494119839407e+02
2.514463875315747998e+02 5.555523520642676516e+01 1.911836618493519495e+02
2.514364557020994653e+02 5.782944428340717735e+01 1.905280705205184404e+02
