2.529113948689085873e+02 1.657972937479480322e+02 7.545260541250410347e-01
2.532425073870831511e+02 1.865972351203039352e+02 1.630132263965104800e+00
2.530821924393790141e+02 1.873837460719478543e+02 1.470833919609774387e+00
2.530151622813188794e+02 1.883509743914450496e+02 1.181415036818160402e+00
2.529444983818770254e+02 1.889345867923643425e+02 1.206957928802588897e+00
2.527044041086253117e+02 1.877123540171661773e+02 7.579698419398714915e-01
2.524957190094273187e+02 1.888345269921673548e+02 1.126191313728249099e+00
2.523953578631396226e+02 1.894328772102621770e+02 6.628253834247924692e-01
2.521544979128558737e+02 1.894006707002485825e+02 1.377909103700576843e+00
2.520675050419773982e+02 1.900170547816706517e+02 1.085643262511139184e+00
2.520114581867642300e+02 1.902925484264340241e+02 7.903088504291543304e-01
2.520348893110079302e+02 1.899937866422775699e+02 1.115470662726888884e+00
2.520106385722995981e+02 1.906939074152244302e+02 8.131243844097368889e-01
2.520026077576098658e+02 1.910179353688851336e+02 8.068183950096149415e-01
2.519906500633178439e+02 1.909240572674827661e+02 1.124963650860653752e+00
2.520613667276394096e+02 1.905861498053562286e+02 2.078289010834388773e+00
2.519759638384691129e+02 1.911078537592045450e+02 1.552007410534215204e+00
2.519797429764082324e+02 1.913415693447774402e+02 9.847603301908915974e-01
2.520466347732282770e+02 1.899519581633131793e+02 7.802342760658506071e-01
2.520373258758970110e+02 1.895730031424417348e+02 5.473254068758500734e-01
2.520840134140049713e+02 1.888604263402279457e+02 7.549059612588527868e-01
2.520649875709394507e+02 1.890082758782421024e+02 6.970967590638337263e-01
2.520647776839735457e+02 1.891677489329768775e+02 3.957811547300782995e-01
2.520532186576614606e+02 1.891841799165142390e+02 8.522055719712958721e-01
2.520456369307255784e+02 1.888426563012992005e+02 8.618556821912668475e-01
2.520021856385722856e+02 1.898160803902256077e+02 5.074937854697246786e-01
2.520476267529665506e+02 1.895028657192439425e+02 6.651892500351765936e-01
2.519842104028891754e+02 1.892935110923502577e+02 7.252063693072557937e-01
2.520166819098541282e+02 1.889181429107452743e+02 9.968188640307678039e-01
2.519700447915201096e+02 1.896078994887669467e+02 6.765512874630645879e-01
2.520660639744852460e+02 1.896702922001782383e+02 9.416819098541344690e-01
2.520440117724309346e+02 1.897644610946953776e+02 1.598861451151446955e+00
2.519760564701468013e+02 1.902563599268326868e+02 7.706298954082828612e-01
2.520122824914403736e+02 1.904392031330613122e+02 1.187912152338070459e+00
2.520003412128887135e+02 1.906280462923877792e+02 7.190399137001078911e-01
2.519747021715679409e+02 1.905275080906148730e+02 1.027730875662492327e+00
2.520089688569954376e+02 1.909347872989071675e+02 7.812004596407298163e-01
2.519763578162375097e+02 1.911393403217485059e+02 9.022806153557525466e-01
2.519780744336569569e+02 1.911994594531213352e+02 1.166430983537357635e+00
2.519752790675859444e+02 1.910239904319684854e+02 1.366119084470709621e+00
2.519826004877820083e+02 1.911659854134421437e+02 8.312403264387223656e-01
2.518762147647858853e+02 1.917455454716007637e+02 1.046893907415224367e+00
2.519856526429341841e+02 1.921085221143473518e+02 7.131314197270296473e-01
2.520168847615027516e+02 1.916888619201725987e+02 1.616191782749401895e+00
2.519260588152525600e+02 1.921454786360864944e+02 1.315290089583040167e+00
2.520365062614323790e+02 1.920651915951409308e+02 1.027789503306599128e+00
2.519655844003564482e+02 1.920402103559870568e+02 1.508417757140847026e+00
2.519264012006941584e+02 1.917706345856198027e+02 7.183023779372449402e-01
2.519967895502087174e+02 1.901665306505323372e+02 9.701444585150790223e-01
2.520933152760189557e+02 1.879875814924253064e+02 1.560234041555274009e-01
2.521226267529665677e+02 1.878739482200647331e+02 3.947305473476853677e-01
2.521214928943295206e+02 1.878156911026687226e+02 1.231544017635195359e-01
2.521236457014211396e+02 1.878521317011397116e+02 2.932320247643168676e-01
2.521011045448149730e+02 1.880337859387458366e+02 1.746095398902490492e-01
2.521716793302377937e+02 1.879093745602926617e+02 3.382932320247643010e-01
2.520991182402326274e+02 1.884239974672857727e+02 5.811981145349655042e-01
2.520988860747619640e+02 1.884805297593921409e+02 1.776546597251535964e-01
2.520876530181511157e+02 1.884249917921298163e+02 1.551815111861545027e-01
2.521406160592842696e+02 1.880499167487453747e+02 2.911495708456451337e-01
2.521042657473851989e+02 1.878929635101543170e+02 3.792188452699216672e-01
2.520990467145068124e+02 1.885055074808873883e+02 2.754385347779184645e-01
2.520211493363350712e+02 1.891832031799634137e+02 3.155515688757563053e-01
2.520920641620937204e+02 1.892285211763050654e+02 3.939179682003658423e-01
2.520672857745884414e+02 1.890393954317339649e+02 3.871124712724544059e-01
2.520477264199615490e+02 1.897722304300924066e+02 1.989142160311430096e-01
2.519608414239482101e+02 1.899724356268467602e+02 3.082043525162984632e-01
2.519715397964448300e+02 1.897028610290324195e+02 1.567503869424511087e-01
2.520374384409736876e+02 1.898870538436283368e+02 3.457940528117818269e-01
2.519512206275502990e+02 1.897869248628113041e+02 4.624677547957413148e-01
2.519413700107874945e+02 1.907272407485577617e+02 5.542551944092678484e-01
2.520072170629895538e+02 1.904767963510154232e+02 3.100980254209464992e-01
2.520115390929130967e+02 1.898786759532854944e+02 5.679072276159654598e-01
2.519622402795366156e+02 1.904357452746118895e+02 3.571959570376623816e-01
2.519892805215515352e+02 1.907070658036677457e+02 6.326333192626987234e-01
2.520639182027109371e+02 1.907295014305145173e+02 6.028797898785235310e-01
2.519972831949720842e+02 1.905237946156371720e+02 3.344449134655972933e-01
2.519822135453308931e+02 1.909991686600065748e+02 3.899910885980957809e-01
2.519185427512780961e+02 1.911299059612588565e+02 4.448595281647202415e-01
2.520466722949205121e+02 1.896144458515078952e+02 3.743187467754795494e-01
2.520991381736316441e+02 1.889745872613854942e+02 1.235436893203883529e-01
2.520916866000656569e+02 1.882852152807091670e+02 2.621828244453824897e-01
2.520728460203555130e+02 1.885734369870081082e+02 2.724133483420101975e-01
2.520801158482247502e+02 1.887966324281225070e+02 2.424323436987008140e-01
2.520638619201725987e+02 1.890857159607898268e+02 2.440352234885793392e-01
2.521397905820552410e+02 1.887326497350030365e+02 1.367712583837531193e-01
2.520642594155996505e+02 1.894256542845082265e+02 7.008114065944373583e-02
2.520293970733080187e+02 1.894801404718352842e+02 2.113174804183668709e-01
2.519562110126166772e+02 1.892579182496130557e+02 1.871136438253365175e-01
2.520266216406359945e+02 1.890606010506073744e+02 4.420887857042352653e-01
2.520580366774541403e+02 1.889446648843862988e+02 2.576192486281131400e-01
2.521332571173959991e+02 1.893094003564560808e+02 3.272770976971061119e-01
2.520835690164626328e+02 1.898632873692603482e+02 4.831809014586557760e-01
2.520087730406641242e+02 1.898968692838047048e+02 4.621019182965151462e-01
2.520380235448618862e+02 1.899437538107968635e+02 3.000797335959851653e-01
2.520519194690680536e+02 1.899886180291731250e+02 1.980863936963556948e-01
2.520172517705548501e+02 1.904676445757703789e+02 5.359000515923267871e-01
2.519804687866422910e+02 1.904325629660897619e+02 2.788694245110454606e-01
2.519357605177993662e+02 1.900582407016556488e+02 7.241100323624595214e-01
2.519267025467848669e+02 1.909027566718258981e+02 3.950119600393977581e-01
2.519955032596970170e+02 1.911408130481684680e+02 3.256660100370526445e-01
2.519254033581914598e+02 1.912325160639744865e+02 1.205607147882369473e-01
2.519394904085174289e+02 1.914438218188640235e+02 5.650192298672670477e-01
2.519595011960039415e+02 1.911950248581210872e+02 7.631372824914404163e-01
2.519834435533042551e+02 1.908654120350827839e+02 4.823190750902865975e-01
2.520114429435767534e+02 1.912485472069790262e+02 6.349104169598048797e-01
2.519717098166127300e+02 1.918896311148632776e+02 1.934090802495192496e-01
2.520460895361380835e+02 1.914213064584212702e+02 8.145326204211810195e-01
2.519801862013976859e+02 1.919945429388865534e+02 4.694948642183762733e-01
2.519388607476197137e+02 1.917552835232868915e+02 2.698044181792598750e-01
2.520217649265981947e+02 1.912847732282725985e+02 2.385851976924159290e-01
2.521001102199709294e+02 1.899903240936166355e+02 7.137915669996716672e-02
2.519663547676000235e+02 1.893769335397026339e+02 2.112482997983209099e-01
2.520804254021856252e+02 1.893645889029595253e+02 1.984252614792927083e-01
2.520350968528680653e+02 1.897276652127010834e+02 2.564384878758032005e-01
2.520995896064912642e+02 1.898130645842127535e+02 1.468188640307677983e-01
2.520516802682801085e+02 1.893988192392477004e+02 3.822346512827728415e-01
2.520398140331128900e+02 1.896636965902162046e+02 3.043536888513672101e-01
2.521259075559307803e+02 1.898061078279630465e+02 4.386227193846442551e-01
2.519848424088926322e+02 1.901953391022935023e+02 2.273415881056235766e-01
2.520928579803949106e+02 1.900378359364007395e+02 2.731344683645232641e-01
2.519326743586135819e+02 1.900945265231461860e+02 1.365789597110829701e-01
2.519816741710051247e+02 1.905855177993527434e+02 3.263285024154589098e-01
2.520364183199662307e+02 1.903865191595140800e+02 3.521305285868392421e-01
2.520241780404296321e+02 1.907209277238403331e+02 2.549364476337883101e-01
2.519070587683504527e+02 1.915525702359176421e+02 7.729937620186670688e-02
2.519736597720557256e+02 1.913056259087284730e+02 1.219009427325172396e-01
2.519351015430795826e+02 1.912578772102621940e+02 1.823894282632146646e-01
2.519734006378687639e+02 1.913908622953895247e+02 2.255264762440785942e-01
2.519253060363022314e+02 1.913004995075278032e+02 5.853102574926128954e-01
2.520039491581070195e+02 1.914201303878805049e+02 5.983971202101214804e-01
2.520178403921016752e+02 1.914780838140800086e+02 1.450975563997936313e-01
2.519498886074761970e+02 1.917356069133717824e+02 4.451937057361287087e-01
2.519940645373106349e+02 1.912824879227053145e+02 1.017075887622531871e+00
2.519461903756859442e+02 1.921170149148726694e+02 5.932085737066741249e-01
2.519639697950377695e+02 1.921783429482669590e+02 5.149195628722855744e-01
2.519754268092490861e+02 1.927785645607616800e+02 4.646381501805731395e-01
2.519743691665494225e+02 1.918818219126682720e+02 7.897835467379579200e-01
2.519496353360536602e+02 1.923698665634820202e+02 6.408751934712255682e-01
2.519788776323812272e+02 1.927937244969748178e+02 6.642301017775901206e-01
2.519657391773369000e+02 1.925065463627409486e+02 3.977053140096618589e-01
2.520397741663149134e+02 1.919414216031142928e+02 1.803034566858965349e-01
2.519701514938323612e+02 1.904108812907462038e+02 3.916232822100276789e-01
2.520526745931241521e+02 1.895625216922283300e+02 2.874818254303269094e-01
2.521226103372262060e+02 1.877833415412034981e+02 6.432742366680736790e-02
2.521263097415693437e+02 1.880990947891749840e+02 1.717309225646076742e-01
2.521329358379063024e+02 1.877666596313493699e+02 1.889264105811171990e-01
2.521177794193518196e+02 1.884657579381830033e+02 7.741076872566952927e-02
2.521798485061676161e+02 1.885607523099291711e+02 7.282960461516814477e-02
2.520591154261057056e+02 1.883981239153885952e+02 1.077634726326157366e-01
2.520743386801744634e+02 1.884428087331738766e+02 1.112471272454387677e-01
2.520737137094882883e+02 1.888345094038741081e+02 6.982083391960977603e-02
2.520534813095070490e+02 1.891135324328127183e+02 1.510541250410393499e-01
2.520143930866282176e+02 1.887477827024998760e+02 7.944514797617371893e-02
2.521226337882838493e+02 1.885057279208292300e+02 2.098951737723371291e-01
2.520915775526476352e+02 1.894198876694339049e+02 5.878593874583743634e-02
2.520813012991885955e+02 1.891579815674686813e+02 1.242061816987946182e-01
2.519744008254772325e+02 1.893048743023310294e+02 9.777801228835419911e-02
2.520190832981567439e+02 1.897909748604662070e+02 6.825078561043103342e-02
2.520799634163500684e+02 1.894738192392476890e+02 2.280908493973078099e-01
2.520704704282163107e+02 1.899333567843909805e+02 1.028258524459453177e-01
2.521004420524365628e+02 1.899038471460062851e+02 1.107312039772993806e-01
2.519894153651329702e+02 1.901646838797429666e+02 1.388572299610712490e-01
2.520274248393602647e+02 1.900902736738426881e+02 6.660452136391351030e-02
2.520058346231415101e+02 1.897901716617419368e+02 7.019136063036443551e-02
2.519679529571783689e+02 1.900646979503775640e+02 1.515219736410112206e-01
2.520230781858261935e+02 1.903495098728952541e+02 9.997303128371089198e-02
2.520454751184278450e+02 1.902977240748557790e+02 1.381888748182543147e-01
2.519837906289573652e+02 1.903385031189906726e+02 2.754537779653862262e-01
2.519870690868158079e+02 1.907224895642793570e+02 9.008958304019511198e-02
2.519344824351578325e+02 1.907676668542751202e+02 1.442990478870597171e-01
2.519481848881384565e+02 1.897817081750386876e+02 7.356948548379531327e-02
2.520965468317621117e+02 1.886935896533933601e+02 1.362611978800243873e-01
2.521181522911683430e+02 1.884211962384503636e+02 9.703226865531636158e-02
2.521638243984803580e+02 1.884824515735659816e+02 3.642066507199474557e-01
2.520746376811594303e+02 1.883698841517752385e+02 4.885324328127198246e-02
2.520371804793396109e+02 1.892045600581586200e+02 1.005780685708925482e-01
2.521138982693119601e+02 1.885682695464565484e+02 1.699873364288729538e-01
2.520862940293607153e+02 1.890876119788002541e+02 4.961188499601332236e-02
2.520697915200975672e+02 1.891182390600816063e+02 6.513179494395197888e-02
2.521018608414239566e+02 1.890926211247127355e+02 1.456287228554007662e-01
2.519603196379156600e+02 1.888538635617466355e+02 2.953062708128136316e-01
2.520179951690821269e+02 1.887232036489845655e+02 6.759181089067116399e-02
2.519571514000281525e+02 1.891709546925566201e+02 1.555321044979128542e-01
2.520565874020918216e+02 1.898299939027250218e+02 4.794216969185310234e-02
2.521032573519065636e+02 1.894427547957412798e+02 1.413618029173115687e-01
2.519878218657661364e+02 1.898668214436470976e+02 1.944538248675015124e-01
2.519502239576004854e+02 1.896138314337976567e+02 2.867384269030533450e-01
2.520023146193893240e+02 1.904005604802776475e+02 3.634562168753811134e-02
2.519884480090051966e+02 1.904034121288870267e+02 1.487852352141081635e-01
2.519620984006378706e+02 1.906309530509826118e+02 1.315874020918343379e-01
2.519960625674218022e+02 1.905253189343839324e+02 1.677864546691055780e-01
2.519702664040148079e+02 1.907956850053937501e+02 1.321795412973125194e-01
2.519982024764316861e+02 1.903794814971155063e+02 1.379379485014774198e-01
2.519522583368510027e+02 1.909185099197973727e+02 2.463721213826743639e-01
2.520158200834857780e+02 1.909904882510201105e+02 1.542516767506214581e-01
2.519189144505417062e+02 1.909336065381548622e+02 3.313997936306927183e-01
2.519383776558322836e+02 1.906086147460250402e+02 3.065862295389522041e-01
2.518877491674874420e+02 1.914452253646639406e+02 1.563188874818254304e-01
2.519050138361239988e+02 1.911805450025796063e+02 1.576321467098166229e-01
2.520153510623329112e+02 1.905727193846442447e+02 1.618181604990384936e-01
2.520900919281459664e+02 1.890274095961727880e+02 1.283523286900239146e-01
2.521308733173866017e+02 1.889828807279208434e+02 1.062168753810796840e-01
2.521196754373622184e+02 1.890290300642558918e+02 1.922869471413160905e-02
2.520380059565686395e+02 1.889156946203273719e+02 1.119072745180807599e-01
2.520601742413582826e+02 1.890819579288025807e+02 3.013988555883870268e-01
2.520533581914544357e+02 1.894136508606538030e+02 1.366246892734862273e-01
2.519894212278973669e+02 1.900124220252333487e+02 1.403487172271469519e-01
2.520046843487641297e+02 1.898219841939871628e+02 8.487172271469443918e-02
2.520461622344167836e+02 1.897578772102621940e+02 1.526828009943248521e-01
2.520083216078045041e+02 1.898043935556493693e+02 2.754326720135077955e-02
2.520740385066366400e+02 1.894545964072979700e+02 1.237183996998264673e-01
2.520881056235636208e+02 1.897241651423479141e+02 9.897401622813188637e-02
2.519656524084236082e+02 1.904933363819708347e+02 9.451010740584400716e-02
2.519904202429529505e+02 1.898082723605834587e+02 2.465573847380516936e-01
2.519809858824633011e+02 1.905839618216781446e+02 2.142981098447540034e-01
2.520077529196566672e+02 1.903702288823225786e+02 3.229550677735565922e-01
2.519287076122133158e+02 1.905074586088832689e+02 8.332160780451197679e-02
2.520400227475259101e+02 1.906089712021012019e+02 1.356057408189109414e-01
2.519428814314525482e+02 1.907943142910745280e+02 2.130165095445804568e-01
2.520332078701749481e+02 1.904212689367290352e+02 1.355588387036255338e-01
2.519790066131982655e+02 1.906549997654894355e+02 1.629015993621312219e-01
2.520758934852961772e+02 1.908791402842268212e+02 3.926879602270062081e-02
2.519929154354861396e+02 1.907257234651282829e+02 1.283159795506777223e-01
2.519425226302706164e+02 1.910484698184888259e+02 1.192204868439566690e-01
2.519743292997514175e+02 1.906699885089817599e+02 1.500211059518784251e-01
2.520562332911214298e+02 1.906466089770648580e+02 7.013625064490408567e-02
2.521110513109141209e+02 1.890976654472116820e+02 1.856045682660288076e-01
2.520923455747854121e+02 1.892156758594812516e+02 4.688804465081375383e-02
2.521211106420899455e+02 1.892275409220955851e+02 3.897800290793114464e-02
2.519805285868392559e+02 1.891321256038647221e+02 8.193916795647483708e-02
2.520397577505745517e+02 1.893489693260166007e+02 6.110993855822897947e-02
2.520257879555367992e+02 1.892124302331035040e+02 3.570951174897987745e-01
2.519672681862952004e+02 1.903243339899629518e+02 6.526077576098682220e-02
2.519659971389709767e+02 1.899934278410956381e+02 1.319180620045964092e-01
2.519650485436893064e+02 1.897400813751700070e+02 1.087484170536091171e-01
2.520235448618732619e+02 1.896435087472445105e+02 1.035317292809905670e-01
2.520741182402326217e+02 1.900956744524177964e+02 1.552131701139721487e-01
2.520136180291731023e+02 1.898606280193236842e+02 1.738051686131044382e-01
2.520208433000328228e+02 1.903437655363256908e+02 5.839782374185075592e-02
2.520165775526476182e+02 1.900796468270719117e+02 1.573788752872754548e-01
2.520003423854415701e+02 1.907636367900192340e+02 9.490525772712349317e-02
2.519729761737254421e+02 1.906981696449509798e+02 1.678392195488016547e-01
2.519795588856057407e+02 1.908377550302518557e+02 1.202710942263496147e-01
2.520188194737582705e+02 1.906898081703484706e+02 1.221260728858871575e-01
2.519756882885418179e+02 1.911059917452276977e+02 5.091670184325313153e-01
2.520187889873833171e+02 1.908368017447587022e+02 5.616645560714788460e-02
2.519381150039866668e+02 1.909213123211856953e+02 7.643051451620468117e-02
2.520468739740162221e+02 1.912301580601285025e+02 8.044064537310632867e-02
2.519652982974532165e+02 1.904304031236808896e+02 1.843663524224942452e-01
2.519023978706439664e+02 1.901785035880118073e+02 8.095774119412785241e-02
2.520465644200553470e+02 1.891254725388114935e+02 9.094320153838937604e-02
2.521217555461751374e+02 1.889806388068101910e+02 7.336311617653956674e-02
2.520929482669668289e+02 1.891376483279395870e+02 5.241545893719806726e-02
2.520351554805121737e+02 1.892478401575910993e+02 6.253810796866939026e-02
2.520096290042681062e+02 1.895279583509216366e+02 9.547629098072323017e-02
2.520743715116551869e+02 1.897922224567327874e+02 5.887036255335115903e-02
2.520116833169175834e+02 1.897926973406500508e+02 1.160440410862529914e-01
2.519712490033300583e+02 1.900291707706017519e+02 6.234463674311711140e-02
2.520296902115285320e+02 1.892212056188733982e+02 1.604626893672904675e-01
2.520926234698184771e+02 1.894477686318653014e+02 1.318758501008395478e-01
2.520176738895924302e+02 1.898380458233666275e+02 1.787228554007785630e-01
2.519811758360302179e+02 1.898582653252661601e+02 5.222433281741006850e-02
2.519771586698560100e+02 1.902988004784015743e+02 1.132463299094789155e-01
2.520011537920360070e+02 1.905911355002110668e+02 1.155105295248815694e-01
2.520558041367665680e+02 1.906819813798602183e+02 4.200436189672154125e-02
2.519984147085033612e+02 1.905322592748933062e+02 1.321431921579663271e-01
2.519621839969982773e+02 1.904797300783265257e+02 2.990596125885277429e-02
2.520113397589231283e+02 1.908094097368791324e+02 1.274541531823085161e-01
2.520088469114957093e+02 1.911710731203977218e+02 1.771070775291965771e-01
2.519470299235495645e+02 1.910382908869189862e+02 1.317515594953332370e-01
2.519830906148867200e+02 1.909562414989916022e+02 6.604286853337085206e-02
2.520733853946813099e+02 1.895907813892406466e+02 5.295483326298015825e-02
2.520510588152525600e+02 1.886257152572580935e+02 4.875240373340837541e-02
2.520876565358097707e+02 1.891694561699732731e+02 9.834787298907181341e-02
2.520347017025467835e+02 1.892361275268514476e+02 1.106186389006144216e-01
2.520915494113784519e+02 1.894364839829276264e+02 2.401153792036020765e-02
2.520555930772477780e+02 1.891262862905117004e+02 8.970615824773697788e-02
2.520157016556446763e+02 1.889397237465409773e+02 1.658658130481684700e-01
2.520324961305754812e+02 1.893621816518925129e+02 2.516767506214530326e-02
2.519432249894470317e+02 1.899233924299985858e+02 1.449720932414051977e-01
2.521212255522724206e+02 1.897100862998921116e+02 7.164298109844753626e-02
2.519554734768537969e+02 1.896609235026499789e+02 1.403991370010787554e-01
2.520557349561465230e+02 1.899056775010552940e+02 3.912105435955161303e-02
2.521200670700248452e+02 1.898050454950518144e+02 1.214940668824164016e-01
2.519929998592936613e+02 1.898631466629144882e+02 1.007598142676234682e-01
2.520442474555602530e+02 1.901442474555602473e+02 1.186295201913606240e-01
2.519915669996716758e+02 1.900435392336194411e+02 2.686858027297031049e-01
2.520401915951409535e+02 1.903579909478917500e+02 1.666314900802026155e-01
2.520013120866751137e+02 1.902316976220627680e+02 1.162832418742085205e-01
2.520200494817316326e+02 1.903593464190234954e+02 9.535317292809905587e-02
2.520366669011772558e+02 1.906596114159748652e+02 8.045471600769195375e-02
2.519694221659396760e+02 1.902103606772665501e+02 3.537791379391210800e-01
2.520049786595375565e+02 1.905123340837671719e+02 6.339289901974579089e-02
2.519587073777027229e+02 1.904566694807935789e+02 1.660745274611885036e-01
2.520015301815111854e+02 1.906694514797617330e+02 1.080624736175601480e-01
2.520396897425073917e+02 1.897140366305520445e+02 5.589090567984616315e-02
2.520630704469771501e+02 1.888512300079733564e+02 9.373974016228131534e-02
2.520868439566624488e+02 1.880888208808217144e+02 6.574269499554430407e-02
2.521217250598001840e+02 1.876198231790253601e+02 9.986632897143661591e-02
2.521129930584869498e+02 1.881155820552506839e+02 2.340532808029642184e-02
2.521425449087753918e+02 1.879369213451526548e+02 2.152080108812907400e-01
2.521153088504291588e+02 1.885746587871113036e+02 9.699826462173444241e-02
2.521096665259603071e+02 1.880027977111767825e+02 9.561230711505089297e-02
2.520820927723840441e+02 1.889807842033675627e+02 5.097204633928990175e-02
2.520588891233994673e+02 1.885403205759579635e+02 8.890882228788518638e-02
2.520772841330143876e+02 1.892045436424182867e+02 1.172060409924487595e-01
2.520938476150274425e+02 1.886882498475681302e+02 8.065874020918344101e-02
2.520654999765489492e+02 1.892088504291543529e+02 1.350405703297218596e-01
2.520086182636837009e+02 1.889178063880681009e+02 9.121640635992683821e-02
2.521223992777074159e+02 1.894406395103419243e+02 1.096078983162140641e-01
2.519504784015759071e+02 1.896176164345012012e+02 5.912715163453871603e-02
2.520879942310398292e+02 1.892468493504057108e+02 1.704927067210731118e-01
2.519955208479902353e+02 1.896935275080906251e+02 6.342573050044557348e-02
2.519887599080718417e+02 1.900738004784015800e+02 7.363983865672342477e-02
2.520441513062239096e+02 1.902563364757750435e+02 1.001442240045025966e-01
2.521280685708925375e+02 1.902956838328408651e+02 1.438358894986163927e-01
2.520319755170958160e+02 1.902360677266544826e+02 7.766755780685709321e-02
2.520363163078654907e+02 1.904032808029642183e+02 1.317081750386942529e-01
2.519924393790159911e+02 1.901724121757891339e+02 2.694479621030908545e-01
2.520823050044556908e+02 1.905328256179353730e+02 1.781565123587073862e-01
2.519670536091177837e+02 1.905892336194362429e+02 7.092772384034519428e-02
2.520143403217485059e+02 1.907525069180620108e+02 7.023122742835702370e-02
2.519649160452136414e+02 1.909903346465925722e+02 1.062497068617794665e-01
2.520527367384269155e+02 1.906370620514985319e+02 1.035997373481544054e-01
2.519802518643590759e+02 1.898946742648093391e+02 2.621722714694432743e-01
2.520197586886168608e+02 1.886033452933727403e+02 3.806927442427653768e-02
2.520785434548098181e+02 1.887772137798414747e+02 2.433633506871159952e-02
2.521252450635523701e+02 1.886483103512968569e+02 5.736011444116129870e-02
2.521291367665681662e+02 1.883079768772571754e+02 1.206510013601613390e-01
2.521183645232399897e+02 1.886895197223394689e+02 1.542598846207964003e-01
2.520595926551287391e+02 1.888046890389756527e+02 3.668097181182871508e-02
2.521255346841142568e+02 1.887619061019651951e+02 4.857652080108813136e-02
2.520957729468599098e+02 1.882996798930631712e+02 7.889639322733454918e-02
2.520424980066601108e+02 1.891000046902115344e+02 1.333122273814549008e-01
2.520658189109328760e+02 1.891829405281178254e+02 5.100487781998968434e-02
2.520316448571830676e+02 1.894285141409877724e+02 1.423221237277801365e-01
2.520809905726748354e+02 1.895073472163594488e+02 5.657215890436658595e-02
2.520191466160123923e+02 1.893573671497584598e+02 1.921579663242812402e-02
2.520645044791520206e+02 1.895390295952347515e+02 5.781858261807607674e-02
2.519413254537779778e+02 1.899110360677266556e+02 4.818840579710145094e-02
2.520832688429248094e+02 1.894713463252192582e+02 7.453215140002814043e-02
2.519960039397776939e+02 1.899319520660381784e+02 7.902302893860513322e-02
2.520093241405187428e+02 1.895137681159420424e+02 1.429564748370151517e-01
2.521142863843159319e+02 1.901924909713428065e+02 1.277801228835420411e-01
2.520082594625017691e+02 1.900995462220346042e+02 5.356690586745462002e-02
2.520903838938136232e+02 1.901974262464237029e+02 1.983689789409502358e-01
2.519477088316683080e+02 1.903345199568500448e+02 2.102657004830917886e-01
2.520176797523568268e+02 1.907313716523615312e+02 9.018690492941232317e-02
2.520393942591810799e+02 1.911342279911823994e+02 6.774541531823084772e-02
2.520188077482294489e+02 1.903107804511983545e+02 1.442462830073636404e-01
2.520261854509638511e+02 1.911161495708456357e+02 9.752239576004877175e-02
2.519683692134515240e+02 1.906482528962056051e+02 6.749448900145396668e-02
2.519914837484170675e+02 1.909496869283804585e+02 1.575664837484170577e-01
2.520431816049903944e+02 1.903971706298954132e+02 2.916713568781952315e-01
2.520297453215140138e+02 1.903911472257398714e+02 5.597650204024201548e-02
2.521012499413723447e+02 1.893311394868908621e+02 8.692720791707705952e-02
2.520939496271281826e+02 1.884249683410721730e+02 7.281905163922892943e-02
2.521124407860794463e+02 1.885684254959898567e+02 8.111955349186247832e-02
2.521579698419398596e+02 1.882676891327798785e+02 8.454809811922517349e-02
2.520649523943529857e+02 1.884365203320669764e+02 5.318934383940715493e-02
2.520708796491721841e+02 1.883961411284649046e+02 7.781764457577036720e-02
2.521566014727264076e+02 1.876035575254443870e+02 1.250691806200459610e-01
2.520997561090005092e+02 1.886641972702968815e+02 4.436236574269499661e-02
2.521388372965620874e+02 1.889247174147554063e+02 1.950916936353829512e-01
2.521290324093616562e+02 1.884032550068008049e+02 9.537427887997748654e-02
2.521018420805778248e+02 1.884198407673186182e+02 7.788917030158060140e-02
2.520535868392664440e+02 1.890808311054828437e+02 5.395736597720557359e-02
2.520361615308850389e+02 1.892584494160686575e+02 8.859457811547301331e-02
2.521023087566249217e+02 1.894187409127151511e+02 5.518033863327236055e-02
2.520351085783968870e+02 1.898304066413395219e+02 2.370901927676938303e-02
2.520285586979972834e+02 1.897014797617372608e+02 6.017306880540312236e-02
2.519989775338867730e+02 1.896983021434266732e+02 1.942439379015993561e-01
2.520241968012757354e+02 1.901774576708409654e+02 7.827494019980300866e-02
2.520138032925284790e+02 1.902137845316823928e+02 1.447258571361568491e-01
2.519709969044603781e+02 1.905226760001876016e+02 5.468786642277567028e-02
2.520540453074433742e+02 1.899074175695323845e+02 2.326825664837484098e-01
2.520158927817644496e+02 1.904033019089160916e+02 9.274893297687725191e-02
2.520006413864265369e+02 1.901724063130247089e+02 1.195441114394259208e-01
2.520648480371464757e+02 1.907081105482857311e+02 5.972867126307396246e-02
2.520206005815862227e+02 1.903881677688663672e+02 4.548801650954457931e-02
2.519481579194221581e+02 1.903649699826462154e+02 2.662750340040335728e-01
2.519501794005909687e+02 1.908361345621687519e+02 1.749448900145396391e-02
2.520081187561559091e+02 1.907365531635476827e+02 5.658505698607007445e-02
2.519413958069508794e+02 1.911213756390413323e+02 1.170676797523568374e-01
2.519581891093288277e+02 1.907963416350077352e+02 1.830190891609211612e-01
2.519989704985694914e+02 1.893939472820224239e+02 1.175601519628535208e-01
2.520236668073730186e+02 1.883950635523662243e+02 7.256929787533417109e-02
2.520911929553022901e+02 1.882658939543173346e+02 8.245978143614277056e-02
2.521201573565967919e+02 1.885652091834341775e+02 9.696074292950612739e-02
2.521087730406641469e+02 1.885390225599174414e+02 7.765231461938933155e-02
2.520969103231555835e+02 1.886879871957225134e+02 1.002192673889592406e-01
2.520815674686928389e+02 1.883258547910510856e+02 6.507785751137376562e-02
2.520364218376248857e+02 1.889486023169644966e+02 2.025104357206509997e-01
2.520808592467520270e+02 1.886869588668448898e+02 7.956709347591577053e-02
2.520901306223910581e+02 1.887804570611134523e+02 2.251571220862060851e-01
2.520740361615308984e+02 1.889693013929928327e+02 5.944725857136156505e-02
2.520533347403967923e+02 1.889563106796116472e+02 7.006707002485812463e-02
2.520798836827540867e+02 1.891216242202523290e+02 5.567632850241546055e-02
2.520887528727545543e+02 1.887588457389428243e+02 3.377702734393321360e-01
2.520432578209277210e+02 1.895249085408752023e+02 1.230582524271844613e-01
2.520634022794428120e+02 1.902453965573847370e+02 8.393016275034004270e-02
2.520193353970263956e+02 1.897653698231790145e+02 7.619483138689554791e-02
2.520264152713287444e+02 1.904663477322827134e+02 1.608941888279161458e-01
2.519902666385253838e+02 1.900655527414286325e+02 4.303738098588246602e-02
2.519916889451714326e+02 1.902311770085830744e+02 1.411237746822381622e-01
2.520505522724074865e+02 1.903216570517330410e+02 1.024975376389475196e-01
2.519593112424370247e+02 1.902659009896346447e+02 1.702898550724637750e-01
2.519107136156840738e+02 1.904504701937057405e+02 2.005980019698888339e-01
2.520157802166877730e+02 1.909444444444444571e+02 8.651329674968341599e-02
2.520415787252005089e+02 1.908849162797242229e+02 5.349772524740865898e-02
2.519802506918061908e+02 1.910442439379015980e+02 1.356022231602645178e-01
2.519535117958820081e+02 1.915780040804840212e+02 2.033300501852633446e-01
2.519930115848224830e+02 1.914052929037099489e+02 7.014094085643263199e-02
2.519335830870972188e+02 1.913974262464237199e+02 1.918097181182871480e-01
2.520250281412691606e+02 1.900504655034941948e+02 6.955231930960086018e-02
2.520372344167722076e+02 1.892744958022606738e+02 1.055614183199662243e-01
2.521092737207447954e+02 1.887337120679142686e+02 1.215327611275268532e-01
2.520637106608508020e+02 1.891142336194362485e+02 1.227111767740725057e-01
2.520615543361005564e+02 1.889760435720650946e+02 9.609422634960836096e-02
2.521026745931241635e+02 1.892691559964354440e+02 4.414309835373575464e-02
2.519946613667276267e+02 1.894223289245344972e+02 9.064771821209136049e-02
2.520551041226959228e+02 1.895000726982787000e+02 7.866071009802541592e-02
2.520722175320106828e+02 1.895976502040242053e+02 2.808756624923783862e-01
2.520831234463674377e+02 1.892742823976361422e+02 4.373270484498850696e-02
2.520707764645185591e+02 1.895079463908822390e+02 2.815100136016134291e-01
2.520438018854650295e+02 1.894880727920829315e+02 1.051310914122226964e-01
2.520067984616106287e+02 1.900766521270109308e+02 2.726771727404905810e-02
2.520418273064115056e+02 1.902653768584963245e+02 1.023697293747947989e-01
2.519837531072651302e+02 1.901596125885277502e+02 1.506003470756531182e-01
2.519686084142394691e+02 1.906762253177618334e+02 5.459288963932273225e-02
2.519446015665306504e+02 1.905964835139064633e+02 1.053245626377749683e-01
2.519749015055579093e+02 1.908176387130059481e+02 1.368896862248487334e-01
2.519748205994090426e+02 1.906766286759532818e+02 3.706556915716898576e-02
2.520778223347872995e+02 1.906431757422259636e+02 9.961774776042399415e-02
2.519550267342057168e+02 1.911740689930115877e+02 2.334552788330753609e-02
2.519613174804183586e+02 1.907800314244172455e+02 1.568230852211434656e-01
2.519798766474368108e+02 1.906765841189437651e+02 2.211106420899582592e-01
2.519836428872942236e+02 1.915610618638900746e+02 8.894048121570283238e-02
2.519469525350593244e+02 1.913170653346465997e+02 1.433363819708268760e-01
2.519391843722151805e+02 1.912740396791895421e+02 2.125017588293232063e-01
2.519856432625111324e+02 1.910611204915341546e+02 1.716711223676187781e-01
2.520163242812250814e+02 1.917935040570329761e+02 4.545870268749120646e-02
2.519571091881243774e+02 1.904988567609399297e+02 9.742859152947798418e-02
2.520130352703907022e+02 1.896315111861544835e+02 8.430068946109470218e-02
2.520377972421556194e+02 1.896030533277050836e+02 8.344472585713615109e-02
2.521437514656911105e+02 1.894615883401341421e+02 1.666432156090239675e-02
2.520742941231649468e+02 1.897903252661695035e+02 3.789339149195628670e-02
2.520506214530275315e+02 1.900007480887387885e+02 6.270930068946109492e-02
2.519958163313165471e+02 1.901407696637118363e+02 2.877116457952253459e-01
2.520421227897378174e+02 1.895416162468927439e+02 2.095410628019323540e-01
2.520671192720791680e+02 1.903557642699685744e+02 5.453777965386238935e-02
2.519859668871065992e+02 1.900306810187139490e+02 6.867407720088175571e-02
2.519985483795319112e+02 1.896861732564138663e+02 1.046444819661366682e-01
2.520132404671450672e+02 1.896949873364288806e+02 1.147331269640260720e-01
2.520780451198349112e+02 1.901267588293231938e+02 1.010799212044463241e-01
2.520617876741241048e+02 1.905593769053984374e+02 1.107628629051170266e-01
2.519963897096758956e+02 1.901526863186529681e+02 2.046608977064865720e-01
2.520495813986210862e+02 1.902345797570470438e+02 1.265278364054218951e-01
2.519885887153510566e+02 1.905745849162797185e+02 1.025444397542329134e-01
2.520063892406547552e+02 1.904667311570751735e+02 1.140166971530416073e-01
2.519354415834154111e+02 1.907385594015290167e+02 1.701163172459077833e-01
2.520822452042587258e+02 1.909007340181042025e+02 2.034215093100698868e-01
2.519720744805590869e+02 1.907084376905398528e+02 1.040699310538905353e-01
2.520284707565311066e+02 1.914211047793255602e+02 1.584142394822006528e-01
2.520025737535762858e+02 1.917187784344073975e+02 5.003283148069977843e-02
2.519301322639651062e+02 1.913823530791238738e+02 9.003564560761689872e-02
2.519802635898878975e+02 1.904632920594718826e+02 1.145513812672951520e-01
2.520436963557056345e+02 1.897003986679799254e+02 4.112142957647389740e-02
2.520768010412269575e+02 1.888407356596782449e+02 6.693400872379344502e-02
2.521194045776464634e+02 1.895385124994137129e+02 2.683621781342338669e-02
2.520429224708034326e+02 1.892894564044838432e+02 1.543642418273064032e-01
2.519752907931147661e+02 1.898730934290136361e+02 5.183035504901271212e-02
2.520279079311476949e+02 1.895955044322498964e+02 6.895900755124055592e-02
2.520468833544392737e+02 1.898394071572627979e+02 8.516837859387457743e-02
2.520361369072745106e+02 1.895474379719525473e+02 7.866657286243609881e-02
2.520214424745556130e+02 1.898331996623047644e+02 3.677243093663524337e-02
2.520522196426058770e+02 1.895199861638759842e+02 1.185005393743257807e-01
2.520227897378171633e+02 1.897744430373809905e+02 4.715186904929412337e-02
2.519496423713709419e+02 1.900344085643262417e+02 7.300548754748839575e-02
2.520811078279630522e+02 1.898249894470240520e+02 1.480277660522489602e-01
2.520062321185685335e+02 1.902476466863655560e+02 5.166502509263167647e-02
2.520055215515219800e+02 1.907031928614980529e+02 6.753318324656441829e-02
2.520139850382252291e+02 1.900486855682191276e+02 1.051006050372871869e-01
2.520087202757844409e+02 1.905738016509544650e+02 2.135816800337695109e-01
2.520288436283476301e+02 1.906073741850757415e+02 5.176117442896674414e-02
2.519137821865766114e+02 1.907308381408001594e+02 6.539679189531448500e-02
2.519752063693072444e+02 1.911427735565874002e+02 1.191337179306786731e-01
2.519669820833919687e+02 1.904004795741287808e+02 3.097591576380094858e-01
2.520202101214764809e+02 1.903013625064490384e+02 1.353137751512593356e-01
2.520033218423150743e+02 1.902003857698982188e+02 7.877444772759251146e-02
2.520541953942122859e+02 1.891998288072792036e+02 5.183739036630551772e-02
2.521413934618451265e+02 1.888802553820177366e+02 7.965151728342947934e-02
2.520881888748182575e+02 1.890966336006754034e+02 5.173303315979550787e-02
2.520346360395853935e+02 1.894903838938136005e+02 5.441348904835607847e-02
2.520862189859762736e+02 1.889728354673795820e+02 9.679541297312509174e-02
2.520268772571643012e+02 1.895852516298485000e+02 2.725716429810984623e-02
2.520153029876647395e+02 1.897612764410674799e+02 3.783241874208526784e-02
2.520347591576380069e+02 1.896272219877116356e+02 1.280521551521973667e-01
2.520849549739693316e+02 1.891581762112471381e+02 1.045706111345621747e-01
2.520866223441677221e+02 1.893690598470990949e+02 7.525678908118756116e-02
2.520186177946625321e+02 1.896683598330284610e+02 1.176668542751278107e-01
2.520211786501571112e+02 1.896113620374278810e+02 6.502626518455982552e-02
2.521248135640917383e+02 1.899039409502368585e+02 1.353536419492519238e-01
2.519888267435861451e+02 1.904444151306223887e+02 1.042411237746822400e-01
2.519296796585526010e+02 1.901464424745556130e+02 9.949814736644622959e-02
2.520031741006519326e+02 1.904448137986023255e+02 4.688921720369588347e-02
2.520148562450166594e+02 1.900972972656066702e+02 1.120960555321044994e-01
2.520158212560386346e+02 1.903674440692275311e+02 1.125990807185404119e-01
2.519907380047840206e+02 1.907300161812297858e+02 1.303315979550677683e-01
2.520743281271985268e+02 1.906573308006191212e+02 1.489142160311429930e-01
2.519696824726795228e+02 1.908167405374982479e+02 8.329932929975142342e-02
2.520107054078139015e+02 1.909509966699498023e+02 1.211317480418366843e-01
2.520531541672529556e+02 1.900509122461423033e+02 1.595023685568218996e-01
2.520721483513906378e+02 1.899246294732892579e+02 8.713123211856854677e-02
2.520890905679846128e+02 1.889075582758782446e+02 5.281060925847756021e-02
2.521374865156418537e+02 1.883378804934102391e+02 1.047253881150039811e-01
2.521047922236292891e+02 1.888136145115144586e+02 3.464893766708878470e-02
2.520509966699498250e+02 1.890680573143848733e+02 4.378077951315604427e-02
2.521143133530322302e+02 1.884547312508794050e+02 7.817879086346794792e-02
2.520741756953238450e+02 1.890058346231415101e+02 2.193213263918202816e-01
2.521267963510154289e+02 1.886659443740912820e+02 1.622637305942498109e-01
2.520255710332536125e+02 1.889705442990478730e+02 1.288131419727029658e-01
2.520735835561183933e+02 1.885406934477744869e+02 1.896616012382158489e-01
2.520851050607382433e+02 1.892188968622484992e+02 4.683527977111767715e-02
2.520473781717555539e+02 1.892644716476713143e+02 5.030603630223723366e-02
2.521462196895080012e+02 1.893321865766146175e+02 7.680455888560573652e-02
2.520183176211247087e+02 1.892462572112002306e+02 1.511256507668495841e-01
2.520548367806387944e+02 1.900252743773744157e+02 3.595985178931569715e-02
2.520487559213920576e+02 1.903457799821771914e+02 2.475575723465128219e-01
2.519918190985413560e+02 1.898928298391257385e+02 2.189859762675296639e-01
2.519354990385066344e+02 1.902602785985647813e+02 1.115449556775010564e-01
2.520087472445007393e+02 1.901212396229069839e+02 4.449720932414051588e-02
2.520210285633881995e+02 1.901982036489845598e+02 1.258043712771446110e-01
2.520060609258477484e+02 1.902541942216593895e+02 9.102176258149242971e-02
2.520052389662773749e+02 1.903912551006050364e+02 1.769182965151728237e-01
2.520208163313165528e+02 1.906264821068430138e+02 9.026663852539749955e-02
2.520465421415505887e+02 1.912345727217297622e+02 1.141949251911261176e-01
2.520193131185216373e+02 1.904992741897659698e+02 2.523474508700342400e-01
2.519443025655457120e+02 1.908722515360442742e+02 1.661120491534168186e-01
2.520137681159420424e+02 1.916918108906711780e+02 1.255112330566108547e-01
2.519834306552225485e+02 1.906882416396979636e+02 1.233560808592467500e-01
2.521429728905773686e+02 1.872116551756484171e+02 3.274822944514797773e-02
2.521791004174288275e+02 1.865995075277895126e+02 4.187889873833310073e-02
2.521635910604568380e+02 1.864843511092350354e+02 3.412128887012804562e-02
2.520868533370855005e+02 1.869092561324515600e+02 4.748018385629192151e-02
2.521431112518174587e+02 1.863868216781576734e+02 7.699333989962947600e-02
2.522337296562074869e+02 1.866371359223300885e+02 4.147436799399652901e-02
2.521671954880165174e+02 1.863678333567843879e+02 3.338844331879367577e-02
2.521541871863421136e+02 1.866523017213076230e+02 4.709441395806950731e-02
2.521695851507903114e+02 1.866888759908071904e+02 2.654425214577177394e-02
2.522016837859387408e+02 1.866564842174382193e+02 8.734346419023497621e-02
2.521626436377280527e+02 1.870684536372590401e+02 1.159912762065569147e-01
2.521160393508747291e+02 1.872076028328877726e+02 5.632709535200037393e-02
2.521060269218141627e+02 1.871639780029079247e+02 4.778973781717555519e-02
2.521557290933821207e+02 1.877905703297218736e+02 5.107757609868204818e-02
2.521071127057830381e+02 1.876023028938605250e+02 4.692439379015993922e-02
2.521989235964541933e+02 1.881304816847239749e+02 5.024506355236621480e-02
2.521596196238450318e+02 1.877411237746822508e+02 1.823354908306364652e-01
2.522007093944936855e+02 1.879863456216875477e+02 3.168003376952300415e-02
2.521264387223863821e+02 1.882163500773884834e+02 3.209863514844519400e-02
2.520756812532245306e+02 1.886565053233900926e+02 1.717789972327752115e-02
2.521713838469114819e+02 1.879747631443178193e+02 1.591365320575957865e-01
2.520551041226959228e+02 1.883641726466863702e+02 4.672975001172553072e-02
2.520692826321467237e+02 1.886945417663336571e+02 1.049587261385488551e-01
2.521518092490971412e+02 1.887146346325219213e+02 7.887528727545611851e-02
2.520455853383987517e+02 1.889372039303972599e+02 3.989962947328924703e-02
2.520557302659349830e+02 1.891503799071338108e+02 6.207612213310820248e-02
2.520426105717367875e+02 1.888182519581633017e+02 4.135476760001875751e-02
2.519547804981004617e+02 1.893210942263496008e+02 9.543056141831997297e-02
2.521142441724121852e+02 1.889970955865109374e+02 5.299587261385488302e-02
2.520048367806388114e+02 1.891795588856057293e+02 4.177454153182308394e-02
2.520936975282585308e+02 1.890150614417710244e+02 9.089981708175039199e-02
2.521195722527085934e+02 1.876909783781248393e+02 4.536255335115613879e-02
2.520980488720041137e+02 1.873428614980535656e+02 2.932437502931382195e-02
2.522014598283382441e+02 1.868774295295717707e+02 3.582266310210590471e-02
2.521595422353548201e+02 1.868703437925050537e+02 1.581187561559026233e-02
2.521621687538107892e+02 1.861833075371699238e+02 5.094976783452933450e-02
2.521576239388396345e+02 1.863773884902209090e+02 3.277519816143707743e-02
2.522272829604615083e+02 1.866228225692978810e+02 4.322850710567046478e-02
2.522279806294263835e+02 1.871766005346841268e+02 3.759790816565827115e-02
2.522058885605740954e+02 1.871394517142723259e+02 3.481192251770554719e-02
2.520516790957272235e+02 1.872948290417897965e+02 2.502110595187842859e-02
2.521016169504244715e+02 1.874019898222409779e+02 5.648069977956005766e-02
2.521720826884292421e+02 1.866800279067585961e+02 4.220369588668448912e-02
2.520895748323249279e+02 1.870775350593311828e+02 4.878758031987242422e-02
2.521530158060128599e+02 1.875573495614652302e+02 2.586182636836921456e-02
2.521255299939027168e+02 1.880317914262933243e+02 4.455818207401153475e-02
2.521377526851460971e+02 1.883633401341400599e+02 3.652384972562262855e-02
2.520631208667510919e+02 1.882161226021293601e+02 6.912785516626800131e-02
2.520633342713756520e+02 1.879800877069555725e+02 8.692838046995919610e-02
2.521447317199005624e+02 1.880830319872426344e+02 6.932249894470240981e-02
2.521238696590216080e+02 1.882635934055626024e+02 5.000234510576426900e-02
2.520505804136766699e+02 1.891832711880305737e+02 2.026054125041039378e-02
2.521591072182355333e+02 1.882002990009849555e+02 7.973711364382533862e-02
2.520173502649969635e+02 1.893463990900989700e+02 2.156793771399089996e-02
2.520813141972703022e+02 1.889820224192111198e+02 5.036114628769757656e-02
2.520429646827071792e+02 1.891330214342666807e+02 6.514586557853759008e-02
2.521269546456545072e+02 1.889014797617372494e+02 1.030134609070869067e-01
2.520384409736879263e+02 1.892426949955442979e+02 2.682800994324844104e-02
2.520095867923643311e+02 1.893969959195159731e+02 6.960391163641480028e-02
2.521319544111439370e+02 1.890861544955677402e+02 7.311336241264480840e-02
2.520054922376999116e+02 1.894108836358519738e+02 5.158060128511796072e-02
2.520313071619530092e+02 1.895509239716711249e+02 7.572346512827728138e-02
2.521505534449603658e+02 1.879376342573050067e+02 9.640143520472772842e-02
2.521201456310679703e+02 1.869853559870550157e+02 4.297758078889357680e-02
2.521934219783312301e+02 1.871279442802870392e+02 2.733807044697715918e-02
2.521521176305051313e+02 1.869619225177055455e+02 5.589090567984616315e-02
2.521739810515454110e+02 1.870771915013366993e+02 2.634257305004455638e-02
2.521279677313446825e+02 1.872905421884526902e+02 1.151915951409408605e-02
2.521846805965949159e+02 1.873792153276112629e+02 3.891351249941372298e-02
2.521742741897659528e+02 1.870802143426668636e+02 3.472867126307396801e-02
2.521151939402467121e+02 1.873456779700764514e+02 5.992683270015477376e-02
2.521223922423901342e+02 1.874227768397354623e+02 2.333145724872191795e-02
2.521165482388255725e+02 1.875187502931382255e+02 4.758102340415552856e-02
2.520921368603723920e+02 1.875952441255100496e+02 6.244078607945218601e-02
2.521410862529900214e+02 1.877217062989540750e+02 6.967309225646076132e-02
2.520747631443178136e+02 1.879267775901693085e+02 1.866352422494254454e-02
2.521236023169645080e+02 1.884338644997889389e+02 4.631349373856760709e-02
2.521016908212560281e+02 1.888467567187280167e+02 4.917804042962337779e-02
2.521507820927723742e+02 1.887327540922095466e+02 4.166314900802026155e-02
2.520382756437315379e+02 1.888009814267623483e+02 2.517471037943811232e-02
2.520154343135875479e+02 1.887474532151400126e+02 7.060292669199380589e-02
2.520552671075465412e+02 1.883819520660381670e+02 1.536618826509075497e-01
2.520166385253974966e+02 1.886378476619295554e+02 1.323917733689789489e-01
2.521089536138079836e+02 1.887386145115144700e+02 5.037521692228319470e-02
2.521003306599127711e+02 1.894443611931898204e+02 3.368744430373810106e-02
2.520624466488438600e+02 1.890446472960930464e+02 7.370432906524083949e-02
2.520683973547207017e+02 1.891706498288072851e+02 4.839712021012147758e-02
2.520351367196660703e+02 1.896375486609446170e+02 1.334165845879649037e-01
2.521021727404906017e+02 1.889691395806950993e+02 7.171098916561137460e-02
2.520168871066085217e+02 1.897345598236480555e+02 4.836663383518596815e-02
2.520625416256273184e+02 1.895342549598987034e+02 1.858320435251629710e-01
2.520937573284555242e+02 1.897310210590497661e+02 1.400837202757844457e-01
2.520585268045588805e+02 1.892031881712865129e+02 3.641714741334833860e-02
2.520587800759814172e+02 1.873528164720228801e+02 3.143731532292106529e-02
2.522370210121476362e+02 1.871010048778200030e+02 3.012171098916560999e-02
2.521635910604568380e+02 1.873564033112893412e+02 3.619318981286055725e-02
2.521718282444538204e+02 1.873282045870268746e+02 4.986632897143661314e-02
2.521268057314384805e+02 1.877283206697622120e+02 3.747713521879837001e-02
2.521057888935791027e+02 1.876426633366164936e+02 4.565569157168988118e-02
2.520876061160358290e+02 1.880247901130341006e+02 1.160264527930209705e-01
2.521132592279911933e+02 1.880235061676281703e+02 9.450541719431546084e-02
2.521220838609821442e+02 1.877959734534027518e+02 3.193096008629989213e-02
2.521259908071854170e+02 1.876058369682472744e+02 3.224168660006566239e-02
2.521089149195628636e+02 1.882540558604192995e+02 9.745087003423854449e-03
2.521288694245110378e+02 1.877414602973594242e+02 7.195370761221331346e-02
2.521149453590356870e+02 1.878901951127995744e+02 1.947645513812673035e-01
2.520369659021621942e+02 1.887529290370995625e+02 3.295108109375732841e-02
2.520752825852445937e+02 1.885873340837671890e+02 8.093546268936728516e-02
2.520943506402138610e+02 1.885892934196332362e+02 2.281553398058252385e-02
2.520009802542094519e+02 1.890135242249425573e+02 3.964753060363022247e-02
2.520798356080859151e+02 1.893339864452886729e+02 3.314103466066319753e-02
2.520602610102715744e+02 1.886268045588855955e+02 4.659256132451573829e-02
2.520090556259087293e+02 1.890142007879555308e+02 1.986034895173772463e-01
2.520332618076075164e+02 1.892523497959757890e+02 1.442415927958350941e-01
2.521302999390272532e+02 1.890993902725012958e+02 6.160241076872566973e-02
2.519822956240326448e+02 1.894080964776511280e+02 9.751418788987382957e-02
2.520637282491440487e+02 1.893447985554148545e+02 7.217766521270109481e-02
2.520448091083907798e+02 1.893681522911683430e+02 9.191993808920782827e-02
2.520291297312508902e+02 1.899382263965104869e+02 1.496540968997701893e-01
2.520215773181370480e+02 1.896065147038131329e+02 7.739669809108390419e-02
2.520475059800197073e+02 1.902656031612025629e+02 3.063411659865859782e-02
2.519926023638666095e+02 1.897247983209042843e+02 4.364007316729984209e-02
2.521798942357300177e+02 1.890231895783499851e+02 1.064795272266779239e-02
2.521369694198208435e+02 1.882562039772993785e+02 2.010576426996857693e-02
2.521392136860372375e+02 1.869027437737441915e+02 5.309202195018995069e-02
2.521186072416865898e+02 1.874630165095445875e+02 2.561676281600300253e-02
2.522218434876412800e+02 1.873951608742554242e+02 6.963791566999671945e-02
2.521280697434454225e+02 1.878297347685380601e+02 7.885183621781342855e-02
2.521156160592842639e+02 1.877632873692603539e+02 2.832887763238121914e-02
2.521312344636743035e+02 1.882307842033675627e+02 2.687960227006238115e-02
2.520656875850100960e+02 1.885560538905304497e+02 6.134210402889170299e-02
2.520967074715069600e+02 1.882552565545706216e+02 2.071080155715022617e-02
2.520474496974813690e+02 1.885152279442802978e+02 2.642699685755827560e-02
2.520958116411050014e+02 1.881866680737301181e+02 8.047699451245250712e-02
2.520178216312555719e+02 1.886319121992401904e+02 7.610337226208901962e-02
2.521304359551615732e+02 1.885601226490314843e+02 6.098916561136907138e-02
2.519802600722292709e+02 1.893478225692978754e+02 3.944116129637446899e-02
2.521103806106655441e+02 1.889931675343557913e+02 7.785399371511654565e-02
2.520234920969935786e+02 1.894933058955958813e+02 5.131208667510904486e-02
2.520060456826603001e+02 1.889433633506871217e+02 1.687409127151634491e-01
2.520506636649312782e+02 1.894497936306927386e+02 4.963533605365601925e-02
2.520708374372684091e+02 1.898214612354017277e+02 3.412011631724590904e-02
2.520889381361099311e+02 1.890362834763847957e+02 1.140272501289808227e-01
2.520709969044604009e+02 1.895082231133624191e+02 8.632920594718822282e-02
2.520435873082876128e+02 1.894810292669199328e+02 4.172529431077341699e-02
2.521135253974954367e+02 1.897470135078092142e+02 2.597005299939027512e-01
2.520401552460016035e+02 1.897262511139252297e+02 6.219572252708597399e-02
2.520796374466488317e+02 1.898322147178837724e+02 6.108179728905773626e-02
2.520852129356034084e+02 1.899418542751278096e+02 1.360560011256507773e-01
2.520098916561136946e+02 1.905148023075840626e+02 7.871582008348576576e-02
2.520104732423432381e+02 1.905562614323906132e+02 2.398808686271750729e-02
2.520292305707987452e+02 1.891718622484874004e+02 6.917944749308194141e-02
2.521073941184747298e+02 1.880502649969513698e+02 1.857206510013601625e-02
2.521346348670325028e+02 1.880008442380751319e+02 3.644059847099104243e-02
2.521599221424886252e+02 1.881928263214670949e+02 1.997678345293372668e-02
2.520851015430795883e+02 1.881661038412832454e+02 6.018948454575301366e-02
2.519897073308006270e+02 1.885507211200225015e+02 8.519886496881008686e-02
2.520970768256648284e+02 1.883997432109188139e+02 4.772641996154026317e-02
2.520665517564842162e+02 1.887232259274893238e+02 4.094437409127151678e-02
2.520710649125275609e+02 1.888350909901036516e+02 3.984803714647530692e-02
2.521191841377046217e+02 1.888728002907931227e+02 9.630176820974625795e-03
2.521485612776136236e+02 1.884025092631677580e+02 6.575676563012991527e-02
2.520978811969419837e+02 1.887640460109751075e+02 1.809483607710707723e-02
2.520030509825993192e+02 1.888672107312039827e+02 8.507574691618592644e-02
2.520257774025608626e+02 1.888528563388208852e+02 7.567656301299188759e-02
2.520842596501102264e+02 1.885825664837484226e+02 3.587073777027344201e-02
2.521010728858871630e+02 1.891920113972140030e+02 2.946977158669856003e-02
2.520285317292809850e+02 1.890891316073355028e+02 7.203578631396276299e-02
2.520526593499366754e+02 1.895373035973922526e+02 2.802870409455466422e-02
2.520397800290793100e+02 1.892412339946531574e+02 7.437620186670418354e-02
2.520475775057455223e+02 1.894338797429764156e+02 4.319802073073495535e-02
2.521257129121523519e+02 1.893185122649031484e+02 1.233549083063646135e-01
2.520321467098166011e+02 1.897866774541531925e+02 6.308099995309789099e-02
2.520332055250691781e+02 1.898875603864734387e+02 3.986445288682519822e-02
2.520266908212560395e+02 1.895519734065006219e+02 1.468798367806388172e-01
2.520550501852633545e+02 1.902634339383706106e+02 3.855002110595187603e-02
2.520503459031002365e+02 1.897084341728811978e+02 9.408681581539327099e-02
2.520635793349279936e+02 1.887716769851320180e+02 1.914685052295858614e-01
2.520170313306130083e+02 1.880523474508700303e+02 8.558111720838609826e-02
2.520429365414380243e+02 1.880967262323530917e+02 4.089395431733971326e-02
2.521423197786220101e+02 1.879500164157403503e+02 2.811430045495051655e-02
2.522030169785657279e+02 1.882059483607710604e+02 1.646498757093944887e-02
2.520787134749777181e+02 1.883850124290605379e+02 3.356198114534965360e-02
2.521399336335068710e+02 1.885775878242108661e+02 1.911612963744665009e-02
2.520202863374138076e+02 1.886845985178931642e+02 2.318488813845504329e-02
2.520999601332020177e+02 1.888694784484780200e+02 3.687092537873458420e-02
2.520559366352422614e+02 1.884727369729374686e+02 1.322956240326438604e-01
2.520889944186482694e+02 1.883096067257633308e+02 9.083884433187937313e-02
2.520295565404999820e+02 1.888303280802964252e+02 7.633202007410534728e-02
2.520433938370620410e+02 1.889252778950330764e+02 3.013695417663336470e-02
2.520766708878570341e+02 1.892307267482763393e+02 4.170418835889498632e-02
2.521544205243656620e+02 1.894746048496787125e+02 5.854908306364617343e-02
2.520547676000187494e+02 1.894328666572862403e+02 2.823624595469255774e-02
2.521083532667323368e+02 1.893831222738145357e+02 3.032808029642136693e-02
2.520164978190516365e+02 1.897306458421274726e+02 5.123118052624173191e-02
2.520601273392429960e+02 1.897033523286900163e+02 2.340650063317855495e-02
2.520622414520894949e+02 1.896860219970920696e+02 5.591318418460672346e-02
2.519454727733220807e+02 1.899085631536982248e+02 8.340720416490783606e-02
2.520706322405140440e+02 1.896046949017400607e+02 1.156453731063270957e-01
2.520565662961399482e+02 1.895906101965198616e+02 6.181464284039209917e-02
2.521079733595985317e+02 1.889617255288213471e+02 8.039608836358519417e-02
2.520931053890530507e+02 1.878624454762909863e+02 3.351625158294638945e-02
2.521225798508512810e+02 1.883320681487735158e+02 9.040382721260729545e-03
2.521359809577411966e+02 1.874260283288776350e+02 5.769780967121616866e-02
2.520952464706158196e+02 1.884302542094648345e+02 4.051052952488157222e-02
2.520873504995075223e+02 1.879893285962196785e+02 5.032831480699779397e-02
2.521011655175648514e+02 1.879912093710426291e+02 6.016720604099244640e-02
2.521378042774729238e+02 1.887789186717321002e+02 2.552413113831433766e-02
2.520953613807982663e+02 1.885253998405327991e+02 1.907157262792551905e-02
2.520770308615918509e+02 1.889430221377984083e+02 1.138197082688429188e-02
2.521098037146475406e+02 1.880350159467191986e+02 7.663336616481403185e-02
2.521882287416162569e+02 1.882331398621077767e+02 4.998827447117865086e-02
2.520618439566624431e+02 1.884875381079686747e+02 5.031424417241217584e-02
2.520619893532198432e+02 1.888339723746541097e+02 1.040253740443694008e-01
2.520660956334130560e+02 1.886204434595000237e+02 2.892570704938792620e-02
2.521464975845410663e+02 1.889661378453168368e+02 4.623845035411097010e-02
2.520139346184512874e+02 1.891353665400309580e+02 1.186494535903569320e-01
2.520346794240420252e+02 1.888390718071385095e+02 5.564349702171567796e-02
2.521363679001923117e+02 1.893984311242437002e+02 2.274635336053655935e-02
2.520883002673420492e+02 1.891560574081890991e+02 1.032421087191032344e-01
2.519427630036114749e+02 1.892858519769241639e+02 4.223183715585573234e-02
2.520941688945171393e+02 1.897918566202335739e+02 5.022278504760564755e-02
2.520414321560902522e+02 1.898156770320341309e+02 1.059976079921204489e-01
2.520295366071009937e+02 1.894140120069415048e+02 7.841447399277706731e-02
2.521001934712255661e+02 1.882493515782561815e+02 5.910252802401388256e-02
2.521521610149617629e+02 1.875856303644294485e+02 7.159607898316214247e-02
2.520215738004783930e+02 1.879452441255100723e+02 1.710637399746728696e-02
2.520799305848693734e+02 1.875510881290746283e+02 6.102785985647952993e-02
2.521579229398245729e+02 1.879839500961493286e+02 3.001031846536278760e-02
2.521293794850147663e+02 1.881584095492706581e+02 3.690844707096289923e-02
2.521096794240420138e+02 1.876537744477275851e+02 7.057478542282256961e-02
2.520510013601613366e+02 1.883141022935134288e+02 3.358543220299235743e-02
2.521549563810327754e+02 1.880816319591013439e+02 3.977651142066507273e-02
2.520764387223863707e+02 1.877814701468036276e+02 5.595774119412785796e-02
2.520435685474414811e+02 1.878686987008113931e+02 3.724027953660710016e-02
2.520743527508090551e+02 1.879876612260212880e+02 5.877773087566249416e-02
2.521180280005628163e+02 1.880702253646639406e+02 8.901669715304159902e-02
2.521499061957694323e+02 1.888532995638103387e+02 4.475517095821021640e-02
2.520546960742929627e+02 1.887921157544205357e+02 5.490361615308850252e-02
2.519928099057267445e+02 1.893919140753247916e+02 5.447797945687350707e-02
2.520560620984006448e+02 1.893162586182636744e+02 5.473242343229679785e-02
2.521611615308850389e+02 1.887703285493175827e+02 4.344777449462970675e-02
2.520261444116129610e+02 1.891655070118662252e+02 5.114089395431734020e-02
2.520408153932742437e+02 1.892348611697387639e+02 2.837343464190235018e-02
2.520526874912058588e+02 1.892662844144271048e+02 7.048332629801604132e-02
2.519677020308616022e+02 1.897525198161437174e+02 9.631701139721401961e-02
2.519401130340978341e+02 1.898417780591904602e+02 9.160921157544205107e-02
2.520191946906805356e+02 1.896036208433000354e+02 8.023310351296843168e-02
2.520038354204774578e+02 1.899483150415083799e+02 1.811371417850945187e-01
2.520723828619670712e+02 1.905578103747479020e+02 2.731579194221659540e-02
2.519832676703719301e+02 1.898025186435908154e+02 7.333262980160405731e-02
2.520808604193049121e+02 1.883541590450729188e+02 6.923807513718868711e-02
2.521560058158623008e+02 1.876031025749261403e+02 3.937315322921063759e-02
2.521903299563810208e+02 1.874886954176633367e+02 4.104638619201726041e-02
2.520926621640635972e+02 1.878834740396791858e+02 4.971506964964119563e-02
2.520934079076966441e+02 1.877079663242812160e+02 8.047347685380611126e-02
2.521423326767037167e+02 1.875710836733736642e+02 1.517471037943811385e-01
2.521673631630786474e+02 1.879160053468411320e+02 2.404788705970639304e-02
2.521416596313493699e+02 1.877266802682800915e+02 4.885793349280052184e-02
2.521619612119506542e+02 1.879111298719572289e+02 9.967754795741287643e-02
2.521306470146803633e+02 1.876351355471131797e+02 2.395408282913559506e-02
2.521465374513390429e+02 1.881009462501758946e+02 4.431429107452745930e-02
2.521152044932226488e+02 1.877464049528633723e+02 4.400239200787955246e-02
2.521073483889123281e+02 1.884576720135078176e+02 4.361662210965714520e-02
2.520860431030439486e+02 1.883656195769429189e+02 2.206627268889826965e-02
2.520301686131044505e+02 1.883084060316120372e+02 4.294005909666526177e-02
2.520494887669433979e+02 1.886250539374325683e+02 3.580272970310961062e-02
2.521087566249237852e+02 1.890733162140612649e+02 2.697692415927958193e-02
2.520124630645842103e+02 1.892168953144786769e+02 1.357956943858167898e-01
2.521395806950893359e+02 1.891226724825289693e+02 8.959828338258055136e-02
2.521182777543267264e+02 1.888328877632381193e+02 1.260764035457999088e-01
2.520885136719666093e+02 1.892538506636649345e+02 2.599666994981473730e-02
2.520832817410065161e+02 1.899634444913465643e+02 8.981637821865766369e-02
2.520374020918343376e+02 1.893261807607523224e+02 5.707518409080249849e-02
2.520432273345527960e+02 1.898348177852821266e+02 1.823085221143473655e-02
2.520652795366071075e+02 1.895811066554101671e+02 7.665916232822100884e-02
2.520879965761455708e+02 1.900335772243328165e+02 3.767529665587918131e-02
2.519821514000281297e+02 1.899367618779606914e+02 1.401271047324234298e-01
2.520987500586276440e+02 1.898423713709488254e+02 6.851695511467567612e-02
2.520660780451198377e+02 1.899912152338070541e+02 2.729468599033816473e-02
2.519593815956099547e+02 1.904108613573472155e+02 4.963650860653815583e-02
2.520455032596970000e+02 1.901180045495051729e+02 5.197575160639744674e-02
2.519847403967918922e+02 1.895414520894892405e+02 8.427254819192345203e-02
2.521499179212982540e+02 1.885751418788987337e+02 1.591857792786454534e-02
2.520964014352047400e+02 1.881745380141644262e+02 2.221870456357581680e-02
2.520887751512593127e+02 1.881012065569157130e+02 5.053585666713569097e-02
2.520896756718728113e+02 1.878147589231274424e+02 1.571220862060878840e-02
2.521533124618920283e+02 1.879085537732751732e+02 2.021832934665353243e-02
2.521095316823788721e+02 1.881549118240232588e+02 7.541039350874724490e-02
2.521365168144083384e+02 1.882896334599690533e+02 4.754701937057361633e-02
2.521762991885934184e+02 1.881979257539514947e+02 2.245087003423854380e-02
2.521082571173959934e+02 1.876457342526148011e+02 3.762135922330096804e-02
2.521923361943623547e+02 1.879871910323155646e+02 8.353501242906055668e-02
2.520641585760517671e+02 1.880303374607194655e+02 7.078584494160686247e-02
2.521610735894188906e+02 1.888585748792270635e+02 1.154964588902959548e-02
2.521316214061254186e+02 1.885863796257211220e+02 3.042188452699216838e-02
2.520515243187467718e+02 1.888714424745556073e+02 9.594882979222363328e-02
2.521300255616528432e+02 1.888716875381079774e+02 5.118310585807420154e-02
2.520215351062333013e+02 1.891046808311054690e+02 3.712419680127573840e-02
2.521582219408095398e+02 1.888219384644247327e+02 1.163219361193189860e-01
2.520381454903616145e+02 1.893634773228272650e+02 5.011373762956709138e-02
2.520777238403451861e+02 1.893758571361568386e+02 9.241358285258664818e-02
2.521029137939121085e+02 1.892228401575910937e+02 1.043267201350780854e-01
2.520789092913090315e+02 1.894895349655269570e+02 4.340439003799071577e-02
2.520125486609446170e+02 1.897817503869424627e+02 4.920031893438393811e-02
2.520471729750011605e+02 1.895674042024295431e+02 1.184008723793443102e-01
2.520787017494488964e+02 1.897103020496224417e+02 2.965620749495802289e-02
2.519721331082031668e+02 1.898453918671732197e+02 1.386989353219830190e-01
2.520429904788705926e+02 1.903797476666197781e+02 3.338609821302940955e-02
2.520094226349608277e+02 1.906485507246376869e+02 1.251371886872097994e-01
2.520421990056751440e+02 1.904038166596313602e+02 5.105647014680361750e-02
2.520533957131466707e+02 1.905325922799118246e+02 4.996130575488954423e-02
2.519834060316120201e+02 1.908470299235495418e+02 4.475048074668167702e-02
2.520698607007176122e+02 1.897898996294732967e+02 4.731250879414661964e-03
2.521643215609024082e+02 1.884998850898175533e+02 6.934829510810937292e-02
2.520224356268467716e+02 1.883576942920125816e+02 3.518127667557807009e-02
2.521227006237981243e+02 1.888519112611978699e+02 1.372590403827212563e-02
2.520878289010834408e+02 1.883574832324937915e+02 1.546714506824257811e-02
2.521440633647577556e+02 1.881954305614183340e+02 2.850710567046573635e-02
2.520384679424041963e+02 1.884861087660053443e+02 3.631865297124900471e-02
2.520794275596829550e+02 1.882713392899019880e+02 7.260564701468036342e-02
2.520645642793489856e+02 1.884769523005487599e+02 5.514398949392617516e-02
2.521256132451573535e+02 1.889743128840110558e+02 2.737676469208761426e-02
2.520767752450635442e+02 1.887701667370198493e+02 6.648140331128933600e-02
2.520893227334552762e+02 1.886319989681534537e+02 3.367689132779888572e-02
2.520619072745180915e+02 1.887238204118005740e+02 6.913489048356080691e-02
2.520105248346700364e+02 1.890414356737488788e+02 5.184794334224473306e-02
2.520632861967074803e+02 1.895539667464002491e+02 2.617607054078138762e-02
2.520781178181135829e+02 1.893126530181511100e+02 8.597274987101918842e-02
2.520454059378078000e+02 1.894411155668120728e+02 6.868463017682097105e-02
2.521027238403451918e+02 1.895707588762253124e+02 3.591294967403029642e-02
2.520608261807607562e+02 1.894842795835092204e+02 3.444374091271516086e-02
2.520591904694901757e+02 1.896817152103559749e+02 5.828056845363725758e-02
2.520168226161999883e+02 1.895546421368603660e+02 5.994911120491534101e-02
2.520665189250035212e+02 1.899340063786876840e+02 7.500351765864640696e-02
2.520054476806903949e+02 1.900428145959382675e+02 1.330941325453778024e-01
2.519907098635148373e+02 1.897493246095398831e+02 1.592502696871628820e-01
2.520868322311336271e+02 1.900692955302284020e+02 1.150344730547347705e-01
2.519514856245016574e+02 1.907601461000891163e+02 5.245767084095492860e-02
2.519778328877632418e+02 1.906184876412926315e+02 4.474813564091740387e-02
2.519382052905586136e+02 1.908888232259274957e+02 5.466207025936870023e-02
2.520286548473336268e+02 1.909748346700436059e+02 4.697481356409174275e-02
2.520111685662023433e+02 1.907184923315041374e+02 3.185474414896111855e-02
2.520186095867923655e+02 1.901088762253177720e+02 2.217156793771399015e-01
2.520890635992683144e+02 1.888856151212419547e+02 6.714975845410628419e-02
2.521380962431405521e+02 1.883015688757562884e+02 4.265161108766005182e-02
2.522061336241264371e+02 1.884594695370761315e+02 2.991299657614558336e-02
2.521009779091037046e+02 1.884072897612682311e+02 3.840462454856714142e-02
2.521162527554992607e+02 1.887816589278176309e+02 4.150016415740349907e-02
2.520872625580413739e+02 1.887565885746447236e+02 2.010576426996857693e-02
2.520057302659350000e+02 1.893291133155105399e+02 6.352305238966277079e-02
2.520903534074386698e+02 1.886747842502696813e+02 2.071314666291449585e-02
