2.550000000000000000e+02 0.000000000000000000e+00 1.000000000000000000e+00
2.528928530828777070e+02 1.805572971363611714e+02 2.801092675797109166e+01
2.528231121095653009e+02 1.805511733340551075e+02 2.748594029123585614e+01
2.531942740756780097e+02 1.818312537216478120e+02 3.033235262274671129e+01
2.528437327450874363e+02 1.812106628593081723e+02 2.868711227196448732e+01
2.528618267200779428e+02 1.832209413738970341e+02 2.865020841227737947e+01
2.524929951821577561e+02 1.805062117685270380e+02 2.846865966545769666e+01
2.523692388891896314e+02 1.798664036702214162e+02 2.653454907161803789e+01
2.521885955177827157e+02 1.793096884642451130e+02 2.479342689330374228e+01
2.521659300059546354e+02 1.794236575001353344e+02 2.406344259189086898e+01
2.521659895523196155e+02 1.790529840848806487e+02 2.558207789747198646e+01
2.521204474097331172e+02 1.793609308179505319e+02 2.513373166242624279e+01
2.521747780544578461e+02 1.793623788772803493e+02 2.493369376928490055e+01
2.521078668868077841e+02 1.790183957667947823e+02 2.478214015048990504e+01
2.521939276241000414e+02 1.796931751745791246e+02 2.287659692524224653e+01
2.521610458507010151e+02 1.793479997834677704e+02 2.418326476479185771e+01
2.521167406485140532e+02 1.786013167866616129e+02 2.398984057814107018e+01
2.521650408704595918e+02 1.797076422346126776e+02 2.275555540518594810e+01
2.522008661289449378e+02 1.802094786986412487e+02 2.492678774427542976e+01
2.521178963893249545e+02 1.803600254425377614e+02 2.283897309586964752e+01
2.521388052833865743e+02 1.791106384994316159e+02 2.519902425161046011e+01
2.521499431602879895e+02 1.794656877605153511e+02 2.307575650950035140e+01
2.521731743625832394e+02 1.792589008282357952e+02 2.559882937259784441e+01
2.521587086558761541e+02 1.799602839278947783e+02 2.663979456504086940e+01
2.522139054295458322e+02 1.812878132950793031e+02 2.441757294429708125e+01
2.521799464082715190e+02 1.810643763871596263e+02 2.358892031613706664e+01
2.521980809830563430e+02 1.808754479510637054e+02 2.407539111135170273e+01
2.522005629838142227e+02 1.812452741839441330e+02 2.574358252584853446e+01
2.522152790559194386e+02 1.817928652628160080e+02 2.505711308396037396e+01
2.521599117631137403e+02 1.821455286093217012e+02 2.506652952958371827e+01
2.521019623233908931e+02 1.824172670925133843e+02 2.374093135928111309e+01
2.521200887782168536e+02 1.823173158122665427e+02 2.449598197369133246e+01
2.521424633248524856e+02 1.811493815298002517e+02 2.441788962269257723e+01
2.521754736642667751e+02 1.812360269041303411e+02 2.521455231960158017e+01
2.521683605803063983e+02 1.817418705678557842e+02 2.439459616737941872e+01
2.522277770259297256e+02 1.814739159854923400e+02 2.516120283657229351e+01
2.521841051805337486e+02 1.819490648514047564e+02 2.403395360796838531e+01
2.522047894224002675e+02 1.824259405619011432e+02 2.211324635955177698e+01
2.521383857521788627e+02 1.816845314783738559e+02 2.259680885616846169e+01
2.522005941103231805e+02 1.813378944946678928e+02 2.265199344989985519e+01
2.522208764142261543e+02 1.813752043522979420e+02 2.305670167271152593e+01
2.521930926216640501e+02 1.811025848535700788e+02 2.262965679640556615e+01
2.522764967790829758e+02 1.812309695230877367e+02 2.174055107454122293e+01
2.522026416932820894e+02 1.806288096140312973e+02 2.138582525848535809e+01
2.521802184268933047e+02 1.802957735614139665e+02 2.002943891084285255e+01
2.522153561955286136e+02 1.799275659069994049e+02 2.220727412981107562e+01
2.521633708655876092e+02 1.799438220646348725e+02 2.207520299897147353e+01
2.521545444703080250e+02 1.806729943701618595e+02 2.245071320305310536e+01
2.521011882206463497e+02 1.808664266767715105e+02 1.897038380338872798e+01
2.522407554268391721e+02 1.802257551561738751e+02 2.293059465165376665e+01
2.521910287987874142e+02 1.808077450874248768e+02 2.188766172251393982e+01
2.521693904617550004e+02 1.806435175661776782e+02 2.391010393547339419e+01
2.521990973312401820e+02 1.807348251502192511e+02 2.389970632815460405e+01
2.521490107183456928e+02 1.811328168137281409e+02 2.397800979808368993e+01
2.522122773777946065e+02 1.809827748606073783e+02 2.351953932766740607e+01
2.522269542034320295e+02 1.810247536945812783e+02 2.385154414550966351e+01
2.521264439993504141e+02 1.817832837113625430e+02 2.494657608401450943e+01
2.521014778325123018e+02 1.822289070535375970e+02 2.217670113138093413e+01
2.521664902831159054e+02 1.822236845666648719e+02 2.298613517024847042e+01
2.521220578682401481e+02 1.825257199696854968e+02 2.433562631949331490e+01
2.520793901910896864e+02 1.834580644724733531e+02 2.334283142965409041e+01
2.521554146592324059e+02 1.834456179288691544e+02 2.397261137876901316e+01
2.521438193579819256e+02 1.831624221837276139e+02 2.502014155794944017e+01
2.520759310886158175e+02 1.834097236507334969e+02 2.549108563849943110e+01
2.521533251231527117e+02 1.840769379635143252e+02 2.351954609429978760e+01
2.520862028365722836e+02 1.840432699074324603e+02 2.458182076544145644e+01
2.520544443241487613e+02 1.833329616196611198e+02 2.372939154441617404e+01
2.521230836897093184e+02 1.831767782709900985e+02 2.182797190494234840e+01
2.521484355545931919e+02 1.830315352135549176e+02 2.084151464299247536e+01
2.521404103285876772e+02 1.831934742597304080e+02 2.492390786553348292e+01
2.520863868889730952e+02 1.835842161533048227e+02 2.406578655334812922e+01
2.520846857575921547e+02 1.842004980241433429e+02 2.633023602013749809e+01
2.520584948302928581e+02 1.849790274995939967e+02 2.626484193146754720e+01
2.520369715260109444e+02 1.849010542413251699e+02 2.737489444053483467e+01
2.520622800844475648e+02 1.855377740486114817e+02 2.646514101661884766e+01
2.521033508363557587e+02 1.845635359714177355e+02 2.736161695447409770e+01
2.520414429166892205e+02 1.847787324744221280e+02 2.497192253559248698e+01
2.520611568234720892e+02 1.846646511124343704e+02 2.371282953499702373e+01
2.521292913982569246e+02 1.843088967682563748e+02 2.106525198938992105e+01
2.522106790992258993e+02 1.831013249066204764e+02 2.178296838629350773e+01
2.522057218643425642e+02 1.807924132517728708e+02 2.021449683321604596e+01
2.521722649271910370e+02 1.806292399718508079e+02 2.051105938396578665e+01
2.522357833053645777e+02 1.808282561035024116e+02 1.841035971417744932e+01
2.521980863963622710e+02 1.809055567585124322e+02 2.140704812428950277e+01
2.521367008607156492e+02 1.814630284739890556e+02 2.050088642884209378e+01
2.521874709034807438e+02 1.814605288799870095e+02 2.117202132842527007e+01
2.522030612244898009e+02 1.819995033291831419e+02 2.022454798895685713e+01
2.521722148541114166e+02 1.814564107075190691e+02 1.911120689655172455e+01
2.522428463162453340e+02 1.812055188653710900e+02 1.912304985654739298e+01
2.522298936285389459e+02 1.812482095490716176e+02 1.977891652682292900e+01
2.521439560439560523e+02 1.815478482109024014e+02 1.937516645915660618e+01
2.521419057543441795e+02 1.802994979158772253e+02 2.113506333567909934e+01
2.521596627510420490e+02 1.804915241162778159e+02 2.251330725924321996e+01
2.521991230444432404e+02 1.813281518973637105e+02 1.888306988577924628e+01
2.521502503653981364e+02 1.818696922535592364e+02 1.892517593244194174e+01
2.521540166729821806e+02 1.816953851567152185e+02 2.219868997997076931e+01
2.521670492069506793e+02 1.826459535538353407e+02 2.041269149569642138e+01
2.521848779299518242e+02 1.825673334055107375e+02 2.266023926812104250e+01
2.521954920695068552e+02 1.830679924755047807e+02 2.022209305472852137e+01
2.521767214312780823e+02 1.833586599361229901e+02 2.251423564120608489e+01
2.520775916202024689e+02 1.849573296161966027e+02 2.277279001786390822e+01
2.520229781302441268e+02 1.855222500405998005e+02 2.330837032425702304e+01
2.521209643804471341e+02 1.841745155091214201e+02 2.366415173496454116e+01
2.521191116765008360e+02 1.845118145401396532e+02 2.090427651166567458e+01
2.520827721539544086e+02 1.836566448329995183e+02 2.099501705191360301e+01
2.521826476479185715e+02 1.821948221729009845e+02 2.121200400584637080e+01
2.522009595084718114e+02 1.820094746386618283e+02 2.005156850538623914e+01
2.521602216748768512e+02 1.799163332972446199e+02 2.017952146375791855e+01
2.520051291073458515e+02 1.779625047366426713e+02 1.810251177394034627e+01
2.520277012396470582e+02 1.768332769447301587e+02 1.642492962702322146e+01
2.520669355275266525e+02 1.777657554268391777e+02 1.643921128132950926e+01
2.520355288799869982e+02 1.780562834948302964e+02 1.698816245331023822e+01
2.521930953283170140e+02 1.809672846857575905e+02 1.769003410382720887e+01
2.522296134899583251e+02 1.809534428625561588e+02 1.792345314783738530e+01
2.521266740648514144e+02 1.800203594435121488e+02 1.691721431278081411e+01
2.520836396362258540e+02 1.795655916743355078e+02 1.708314161208249971e+01
2.521787148811779389e+02 1.800690548367888368e+02 1.912003193850484450e+01
2.522300235478806769e+02 1.813967046500297613e+02 2.081284983489416973e+01
2.521890542954582486e+02 1.818256103502408791e+02 2.212853353543008694e+01
2.521647120121258183e+02 1.833860756238834995e+02 2.198367211606127825e+01
2.521141409083527378e+02 1.830781180642018171e+02 2.375348752232988758e+01
2.521384398852379150e+02 1.834206734152546971e+02 2.187092513397931981e+01
2.521905402479294196e+02 1.830164753965246689e+02 2.279684404265685060e+01
2.521859213446651893e+02 1.830282209170140106e+02 2.322367103340009820e+01
2.520855694797812987e+02 1.832359064580739414e+02 2.325087424890380561e+01
2.522111608834515266e+02 1.826993761164943351e+02 2.212255859903643085e+01
2.522123721106479763e+02 1.823382937259784455e+02 1.987218372760244733e+01
2.522235005142640603e+02 1.815262545336437086e+02 2.000614410220321560e+01
2.521880393006008774e+02 1.825075326151680883e+02 1.870198126996156418e+01
2.522019961565528092e+02 1.822815717533697750e+02 1.997488632057597613e+01
2.521537893141341442e+02 1.827188572511232678e+02 1.984192064093542029e+01
2.521399826774211022e+02 1.830285172955123585e+02 2.064704433497536940e+01
2.522013249066204708e+02 1.831607332322849686e+02 2.038476289720131973e+01
2.521621677583500230e+02 1.828326638878363042e+02 2.085738645590862461e+01
2.521441644562334261e+02 1.833317869322795559e+02 2.158200346451577900e+01
2.521561928219563811e+02 1.838413035240621412e+02 2.166662696909002150e+01
2.521057096844042746e+02 1.840731486493801867e+02 2.263189655172413950e+01
2.521905402479294196e+02 1.836223583067178993e+02 2.022986114870351315e+01
2.521811508688356014e+02 1.831430655551345126e+02 1.762915065230336253e+01
2.522582079250798586e+02 1.826467533697829140e+02 2.258427840632274197e+01
2.520401342499864654e+02 1.849128132950793031e+02 2.231848779299518171e+01
2.520861541168191309e+02 1.848979984301412856e+02 2.193988929789422571e+01
2.521123788772803493e+02 1.846463324852487347e+02 2.186269961565528064e+01
2.520415565961132529e+02 1.841263912196178296e+02 2.110740404915281587e+01
2.520643831537920221e+02 1.836097493639365439e+02 2.249196124072971514e+01
2.521657933199805086e+02 1.835535971417744747e+02 2.078460185135061877e+01
2.522200657716667536e+02 1.823718250960861837e+02 2.038080306393114327e+01
2.521793076381746346e+02 1.829993855897796777e+02 2.151642126346559891e+01
2.521941306230715156e+02 1.825314729605370019e+02 2.022748876739024482e+01
2.522109443512152893e+02 1.818347899637308558e+02 2.064375439831104941e+01
2.521885251448059364e+02 1.818562036485681688e+02 1.956288366805608092e+01
2.522344137389704031e+02 1.821841593135928008e+02 2.075755291506522937e+01
2.522073133762789041e+02 1.836655984409678979e+02 2.214089481946624716e+01
2.520106533860228524e+02 1.862677421101066386e+02 2.337510691279164021e+01
2.521055608184918526e+02 1.883551467005900406e+02 2.673602149082444512e+01
2.520978806907378384e+02 1.898469631353867726e+02 2.709195582742380637e+01
2.520572213500784926e+02 1.902348021436691283e+02 2.610536458615276345e+01
2.520498281275374950e+02 1.897122597845504117e+02 2.661696665403561823e+01
2.520162886374708933e+02 1.862130893736805035e+02 2.323372489579386269e+01
2.520470565149136632e+02 1.865344678720294382e+02 2.385762599469495981e+01
2.521478319709846687e+02 1.842107968386293635e+02 1.851257510961944419e+01
2.521941495696421782e+02 1.824472094408054943e+02 1.829982136090510636e+01
2.521620730254966816e+02 1.800423740053050494e+02 1.910907946733069807e+01
2.521438978509175683e+02 1.799198871325718585e+02 1.834423753586315087e+01
2.521359091647269111e+02 1.805471471877875729e+02 1.527095220050885160e+01
2.521496427218102099e+02 1.800970362150165158e+02 1.894866020678828633e+01
2.520927718832891173e+02 1.799539368267200814e+02 1.668296973961998475e+01
2.521803253396849414e+02 1.806295052238401979e+02 1.731615871812916296e+01
2.522189668705678685e+02 1.809040775726736285e+02 1.892489714718778870e+01
2.522294551507605718e+02 1.818003829913928371e+02 1.738761029610783382e+01
2.521689682238943249e+02 1.818059424565582276e+02 1.706163454771829180e+01
2.521766321117306404e+02 1.807427813565744543e+02 1.702665511828073264e+01
2.520950346451577957e+02 1.789099618361933608e+02 1.779351621285118767e+01
2.520051886537108317e+02 1.766964624045904770e+02 1.450701970443349786e+01
2.520116886807773540e+02 1.763751975856655747e+02 1.329263384398852388e+01
2.520559803496995528e+02 1.778328926000108368e+02 1.661949602122015790e+01
2.520839671412331597e+02 1.796525591403670319e+02 1.629380582471715400e+01
2.522361514101662010e+02 1.831439005575705039e+02 1.896013235532939945e+01
2.522224990526714805e+02 1.823712512856601506e+02 2.152980972229740786e+01
2.521182049477615976e+02 1.828477182915606534e+02 2.007569154982948234e+01
2.521014588859416392e+02 1.824279610783305259e+02 2.017624506035836163e+01
2.521713297785957764e+02 1.823883302657933143e+02 1.921316651328966429e+01
2.521292724516862336e+02 1.818698708926541485e+02 2.049806609646511291e+01
2.522066380663671339e+02 1.814459007741027392e+02 1.788414848698100101e+01
2.521463703783900883e+02 1.817078506468900514e+02 1.760232907486602016e+01
2.521521802089536095e+02 1.814608550316678475e+02 1.926239241054512163e+01
2.521332106317327941e+02 1.806141314350674065e+02 1.411362258431223893e+01
2.519990201916310184e+02 1.782935527526660451e+02 1.884529042386185083e+01
2.521111189303307469e+02 1.790260055215720172e+02 1.755726736317869197e+01
2.521175431711145905e+02 1.799797204027499617e+02 1.620938261246142886e+01
2.521450603583608370e+02 1.803426135440913640e+02 1.657182103610675128e+01
2.521622760244681558e+02 1.806982866886807813e+02 1.641258052292534941e+01
2.521021382558328412e+02 1.794134791317057420e+02 1.969423482921019897e+01
2.521071036106750398e+02 1.794712566989660445e+02 1.737236642667676989e+01
2.521419463541384687e+02 1.790713000054132920e+02 1.722796107833053725e+01
2.520511462675255814e+02 1.792029082985979471e+02 1.365526443999350370e+01
2.520451618578465798e+02 1.787478495642288863e+02 1.523575353218210360e+01
2.519715625507497521e+02 1.778111879499810470e+02 1.414599956693552762e+01
2.520449385589779752e+02 1.750421507064364164e+02 1.430489904184485539e+01
2.520614559086234010e+02 1.751367901802630911e+02 1.200540653927353496e+01
2.520553077464407465e+02 1.782583188978509270e+02 1.599587370757321558e+01
2.521059180966816484e+02 1.789630041141124934e+02 1.711856899258377140e+01
2.521176135440913697e+02 1.823475897255453901e+02 2.147024441076165147e+01
2.521863300492610733e+02 1.833463663184106451e+02 1.989115871812916225e+01
2.521175567043793535e+02 1.835830495858820939e+02 2.329390867752936600e+01
2.522101296486764568e+02 1.832590375142099219e+02 2.222763492664970641e+01
2.520903440155903183e+02 1.840872909110593980e+02 2.196990337248957914e+01
2.520532276836464121e+02 1.844699710388134122e+02 2.359011665674227132e+01
2.521280273913278904e+02 1.848435500460130925e+02 2.228976885183781675e+01
2.522051318139988041e+02 1.847072511232609884e+02 2.162689330374059438e+01
2.520947829264331688e+02 1.834770435229794714e+02 2.263480079034266268e+01
2.521278555188653741e+02 1.815063619877659278e+02 2.136680696151139358e+01
2.521963798516754309e+02 1.819904333351377659e+02 2.071370243057435090e+01
2.521863435825258364e+02 1.821750230065501057e+02 1.982219184756130659e+01
2.522118077735072745e+02 1.826590496941482229e+02 2.094964136848373215e+01
2.521449602122015961e+02 1.835218981757159042e+02 2.081121230985763049e+01
2.521166783954961375e+02 1.843492340172143145e+02 2.148861581767985740e+01
2.520875615763546875e+02 1.854052942131759778e+02 2.235275266605315991e+01
2.520706111622367871e+02 1.854012017539111241e+02 2.346758241758241681e+01
2.520753342716396901e+02 1.856355545931900508e+02 2.198514047528825799e+01
2.520729957234883329e+02 1.856803713527851585e+02 2.267272776484599106e+01
2.521143276674064850e+02 1.851489511719807410e+02 2.264228739241054456e+01
2.521168435013262581e+02 1.850500757862826902e+02 2.208563037947274310e+01
2.520929965354842182e+02 1.834818776051534712e+02 2.092499458669409407e+01
2.521609863043360633e+02 1.825025158339197731e+02 1.934762491203377976e+01
2.521592499864667332e+02 1.826707058950901228e+02 2.029582769447301516e+01
2.521672088994749004e+02 1.815473691333297381e+02 1.941597872570778804e+01
2.521360810371893990e+02 1.802798800952741942e+02 1.670302197802197952e+01
2.521676081307854815e+02 1.809669910139122067e+02 1.677978265576787820e+01
2.522141314350674008e+02 1.817489633519190306e+02 1.854282330969522974e+01
2.521317382125263862e+02 1.831666621555784218e+02 2.252015644454068166e+01
2.521635603312943203e+02 1.837750974395063110e+02 2.145383397390786584e+01
2.521470686948519528e+02 1.816989335787365292e+02 2.191460509933416390e+01
2.521763546798029552e+02 1.814290450928382086e+02 1.958292372651978397e+01
2.520612623829372581e+02 1.794804227791912581e+02 1.629979700102852647e+01
2.520375927028636340e+02 1.760373761706273967e+02 1.318589969144156271e+01
2.520229591836734642e+02 1.759427502300655135e+02 1.309735966004438978e+01
2.520652019163102864e+02 1.758676703838033859e+02 1.492536539814864938e+01
2.519895861527634793e+02 1.758740743246900990e+02 1.364923537054079006e+01
2.521983787148811871e+02 1.793577031343041313e+02 1.654737454663563057e+01
2.520683930601418297e+02 1.798884520651762102e+02 1.678759405619011602e+01
2.521610810371894047e+02 1.801402641693282192e+02 1.781831050722676224e+01
2.520747442212959584e+02 1.797991474043198252e+02 1.707249769934498929e+01
2.521743084501705141e+02 1.798644129269744951e+02 1.855232501488659125e+01
2.522496724949926943e+02 1.809026931196881947e+02 1.871649975640123387e+01
2.521455367292805647e+02 1.803417027553726939e+02 1.810015833919774764e+01
2.521221783142965478e+02 1.801173604720402750e+02 1.867924267850376197e+01
2.520420830401126011e+02 1.787213297785957877e+02 1.616087939154441599e+01
2.520689492773236680e+02 1.781031749039138106e+02 1.575731337627889417e+01
2.521178273696746714e+02 1.790327518540572669e+02 1.700059952362908078e+01
2.521697517999241995e+02 1.811367225139392758e+02 2.169389785091755485e+01
2.521668854544470264e+02 1.834001326259947007e+02 2.107181832945379796e+01
2.521151829697396067e+02 1.844469428354896365e+02 2.383474395063064932e+01
2.520956368754398227e+02 1.837684323066096397e+02 2.404005846370378308e+01
2.521665944892545781e+02 1.816156025009473183e+02 2.049662345044118439e+01
2.520394832999512857e+02 1.798999905267146744e+02 1.558216721701943364e+01
2.521285362420830438e+02 1.798793780111514025e+02 1.668976073187895892e+01
2.521153331889784965e+02 1.791947084934769805e+02 1.582463866183078061e+01
2.520772329886861769e+02 1.785973190602501006e+02 1.523201835110702085e+01
2.520189776971796789e+02 1.782711714393980458e+02 1.548755074974286750e+01
2.520911830780057414e+02 1.779723312401883959e+02 1.521347236507335055e+01
2.521655808477237031e+02 1.800154563416878659e+02 1.606240053050397876e+01
2.521186948519460884e+02 1.807114477886645432e+02 1.896762437070318796e+01
2.521701415579494494e+02 1.811823512694202236e+02 1.746664997564012367e+01
2.521749945866940834e+02 1.807376657824933659e+02 1.691270773561414131e+01
2.521182063010880654e+02 1.806383410924051418e+02 1.706005115574081188e+01
2.521382774860607299e+02 1.800594570454176448e+02 1.755742028907053509e+01
2.520797799491149362e+02 1.797915146429924675e+02 1.914356899258376998e+01
2.521546270232230711e+02 1.801604030206246989e+02 1.578887700968981811e+01
2.521464935310994520e+02 1.794747293347047048e+02 1.841366995073891744e+01
2.521569777513127235e+02 1.799601891950414085e+02 1.659627158555730020e+01
2.521373085043035758e+02 1.796507551561738865e+02 1.773440697233800734e+01
2.520383519190169466e+02 1.768911803713527888e+02 1.612140285822551888e+01
2.520643114274887751e+02 1.762836179830022161e+02 1.575650544037243606e+01
2.520986358469117192e+02 1.771436461321929414e+02 1.639549342283332578e+01
2.520728008444757222e+02 1.774584677637633376e+02 1.693403074757754467e+01
2.520788001407459546e+02 1.789346816976127457e+02 1.985919314675472336e+01
2.520493436366589037e+02 1.865577505007308048e+02 2.403900692903155800e+01
2.520649014778325068e+02 1.892338480485032335e+02 2.884161072917230584e+01
2.520735546473231068e+02 1.901003559248633223e+02 2.716388648297515118e+01
2.520696272938883737e+02 1.893253599848427484e+02 2.823053510528880139e+01
2.520269068370053560e+02 1.898646862989227486e+02 2.677101716017972066e+01
2.520512491203377863e+02 1.883530679911221739e+02 2.553185865858279513e+01
2.519880162940507660e+02 1.876411072917230456e+02 2.561046527364261394e+01
2.520726844583987543e+02 1.849550844475721192e+02 2.574635007849293444e+01
2.521444107616521535e+02 1.843304606723326060e+02 2.042648189249174351e+01
2.521676094841119493e+02 1.818380907270069713e+02 2.070903751420992833e+01
2.521175039246467691e+02 1.803681454013966459e+02 1.762320684241866431e+01
2.520812604882801793e+02 1.793328357602988206e+02 1.755376360093108801e+01
2.521890475288258529e+02 1.803546595030585138e+02 1.721265766253451091e+01
2.521145739728252124e+02 1.790494830292859945e+02 1.842323390894819468e+01
2.521177881232068501e+02 1.808279164185568106e+02 1.615450657716667493e+01
2.522199994586694061e+02 1.813119634060520866e+02 1.831061684620797791e+01
2.521861947166134428e+02 1.840454081632653072e+02 1.886676094841119422e+01
2.520925539977264123e+02 1.855723488334325850e+02 2.306411248849672546e+01
2.520207965679640552e+02 1.858997821144373006e+02 2.332114843284794148e+01
2.520768134574784938e+02 1.853418895144264695e+02 2.087299437016185877e+01
2.521678097764304596e+02 1.838977237048665643e+02 1.961772316353597034e+01
2.521902560493693386e+02 1.829128187083852026e+02 1.975007307962972902e+01
2.521713812050018930e+02 1.830833825041952991e+02 1.894877523953878651e+01
2.521780341579602691e+02 1.834915268229307515e+02 2.205770178097764145e+01
2.521557178043631211e+02 1.841249404536350482e+02 2.123087343690792039e+01
2.521553713527851528e+02 1.843668475613056899e+02 2.216438450711849839e+01
2.521014886591241293e+02 1.844398933578736433e+02 2.403714339847344661e+01
2.521069371515184230e+02 1.843273723813132676e+02 2.192727223515400681e+01
2.520877862285497883e+02 1.834079156065609197e+02 2.193204271098359825e+01
2.520755047907757387e+02 1.839339887944567806e+02 2.258754533643696050e+01
2.521459752070589388e+02 1.833202565906999268e+02 2.104013154333351210e+01
2.521937110918638041e+02 1.831382734260812981e+02 2.032349510095815504e+01
2.521675891842147905e+02 1.819578398202782523e+02 1.954331050722676366e+01
2.521811413955502701e+02 1.816878782547501885e+02 1.794186244789693063e+01
2.522095314783738331e+02 1.821049937746982152e+02 1.878417149353110105e+01
2.521286066150598231e+02 1.824899610241974699e+02 2.228298327288474923e+01
2.521744979158772253e+02 1.830101553618794981e+02 2.035601688951442512e+01
2.521164456233421731e+02 1.840518161641314236e+02 1.889712282791100506e+01
2.521186772587018936e+02 1.835104219671953558e+02 1.953272343420126589e+01
2.521079088399285411e+02 1.839565947599198807e+02 2.091407594868185882e+01
2.521085800898608795e+02 1.834760704812428855e+02 2.222955123694039870e+01
2.521751786390948951e+02 1.842033954961294739e+02 2.039962783521896839e+01
2.521245222757538045e+02 1.840775361338169205e+02 2.180445921073999926e+01
2.520726560385427319e+02 1.842489863584691250e+02 2.110950711849726602e+01
2.521660436853786678e+02 1.824808815568667910e+02 2.040372300113679316e+01
2.521541492989768756e+02 1.820756265901586062e+02 1.721064797271693791e+01
2.521465882639527933e+02 1.821525699669788310e+02 1.951187543983110473e+01
2.520997239213988053e+02 1.826703932766740763e+02 1.860637552103069225e+01
2.521537608942781219e+02 1.825742746170085979e+02 1.837808017106046776e+01
2.521274928273696787e+02 1.821176460239268238e+02 1.932772018621772148e+01
2.521480024901207173e+02 1.815277553727061104e+02 1.961714799978346946e+01
2.521634764250527780e+02 1.822586450495317365e+02 1.955930817950522282e+01
2.521611473501867522e+02 1.827710090402208607e+02 2.066582038651004183e+01
2.521960049802414403e+02 1.825408420397336613e+02 2.273110350240892075e+01
2.521329156065609141e+02 1.828553212797055210e+02 1.983165295295837183e+01
2.521416350890488900e+02 1.839363544091376639e+02 1.911319899312510273e+01
2.521544416174957917e+02 1.826623802306068285e+02 2.040878308883235093e+01
2.521670776268067016e+02 1.820619674660315184e+02 1.762501082661181329e+01
2.522102338548151295e+02 1.833129026146267506e+02 1.658383586856493253e+01
2.521242678503762136e+02 1.831609538245006092e+02 2.055767336112163690e+01
2.521811346289178744e+02 1.842209982136090503e+02 1.885705895090131534e+01
2.520834379905808476e+02 1.842862339630812585e+02 2.011735235208141503e+01
2.520912899907973781e+02 1.838750094732853313e+02 2.186038001407459674e+01
2.521610823905159009e+02 1.842647932117143910e+02 2.106345612515563204e+01
2.521150895902127331e+02 1.843352108482650351e+02 2.056913874303036849e+01
2.521204663563038082e+02 1.849664388567098001e+02 1.960884128187083775e+01
2.521452159909056547e+02 1.837986994532560914e+02 2.234010853678341491e+01
2.521461240729713609e+02 1.828791073458561129e+02 2.301453201970443274e+01
2.520796107833053554e+02 1.838975802522600418e+02 1.936527364261354478e+01
2.522926284306826119e+02 1.824099239430520356e+02 2.084540004330644791e+01
2.522065582201050233e+02 1.814523317815189785e+02 1.770745141557949509e+01
2.521835652032696373e+02 1.818502909651924426e+02 1.654538109673577750e+01
2.522355735397607361e+02 1.827247117414605100e+02 1.832515021923888909e+01
2.522612732095490742e+02 1.830412737508796681e+02 2.036943647485519548e+01
2.521591525469604278e+02 1.838688234179613517e+02 1.936949466789368302e+01
2.520612285497753362e+02 1.835544781573106832e+02 2.196051399339576804e+01
2.522034496291885546e+02 1.843134182320142997e+02 1.855606966924700885e+01
2.521693864017755686e+02 1.837340090943539224e+02 2.132723434201266599e+01
2.520756983164618532e+02 1.843498497807611045e+02 2.176402452227575424e+01
2.521389311427488735e+02 1.848798611487035259e+02 2.194995263357332149e+01
2.520846478644508295e+02 1.847221079413197629e+02 2.272337736155470012e+01
2.521495615222216315e+02 1.855559032100904062e+02 2.180290153196557057e+01
2.521303456395820888e+02 1.853415687760515311e+02 1.957303090997672257e+01
2.521466220971147152e+02 1.840305581118389000e+02 1.966753911113517006e+01
2.521911763113733684e+02 1.834569452714772808e+02 2.019566394196936088e+01
2.520822294700373618e+02 1.841673198722459688e+02 2.039159584258106506e+01
2.521019623233908931e+02 1.849850430357819562e+02 2.026515996318951807e+01
2.521184038867536401e+02 1.841977304714989430e+02 2.107616386076977122e+01
2.521497564012342423e+02 1.847597737238131401e+02 1.870248200075786116e+01
2.521954961294862869e+02 1.838323796892762516e+02 1.900775050073079697e+01
2.521374451902777025e+02 1.837498470741081462e+02 2.033008038759270164e+01
2.521991149244843768e+02 1.841115668813944808e+02 2.160452146375791571e+01
2.521690453635034999e+02 1.842744018296973820e+02 2.120668678612028302e+01
2.521456409354192658e+02 1.839013573864559135e+02 2.056159665457694885e+01
2.521615966545769538e+02 1.836188802576733679e+02 2.097857278189790620e+01
2.521419395875061014e+02 1.829906566340063989e+02 1.743697558599036412e+01
2.521936501921723561e+02 1.811161424782114295e+02 1.851396091593136006e+01
2.521403453689167975e+02 1.809430628484815600e+02 1.810936772587018950e+01
2.521782696367671690e+02 1.806585949764521217e+02 1.914267715043576956e+01
2.521252814919071170e+02 1.818053293996643731e+02 2.114261083743842207e+01
2.522662629242678634e+02 1.839267755643371345e+02 1.997529502517187083e+01
2.520973596600443898e+02 1.845814391273750914e+02 2.048564797271693649e+01
2.521251610458506889e+02 1.841162480376765984e+02 2.131410707519081882e+01
2.521431832945379767e+02 1.841633668056081774e+02 1.958811644021003673e+01
2.521578966599902571e+02 1.833896998321875174e+02 2.049518621772316251e+01
2.521929491690575560e+02 1.826360444973745416e+02 2.102823851025821611e+01
2.521224029664916486e+02 1.833588697017268316e+02 1.906447788664537413e+01
2.522075921615330572e+02 1.811834569371515045e+02 2.046717777296595031e+01
2.520713419585340773e+02 1.801707519081903399e+02 1.668176798570887343e+01
2.521620594922319185e+02 1.798641882747793943e+02 1.730146429924755225e+01
2.521150138039300543e+02 1.798544145509662826e+02 1.765916743355166929e+01
2.521922643858604545e+02 1.802638039300600781e+02 1.770619552860932089e+01
2.521933321604503817e+02 1.810354422670925203e+02 1.778106290261462519e+01
2.521461822660098449e+02 1.821125602230281970e+02 1.829619038596871050e+01
2.521499039138201681e+02 1.819688613111026996e+02 2.042358171385264853e+01
2.522318951983976660e+02 1.828053591728468632e+02 2.095917284685757664e+01
2.521641341417203535e+02 1.833276998863205733e+02 2.088749526335733364e+01
2.522793874844367394e+02 1.839230918096681648e+02 1.875277567260325995e+01
2.521316867861202695e+02 1.832545634168786819e+02 2.073098846965842057e+01
2.522065406268608285e+02 1.827906525740269501e+02 1.923052698532994143e+01
2.521585232501488747e+02 1.816153710821198501e+02 1.811433172738591324e+01
2.520782182103610580e+02 1.803419084609971321e+02 1.603056758512423485e+01
2.521820224110864501e+02 1.806033102365614695e+02 1.770487738862123095e+01
2.521581145455529622e+02 1.811057895306663852e+02 1.706840253342716451e+01
2.521656485140475183e+02 1.806110661505981625e+02 1.808057299843014221e+01
2.521924200184052438e+02 1.801870297190494341e+02 1.712415958425810558e+01
2.521417447084934906e+02 1.802007524495209339e+02 1.690142234612677896e+01
2.521340727006983116e+02 1.800521937422183782e+02 1.622046094299788876e+01
2.521486615601147605e+02 1.796329480863963681e+02 1.559854382071130807e+01
2.520452214042115600e+02 1.793433944134683031e+02 1.691690575434417809e+01
2.520312388350565698e+02 1.790960861798300243e+02 1.596016212851188243e+01
2.520997415146430001e+02 1.792308571969902005e+02 1.457119173929518752e+01
2.521014061062090548e+02 1.795280585178368540e+02 1.540959373139176058e+01
2.520079183132138780e+02 1.783744424294916939e+02 1.429450684783197012e+01
2.520444459481405204e+02 1.765136442375358570e+02 1.358831131922264923e+01
2.520352785145888674e+02 1.761163793103448256e+02 1.308586991825908008e+01
2.520447504465977318e+02 1.766767796243165662e+02 1.455125859362312646e+01
2.520857251123260880e+02 1.782128051751204509e+02 1.350189601039354770e+01
2.521857481188762051e+02 1.807997469279488882e+02 1.878895279597249868e+01
2.522459264873058089e+02 1.812852108482650237e+02 2.083214150381638063e+01
2.521230214366913742e+02 1.826905226546852248e+02 1.767313782276836420e+01
2.522421019866832808e+02 1.832006117035673753e+02 2.137721810209495032e+01
2.521932266009852128e+02 1.837713893249607509e+02 2.052002246521950823e+01
2.521165281762572477e+02 1.837787378877280275e+02 2.050910382720727654e+01
2.521000392464678157e+02 1.842785294754506538e+02 1.953868483733015893e+01
2.520934647864450824e+02 1.844009838683483906e+02 2.185515211389595791e+01
2.521399880907270017e+02 1.837885427380501255e+02 2.184468413360038852e+01
2.522210185135062090e+02 1.823438301845937417e+02 1.951805743517566327e+01
2.521516415850159660e+02 1.817142762410003911e+02 1.958484680344286133e+01
2.521670952200508964e+02 1.829702823039029909e+02 1.929529448384128187e+01
2.521164253234450143e+02 1.833196354138472373e+02 2.034591972067341459e+01
2.522025699669788423e+02 1.844410693985817034e+02 2.093462891788015057e+01
2.521701943376820338e+02 1.848410734585611408e+02 2.034778054457857266e+01
2.520974286796947013e+02 1.844703783900828284e+02 2.054723380068207561e+01
2.522100322091701514e+02 1.843546432631407868e+02 2.022716802901532063e+01
2.520702998971471800e+02 1.838494762626536101e+02 2.199407649001244991e+01
2.520770272830617671e+02 1.840284239159854849e+02 2.288931548746819544e+01
2.521423834785903750e+02 1.843595707248416602e+02 1.969670329670329778e+01
2.521382044064310151e+02 1.848633519190169352e+02 2.120756780165647015e+01
2.522983286418015609e+02 1.839362637362637258e+02 2.083298868619065658e+01
2.522114640285822418e+02 1.823130338872949778e+02 1.997357630054674260e+01
2.521924876847290591e+02 1.815709968602825768e+02 2.030621582850647044e+01
2.521553943593352471e+02 1.826497645211931058e+02 2.125056027716126295e+01
2.521678030097980923e+02 1.836607887186704886e+02 1.865056027716126152e+01
2.521929193958750659e+02 1.837576002814919036e+02 2.071498403074757633e+01
2.521475504790775801e+02 1.840245033291831191e+02 2.318365993612298936e+01
2.521675147512585795e+02 1.844755778704054592e+02 2.135528338656417446e+01
2.521479970768148178e+02 1.849132828993666351e+02 2.093362068965517153e+01
2.520749012071672155e+02 1.851055161587181317e+02 2.025692903155957225e+01
2.521062198884858958e+02 1.856714326314080097e+02 1.941756482433822484e+01
2.521579940994965625e+02 1.848353962539923145e+02 2.240777756726032521e+01
2.520486196069939808e+02 1.850311968819357844e+02 2.188992583770908951e+01
2.520752232988686217e+02 1.845011489741785340e+02 2.025593162994640650e+01
2.521871379851675385e+02 1.833707113083960394e+02 1.784698208195745295e+01
2.521646605857197017e+02 1.822325488550858097e+02 1.832834542304985703e+01
2.521822849564228761e+02 1.827017999242137307e+02 1.931474584528771743e+01
2.521340916472689742e+02 1.836069303848860557e+02 2.093369106263195079e+01
2.521630203540302091e+02 1.851573512694202464e+02 1.889314946137606199e+01
2.520674376116494386e+02 1.853187665782493241e+02 2.244063092080333632e+01
2.520314107075190861e+02 1.853035375954095230e+02 2.072171547664158453e+01
2.521881069669246926e+02 1.840341525469604278e+02 2.178809072700698479e+01
2.522054295458236481e+02 1.841070643642072184e+02 1.937820197044334947e+01
2.521388634764250583e+02 1.829677407567801595e+02 2.034355139933957801e+01
2.521841566069398652e+02 1.823805932983272839e+02 1.946604503870513625e+01
2.521806338981215845e+02 1.829218887024305786e+02 1.900499918800411336e+01
2.522244045363503631e+02 1.827021964488713195e+02 1.948253532182103598e+01
2.521295241704108605e+02 1.808971268878904368e+02 1.633655064147675162e+01
2.521249296270232207e+02 1.795959711470795241e+02 1.654024116277810919e+01
2.522014967790829871e+02 1.800985140475288233e+02 1.655432793807177916e+01
2.522125209765603984e+02 1.810570332376982492e+02 1.809468819357982028e+01
2.521631326801277453e+02 1.815709021274292070e+02 1.954818654252151688e+01
2.522082268716505098e+02 1.827885413847236578e+02 1.718007497428679642e+01
2.521990702647106559e+02 1.828180384886049978e+02 1.968275456071022589e+01
2.521724530395712520e+02 1.834001177394034414e+02 1.881310155361879666e+01
2.521880081740919195e+02 1.825447490932712640e+02 2.103037405943809901e+01
2.521427285768418756e+02 1.833561427488767492e+02 2.087142180479618858e+01
2.521876901423699451e+02 1.836927136902506277e+02 1.905006766632382309e+01
2.521576652411627890e+02 1.842043522979483612e+02 1.944432414875764792e+01
2.520754479510637225e+02 1.837853028744654296e+02 2.103285876684891420e+01
2.521761232609754870e+02 1.827828898933578614e+02 1.937440724300330075e+01
2.521559424565582219e+02 1.809387322037568424e+02 1.737188599577762105e+01
2.521151816164131390e+02 1.801962945921073924e+02 1.698195474476262490e+01
2.522342770529962763e+02 1.821397932117143910e+02 1.768070968440426682e+01
2.521597060574893021e+02 1.826755102040816325e+02 1.915907811400422389e+01
2.521560493693498586e+02 1.831750284198560053e+02 1.721442916689222002e+01
2.521841511936339657e+02 1.829687395117198037e+02 1.952170059005034375e+01
2.521154225085259668e+02 1.827523493747631562e+02 1.988314025875602198e+01
2.521281478373842901e+02 1.826396456991284651e+02 1.893202647106587833e+01
2.522081510853678310e+02 1.825404982948086285e+02 1.931975721323011896e+01
2.522244776159800779e+02 1.824735194608347228e+02 1.923730715097710231e+01
2.521592594597520645e+02 1.828754154712282798e+02 1.984414009635684550e+01
2.521251096194446006e+02 1.825066529529583761e+02 2.138793915444161797e+01
2.521328898933578841e+02 1.831730133167325221e+02 1.882993152168029027e+01
2.521779962648189155e+02 1.800565866399610115e+02 1.894612001299193338e+01
2.520433741135711614e+02 1.794642315812266418e+02 1.571267254912575062e+01
2.520662642775943141e+02 1.795195839874411377e+02 1.568563037947274452e+01
2.521704474097331286e+02 1.793946394738266576e+02 1.543119282195636899e+01
2.521024319276782251e+02 1.795263506198235177e+02 1.785204216965300716e+01
2.520586179830022218e+02 1.797644169869539326e+02 1.598245953553835363e+01
2.521526038001407528e+02 1.796401207167216967e+02 1.672008877821685857e+01
2.521249986466735322e+02 1.802232718020895277e+02 1.500353624208304026e+01
2.520485126942023442e+02 1.797767160179721770e+02 1.623747767011313670e+01
2.520958642342878875e+02 1.799113814756671843e+02 1.602975152925891678e+01
2.521832850646890165e+02 1.804336044497374587e+02 1.691418421479997747e+01
2.521247970010285258e+02 1.801820589509013075e+02 1.686859199913386931e+01
2.521054823255562098e+02 1.796397133654522804e+02 1.789240377848752317e+01
2.520937692849022937e+02 1.800833919774806589e+02 1.661934850863422142e+01
2.520307665241162738e+02 1.782776213933849476e+02 1.371151680831483866e+01
2.520371596383911594e+02 1.787066840794673226e+02 1.249004899041844929e+01
2.520414185568126584e+02 1.785759987549396328e+02 1.392645211930926230e+01
2.520399556108915817e+02 1.787593866724408542e+02 1.685399095977913575e+01
2.521328249336870044e+02 1.800967614897417945e+02 1.677604747469279545e+01
2.520936867319872192e+02 1.797097182374276088e+02 1.705894142803009927e+01
2.520856723325935036e+02 1.797714948844259197e+02 1.558209278406322795e+01
2.520631759865750041e+02 1.793854612136631772e+02 1.575080522925350479e+01
2.520460888864829769e+02 1.777884507118497197e+02 1.762466708168678764e+01
2.520340727006983172e+02 1.793579101932550088e+02 1.418251637525036557e+01
2.521181237481730193e+02 1.795107589454880213e+02 1.605498024143344438e+01
2.520634128187083718e+02 1.796197680398419436e+02 1.611935392194012806e+01
2.521116007145563742e+02 1.798056947978130324e+02 1.430650544037243499e+01
2.520427353434742486e+02 1.784791046392031717e+02 1.456467276565798663e+01
2.519910991717642048e+02 1.759722947003735101e+02 1.308178287230011350e+01
2.520482569154982855e+02 1.751227886645374383e+02 1.314621339251881160e+01
2.520451605045201120e+02 1.755617360472040218e+02 1.434711876793157614e+01
2.520183010339414409e+02 1.774098806366047825e+02 1.471952173442321232e+01
2.520906999404536464e+02 1.794198154062686115e+02 1.589723921398798190e+01
2.520879770475829673e+02 1.826922237860661369e+02 2.092728306176582009e+01
2.521666039625399094e+02 1.834136591241270935e+02 1.874794565040870609e+01
2.521750487197531641e+02 1.828592878796080754e+02 2.016253586315162494e+01
2.521688410112055294e+02 1.824860580306392990e+02 1.933505927569967042e+01
2.521934891463216672e+02 1.834098819899312502e+02 1.942838737617062606e+01
2.521313376278893656e+02 1.839958209278406400e+02 2.095655822010501979e+01
2.521335990364315478e+02 1.856487833594976564e+02 2.085405321279705504e+01
2.521746887349104043e+02 1.848875209765603813e+02 2.143309559898229821e+01
2.521388364098955321e+02 1.823681088615817600e+02 1.971301223407134628e+01
2.520337357224056802e+02 1.786383370324257100e+02 1.502002787852541488e+01
2.520922210794132070e+02 1.758264304660856396e+02 1.235530774644075080e+01
2.520315365668813854e+02 1.739270881827532094e+02 1.144169463541384779e+01
2.521128566015265449e+02 1.710648459914469868e+02 1.134107481188761923e+01
2.520843947923997064e+02 1.693360593839657895e+02 1.004711064797271725e+01
2.521173103989606545e+02 1.692132152330428312e+02 6.660899691441563242e+00
2.520959670871000924e+02 1.747280652844692383e+02 1.321693146754723180e+01
2.520543062848481668e+02 1.777449683321604539e+02 1.811062902614626680e+01
2.521003532182103584e+02 1.824896957722080799e+02 2.041438180046554507e+01
2.522511557408109013e+02 1.820460658799328826e+02 2.172041763655064273e+01
2.522118524332809955e+02 1.811265333188978559e+02 2.226164402100362594e+01
2.520776038001407358e+02 1.808843108861581754e+02 2.036722919937205489e+01
2.521706382287663075e+02 1.811002381854598582e+02 1.852603800140746060e+01
2.521064607805987237e+02 1.792329264331727359e+02 1.747506901965029869e+01
2.520250717263032527e+02 1.764367468738158493e+02 1.596614383153792005e+01
2.520467980295566406e+02 1.756989389920424287e+02 1.475165647160721072e+01
2.520111852433281001e+02 1.752077653873220413e+02 1.507232447355599980e+01
2.520926365506414868e+02 1.760985735938938035e+02 1.709871704650029756e+01
2.521022641151951404e+02 1.790473799599415372e+02 1.882989498186542576e+01
2.521111852433280944e+02 1.794952214042115486e+02 1.780042494451361534e+01
2.521819818112921610e+02 1.814929762355870650e+02 1.877793265847452986e+01
2.522092391598549170e+02 1.811739389920424514e+02 2.031068721918475717e+01
2.521993544632707085e+02 1.816458304011259770e+02 2.188968088561684766e+01
2.521918380880203472e+02 1.826860485573539847e+02 1.990096762843068134e+01
2.521718968223894421e+02 1.824377469820819613e+02 2.332188328912466702e+01
2.520588683484003809e+02 1.856936109457045347e+02 2.401595707248416645e+01
2.521087573756292954e+02 1.868465990905646095e+02 2.533200752449521076e+01
2.520076056947978032e+02 1.846907297136361308e+02 2.383964163914902912e+01
2.520986899799707714e+02 1.827377713419585348e+02 2.346720077951605177e+01
2.521926487305797764e+02 1.810745655822010463e+02 2.109008823688626677e+01
2.521092865262816076e+02 1.805355789530666470e+02 2.268231472960536976e+01
2.521644061603421108e+02 1.803819141449683343e+02 2.124829210198668150e+01
2.522048679153358819e+02 1.810831483787148670e+02 2.064904996481351063e+01
2.521564120608455539e+02 1.808798909218859876e+02 2.228824365289882437e+01
2.521428612028365706e+02 1.809473867265739102e+02 2.129852352081416100e+01
2.522092202132842544e+02 1.803519555567585257e+02 2.229656119742326581e+01
2.522041533589563187e+02 1.813453039571266174e+02 2.099404536350349204e+01
2.520915078763600832e+02 1.810436298922752201e+02 2.103795674768581137e+01
2.522008201158447491e+02 1.831084285172955219e+02 2.163004655443079116e+01
2.521528487522329840e+02 1.842935811725220674e+02 2.696382693661018948e+01
2.520383532723434143e+02 1.854421588263952856e+02 2.385597899637308572e+01
2.521101242353705345e+02 1.828530409245926478e+02 2.428653981486493763e+01
2.521041357657121296e+02 1.791864288420938749e+02 2.299235911871380011e+01
2.520194648947112057e+02 1.787755156173875264e+02 2.029644616467276563e+01
2.520661505981703101e+02 1.781313633410923956e+02 2.117864586152763451e+01
2.520739213987982339e+02 1.781512680669084716e+02 1.986121501651058452e+01
2.521516131651599721e+02 1.803020651762031150e+02 2.050090131543333527e+01
2.520681602879878653e+02 1.813965977372381246e+02 2.165990905646077991e+01
2.520931481080495757e+02 1.825533792562117696e+02 2.384989850051426430e+01
2.521793144048070019e+02 1.820011273209549074e+02 2.471501515725653775e+01
2.521058071239105800e+02 1.823040653927353389e+02 2.226241812374817286e+01
2.521668868077734942e+02 1.831452444107616486e+02 2.230045471769609833e+01
2.521482596221512438e+02 1.816525226005521461e+02 2.127625453364369790e+01
2.521652722892870599e+02 1.811474570995507065e+02 2.093047555892383471e+01
2.522042169653007022e+02 1.808708818275320880e+02 2.169032371569317519e+01
2.521266226384452978e+02 1.816189384507118518e+02 2.168542467384832051e+01
2.521614572619498631e+02 1.790790992258972665e+02 2.015174849780760979e+01
2.520318315920532655e+02 1.783691698695393200e+02 1.740697098468034554e+01
2.521167677150435793e+02 1.785921520597628955e+02 2.061422210794131971e+01
2.521325867482271406e+02 1.787947856330861214e+02 2.196356168462079950e+01
2.521575272018621661e+02 1.802557002111189206e+02 2.110493422833324217e+01
2.521157121203919189e+02 1.830582742380771890e+02 2.492903426622638463e+01
2.521750581930384953e+02 1.836308774968873365e+02 2.522859037514210101e+01
2.520560155361879424e+02 1.836134182320142827e+02 2.559349455962756537e+01
2.521604314404806928e+02 1.840994586694094153e+02 2.689401288366805431e+01
2.520772573485627674e+02 1.854586707627348119e+02 2.494491555242786873e+01
2.520917866616142362e+02 1.853178124830834292e+02 2.628190061170356628e+01
2.521014534726357397e+02 1.853825826882477088e+02 2.739779407784333998e+01
2.519747388079900361e+02 1.861100416824554884e+02 2.855426568505386342e+01
2.520661154116819205e+02 1.866776092134466580e+02 2.697587154225085371e+01
2.520645130731337531e+02 1.849969902019163044e+02 2.824619173929518823e+01
2.521884818383586833e+02 1.831918083148378855e+02 2.500144129269745008e+01
2.520937949981053521e+02 1.798415552427867681e+02 2.318088561684620785e+01
2.522013925729442860e+02 1.809101810750825621e+02 2.137345179451090615e+01
2.521800343744924930e+02 1.817393209007740893e+02 2.274002192388891785e+01
2.522073485627672937e+02 1.822598657500135459e+02 2.267082769447301516e+01
2.521131245601688988e+02 1.824051507605694837e+02 2.465065230336166380e+01
2.521846830509392134e+02 1.832803469929085622e+02 2.347363449358523368e+01
2.521230417365885330e+02 1.830612136631841054e+02 2.443368970930547235e+01
2.521341890867752795e+02 1.834189479239971945e+02 2.358544497374546722e+01
2.520817070860174169e+02 1.832252029989714686e+02 2.351599225897255607e+01
2.521396429924755012e+02 1.831830712391057148e+02 2.443761841606669094e+01
2.521594489254587756e+02 1.830993950630650033e+02 2.342855924863313888e+01
2.521366142478211430e+02 1.837129987008065939e+02 2.351542115519947984e+01
2.522140610620906216e+02 1.826623612840361659e+02 2.236743896497591066e+01
2.520737576462945810e+02 1.795356371461051310e+02 1.844508877821685644e+01
2.520991568776051395e+02 1.787348305635251506e+02 1.863969441888161072e+01
2.520400205705624330e+02 1.788356439127375097e+02 1.919267309045634207e+01
2.521398486980999394e+02 1.786366710875331592e+02 1.992545471769609833e+01
2.521566543062848496e+02 1.799476384452985371e+02 2.112105911330049324e+01
2.521540667460618295e+02 1.804038042007253750e+02 2.186063579277864832e+01
2.520981851891950498e+02 1.801654035619552872e+02 2.458406322741297956e+01
2.521677827099009335e+02 1.812300032479835465e+02 2.268551399339576591e+01
2.522123599307096811e+02 1.819195623342175168e+02 2.282416905754344327e+01
2.522365763546798121e+02 1.828960496400151499e+02 2.317875954095165980e+01
2.521374005305039816e+02 1.823611135170248474e+02 2.517826557678774435e+01
2.522236114870351287e+02 1.831090578141070750e+02 2.454031424240783821e+01
2.521131232068424310e+02 1.837416310290694526e+02 2.520017593244194387e+01
2.521761814540139710e+02 1.832641422616792113e+02 2.107876766091051834e+01
2.520765387322037441e+02 1.796919585340767469e+02 1.948598224435662729e+01
2.520896849455962752e+02 1.790600281491907140e+02 2.101957451415579570e+01
2.521588128620148268e+02 1.802277215395442056e+02 2.013652898825312576e+01
2.521909733124018942e+02 1.806055892383478465e+02 2.272998159475991997e+01
2.521448208195745053e+02 1.817825759216153187e+02 2.180104070806041250e+01
2.520829359064580615e+02 1.827825569750446562e+02 2.237907351269420175e+01
2.521484775077139489e+02 1.831255954636496597e+02 2.323060953824500530e+01
2.521932875006766608e+02 1.837663806636712991e+02 2.325712120391923321e+01
2.521302116602609260e+02 1.836741298110756304e+02 2.584784009094353863e+01
2.520867414605099270e+02 1.844744979158772367e+02 2.563070968440426611e+01
2.520818139988090820e+02 1.849247063281545991e+02 2.551828885400313851e+01
2.520582065717533737e+02 1.848690548367888198e+02 2.738292913982569132e+01
2.520763898662913505e+02 1.853298638553564786e+02 2.670920126671358119e+01
2.520785348887565647e+02 1.854089793211714436e+02 2.631679884155253646e+01
2.521049531749039261e+02 1.822873003843447179e+02 2.621592323932225455e+01
2.520779177718832784e+02 1.833263262599469385e+02 2.307454257565094835e+01
2.521528352189682209e+02 1.841073878092350924e+02 2.423190467168299733e+01
2.521364897417853115e+02 1.843833730309099792e+02 2.561979375304498419e+01
2.520931684079467345e+02 1.853942470091485006e+02 2.498821117306339090e+01
2.520114735018675844e+02 1.852542467384832037e+02 2.497312564283007674e+01
2.520832160450387107e+02 1.850936799653548519e+02 2.641867049206950568e+01
2.520838778216856895e+02 1.855510731878958381e+02 2.492323526227466957e+01
2.520273710279867885e+02 1.858980606831592013e+02 2.623997049748281185e+01
2.520125318031722088e+02 1.860362258431223950e+02 2.556610458507010364e+01
2.520152330428192613e+02 1.872904130352406185e+02 2.553531099442429664e+01
2.520538583337844329e+02 1.865291357657121125e+02 2.785143317273859154e+01
2.520538136740107120e+02 1.874993125101499345e+02 2.524087857954852865e+01
2.520391395550262530e+02 1.881208371677583386e+02 2.863394819466248009e+01
2.519962242191306245e+02 1.859259676284306693e+02 2.851035294754506566e+01
2.521133153792020778e+02 1.830169639473826635e+02 2.681404617549937797e+01
2.521830482325556204e+02 1.831662493910030776e+02 2.484823390894819539e+01
2.521067639257294388e+02 1.835671818329453799e+02 2.551400422237860610e+01
2.520310913224706439e+02 1.837418367346938908e+02 2.618490228982839696e+01
2.520440643100741624e+02 1.844179112759161967e+02 2.409599821360905025e+01
2.521038475071726168e+02 1.846366359010447695e+02 2.417352216748768612e+01
2.521456111622367757e+02 1.841434783197098568e+02 2.356305554051859374e+01
2.520739024522275713e+02 1.845192713690250628e+02 2.363699453256103666e+01
2.521573932225410033e+02 1.840637484436745410e+02 2.464904590483408242e+01
2.521299450549450683e+02 1.844005643371406791e+02 2.344387078438802519e+01
2.521125696963135283e+02 1.834994288962269309e+02 2.402044876305960130e+01
2.521108090185676360e+02 1.833041398256915500e+02 2.589689411573647959e+01
2.522137010772478618e+02 1.833953445569209180e+02 2.435316678395496126e+01
2.521498741406376780e+02 1.833035010555946656e+02 2.475956125155632392e+01
2.521719671953662214e+02 1.822778379256211849e+02 2.187796243165701426e+01
2.521506780165647115e+02 1.805440629567476947e+02 2.001835246034753268e+01
2.522502720186217857e+02 1.804692943755751742e+02 1.977429085692632427e+01
2.521673753586315172e+02 1.812569425648243282e+02 2.031591511936339600e+01
2.521745804687922998e+02 1.820242150706436348e+02 2.321714258647756068e+01
2.521257348562767220e+02 1.825868226600985338e+02 2.256588128620148481e+01
2.521765265522654715e+02 1.825793874844367508e+02 2.576416256157635587e+01
2.521398175715909815e+02 1.831785957884480069e+02 2.387776213933849334e+01
2.522085597899637435e+02 1.836172319060250118e+02 2.464062280084447565e+01
2.521551534672224193e+02 1.838317733990147644e+02 2.294894711200129933e+01
2.521112150165105845e+02 1.840818302387267806e+02 2.361114329020733038e+01
2.520981337627889332e+02 1.836726506252368267e+02 2.692795837167758322e+01
2.520890705353759529e+02 1.842140502354787941e+02 2.470824987820061835e+01
2.520847547772424662e+02 1.846813065013803907e+02 2.391577572673631735e+01
2.521010231148162291e+02 1.839428842093866763e+02 2.577013479131705864e+01
2.521850295025171818e+02 1.829357413522438094e+02 2.144303578195203741e+01
2.521253640448221631e+02 1.808456747685811763e+02 2.254820278243923681e+01
2.521744640827153034e+02 1.814685960591133096e+02 2.246613841823201341e+01
2.521948140529421210e+02 1.820715706707086099e+02 2.278360986304335967e+01
2.521042494451361335e+02 1.827088642884209264e+02 2.550829589130081843e+01
2.521276335733232372e+02 1.836137484436745524e+02 2.481077383207924925e+01
2.521637958101012202e+02 1.831887308504303462e+02 2.715014751258593506e+01
2.521360823905158952e+02 1.840358496183619366e+02 2.387566718995290316e+01
2.520644021003626847e+02 1.845643046608563793e+02 2.381549017484978137e+01
2.521003491582309266e+02 1.847176392572944224e+02 2.528251231527093523e+01
2.521577099009365099e+02 1.850081294321442158e+02 2.446905348346234987e+01
2.521025050073079683e+02 1.856640136956639537e+02 2.491990878579548507e+01
2.520959616737941928e+02 1.853794943972283988e+02 2.619990256049369393e+01
2.520720808747902311e+02 1.855735370540789120e+02 2.681716559302766356e+01
2.520405483678882774e+02 1.860254858442050647e+02 2.589343095328316835e+01
2.520482582688247817e+02 1.847518012775401814e+02 2.590403697287933582e+01
2.521161424782114295e+02 1.825849401829697456e+02 2.256192551291073300e+01
2.521093514859524589e+02 1.826463568451253252e+02 2.386270232230823396e+01
2.521410477453580938e+02 1.833953174903913919e+02 2.544273534347426136e+01
2.521179248091809768e+02 1.847707938613110912e+02 2.393210225734856422e+01
2.521337709088940642e+02 1.854556135982244314e+02 2.540050614410220220e+01
2.519844340388675334e+02 1.848635143181941203e+02 2.468987711795593398e+01
2.520670519136036489e+02 1.850932306609646503e+02 2.462496346018513549e+01
2.520727656579873326e+02 1.849855762464136717e+02 2.635260109348779167e+01
2.520486169003410453e+02 1.860474949926920374e+02 2.688550452011043035e+01
2.520022668218481101e+02 1.859806623179775897e+02 2.662104016672982354e+01
2.520812483083419124e+02 1.870375899962106985e+02 2.825176744437828091e+01
2.520781518973637105e+02 1.874477385914578065e+02 3.033433253938180130e+01
2.520737589996210772e+02 1.884449466789368159e+02 2.824201266713582115e+01
2.520958831808585501e+02 1.880148947112001281e+02 2.956002814919071042e+01
2.520596762843068177e+02 1.861757808693769221e+02 2.803365452281708414e+01
2.521563498078276382e+02 1.821751691658095638e+02 2.240968711091863952e+01
2.521477074649488372e+02 1.789006739565852797e+02 1.812471444811346188e+01
2.521558869701726735e+02 1.792323512694202350e+02 1.822346262112272086e+01
2.521250974395063054e+02 1.794016727115249239e+02 2.023578736534401656e+01
2.520969198289395194e+02 1.787001082661181215e+02 1.815999837600822886e+01
2.520693579819195520e+02 1.765195772208087419e+02 1.435042223786066096e+01
2.520538420938667343e+02 1.741126603691874664e+02 1.459393845071184970e+01
2.520017755643371515e+02 1.742212891788014986e+02 1.199399935040329090e+01
2.520334190440101736e+02 1.737929654089752489e+02 1.258818275320738422e+01
2.520840145076598162e+02 1.761369606993991113e+02 1.473004114112488416e+01
2.521521572024035152e+02 1.797531532506901897e+02 1.659595220050885089e+01
2.521545864234287819e+02 1.794913184106533777e+02 1.789102067882856062e+01
2.520746210685865947e+02 1.793290992258972665e+02 1.978963893249607509e+01
2.521069926379039714e+02 1.792385440913766104e+02 1.687849564228874399e+01
2.520310493693498586e+02 1.768276389866291254e+02 1.695682076544145644e+01
2.520972365073350261e+02 1.769757673361121704e+02 1.679220213284252594e+01
2.520016253450982617e+02 1.778992123639906993e+02 1.614273805012721397e+01
2.520064946137606228e+02 1.778089684945596218e+02 1.767138661830779967e+01
2.521961051264006812e+02 1.817333405510745479e+02 2.213989335787365320e+01
2.521450184052400800e+02 1.830682902073296248e+02 1.924445406809938675e+01
2.521976885183781860e+02 1.826919368808531488e+02 2.360767877442754425e+01
2.521737332864180132e+02 1.832066380663671339e+02 2.479233340551074605e+01
2.521930723217668913e+02 1.825517539111135079e+02 2.661541980187300283e+01
2.522080211660261000e+02 1.837323160829318454e+02 2.451102013749796882e+01
2.520631638066367088e+02 1.835061603421209213e+02 2.572378065284469173e+01
2.521467709630271088e+02 1.838403345423049871e+02 2.280027878525415375e+01
2.522211159530125144e+02 1.837220145617928893e+02 2.450889812158284897e+01
2.521962634655984345e+02 1.826754655443079116e+02 2.234069858712715728e+01
2.520987860661506090e+02 1.804380190007037186e+02 2.186171168732744974e+01
2.521067828723001014e+02 1.778814134141720444e+02 1.994939370973853698e+01
2.521176676771504219e+02 1.782266469983218826e+02 2.053116710875331563e+01
2.521940521301358729e+02 1.794719198289395194e+02 2.197448032263303119e+01
2.521884168786878035e+02 1.804162818708385316e+02 2.265515482054890839e+01
2.522300479077572675e+02 1.814379540410328673e+02 2.240733367617604088e+01
2.521719617820602934e+02 1.814974016131651524e+02 2.187012396470524678e+01
2.522222229740702630e+02 1.817814770205164336e+02 2.359300465544307812e+01
2.520845977913711806e+02 1.819052414334433934e+02 2.096843365993612451e+01
2.521433971201212501e+02 1.823492218372760192e+02 2.287468061495155069e+01
2.521618619065663438e+02 1.833368564932604272e+02 2.244653819087316649e+01
2.521283779028852905e+02 1.837351269420234985e+02 2.317394034536891567e+01
2.522289097601905610e+02 1.834837790288529220e+02 2.327070860174308464e+01
2.521830590591674195e+02 1.842150002706652856e+02 2.094620797921290389e+01
2.521477832512315160e+02 1.814303632328262950e+02 2.083394954798895782e+01
2.521169747739944853e+02 1.808348007903426549e+02 2.128087614356087087e+01
2.521978847507172645e+02 1.822202444107616657e+02 1.959193282087370847e+01
2.522115953012504690e+02 1.824861717100633314e+02 2.271538190873166130e+01
2.520891612082498909e+02 1.841746156552806895e+02 2.384804985654739440e+01
2.520966694635413887e+02 1.843279854382071221e+02 2.577880555405186058e+01
2.520724476262653582e+02 1.846863300492610733e+02 2.402723028203323707e+01
2.521232406755805755e+02 1.835619458128078918e+02 2.706099036431548654e+01
2.521817761056677227e+02 1.842727061116223695e+02 2.445493152168029027e+01
2.521104463270719407e+02 1.841876590158609872e+02 2.543366128944946780e+01
2.520469008823688739e+02 1.851203567368592076e+02 2.531659448925458733e+01
2.520150151572565278e+02 1.856092608130785493e+02 2.594114247821144303e+01
2.521088913549504582e+02 1.859085800898608909e+02 2.572166405023547853e+01
2.519678341363070331e+02 1.860922752124722592e+02 2.675520760028149070e+01
2.521151762031072394e+02 1.840134222919937201e+02 2.746033941428030190e+01
2.521529800249012112e+02 1.817902371027986703e+02 2.206049640015157109e+01
2.521410463920316261e+02 1.827170221404211645e+02 2.158436095923780584e+01
2.520935784658691148e+02 1.832858726249120309e+02 2.457015238456125061e+01
2.520844299788880960e+02 1.840968562225951359e+02 2.704013019000703721e+01
2.520526728197910415e+02 1.848879608076652517e+02 2.338637741568776107e+01
2.520474083797975311e+02 1.851699114924484491e+02 2.484298841552536175e+01
2.521185622259513934e+02 1.846339170681535222e+02 2.482038651004168273e+01
2.520488632057597442e+02 1.854846235045742446e+02 2.365142369945325740e+01
2.520527486060737203e+02 1.843811359822443592e+02 2.671782195636875556e+01
2.520644941265630905e+02 1.846416391490283218e+02 2.435967628430682552e+01
2.521032195636875315e+02 1.843401518432306716e+02 2.467675932441942166e+01
2.520876969090023181e+02 1.838970511016077580e+02 2.431407865533481427e+01
2.521041425323444969e+02 1.844573079629729762e+02 2.407026741731175079e+01
2.520886902506360627e+02 1.840825623883505671e+02 2.825002300655010146e+01
2.521647106587993221e+02 1.838486439668705543e+02 2.454860336707627511e+01
2.521513249066204594e+02 1.819801128674281472e+02 2.201690710767065440e+01
2.522069682780274036e+02 1.811862718562225893e+02 2.380080658257998039e+01
2.521496237752395473e+02 1.820090618740865125e+02 2.391068315920532683e+01
2.521680384886049922e+02 1.828128823147295918e+02 2.621567558057705938e+01
2.521149082444648855e+02 1.847313619877659221e+02 2.521181995344556981e+01
2.521603962539923032e+02 1.848247469279488939e+02 2.671180642018080320e+01
2.521061995885887370e+02 1.850990053050397819e+02 2.662759568018188716e+01
2.520365005683971162e+02 1.863759013154333388e+02 2.611498538407405334e+01
2.519954853028744708e+02 1.864619796459697909e+02 2.821344935852324909e+01
2.520845910247388133e+02 1.874992475504790832e+02 2.913479131705732783e+01
2.520342594597520645e+02 1.879707207816813650e+02 2.749079873328641810e+01
2.520135143181941260e+02 1.880525550803876058e+02 2.879610512640069331e+01
2.520722392139879844e+02 1.883822105234666822e+02 3.093870107724787388e+01
2.519774995940020688e+02 1.865429058626102972e+02 2.636511936339522677e+01
2.520221133546256738e+02 1.865089211281329540e+02 2.733355708331077949e+01
2.520750608996914366e+02 1.849674524982406751e+02 2.768415796026633302e+01
2.520781045309370541e+02 1.840958601743084557e+02 2.568199669788339889e+01
2.520193214421046832e+02 1.849492421371731723e+02 2.568717858496183482e+01
2.521387822768364515e+02 1.835495682888540045e+02 2.124003004384777782e+01
2.522295011638607605e+02 1.834733029285984856e+02 2.355731202295241644e+01
2.521728089644345800e+02 1.832118551399339594e+02 2.388578465869106182e+01
2.521415484761543837e+02 1.831817043793644757e+02 2.428963216586369356e+01
2.521071672170194233e+02 1.829188193579819313e+02 2.532828723001136950e+01
2.521694554214258517e+02 1.833871109186380011e+02 2.227454392897742608e+01
2.521202782439235648e+02 1.831750338331619048e+02 2.311657012937801170e+01
2.520938464245114403e+02 1.839446746603150586e+02 2.211452795972500240e+01
2.521320643642072241e+02 1.833629012613002658e+02 2.512446137606236007e+01
2.521073133762788814e+02 1.835224814594272686e+02 2.251275645536729186e+01
2.521305973583067157e+02 1.836035430087154339e+02 2.491037460076869081e+01
2.520599658961727982e+02 1.822094543387646866e+02 2.245874790234396201e+01
2.521294510907811457e+02 1.803606790992259050e+02 2.123005332106317411e+01
2.522387146105126305e+02 1.810234951009581437e+02 1.980923915985492201e+01
2.522564919071076588e+02 1.812011895739728118e+02 2.326382693661018664e+01
2.522676933903534859e+02 1.822615384615384642e+02 2.207754290044930556e+01
2.521677055702917869e+02 1.820932509608618091e+02 2.536003762247604598e+01
2.521038542738050126e+02 1.843808558436637384e+02 2.418225788989335712e+01
2.520237224598062085e+02 1.865162534509825036e+02 2.820276349266497107e+01
2.521943823417961426e+02 1.896450590050343692e+02 3.207476452119309585e+01
2.521657879066746091e+02 1.906607805987116251e+02 3.142511503275050089e+01
2.521590835273101163e+02 1.910412656309208046e+02 3.002953229036972971e+01
2.519983516483516439e+02 1.874053672928057210e+02 2.821695718075028481e+01
2.520381638066367032e+02 1.876406782872300028e+02 2.505946516537649416e+01
2.521013370865587717e+02 1.816937016185784728e+02 1.879842202132842388e+01
2.521641192551290942e+02 1.806768784171493394e+02 1.727322172900990793e+01
2.519895888594164433e+02 1.771488659124127025e+02 1.605789530666378084e+01
2.519708831808585501e+02 1.764757619228062708e+02 1.319450278785254227e+01
2.520487752395387986e+02 1.770749133871055108e+02 1.548351783684296024e+01
2.519997915877226262e+02 1.780002733719482535e+02 1.375934742597304172e+01
2.519866250744329648e+02 1.786472162074378787e+02 1.444625534563958169e+01
2.520249377469820899e+02 1.785377402154495883e+02 1.457772695285010478e+01
2.520968859957776260e+02 1.775212147458452989e+02 1.658996914415633483e+01
2.520338169219942586e+02 1.773159448925458719e+02 1.502981919558274271e+01
2.520240892112813356e+02 1.770306366047745428e+02 1.251023926812104214e+01
2.520463527851458991e+02 1.766123910572186446e+02 1.343225247658745225e+01
2.519693864017755516e+02 1.772598508634222867e+02 1.271169138743030302e+01
2.520249851134087464e+02 1.773161424782114466e+02 1.504101120554322613e+01
2.520490391382016924e+02 1.768171547664158538e+02 1.569812428950359973e+01
2.521624248903805494e+02 1.803721174146050998e+02 1.770518188707843876e+01
2.521231824825420915e+02 1.797230065501001377e+02 1.910729172305526902e+01
2.520304363124560041e+02 1.779453783900828228e+02 1.469037514209927942e+01
2.521258011692740695e+02 1.763801264006929159e+02 1.539668976343853224e+01
2.520278731121095745e+02 1.765386510041682584e+02 1.614382341796135023e+01
2.520795742434904980e+02 1.766266388783630248e+02 1.704014642992475359e+01
2.520409340659340671e+02 1.785222716938234271e+02 1.587842391598549163e+01
2.520740120716721719e+02 1.785397810317761014e+02 1.619006793698912006e+01
2.522416838088020370e+02 1.815408921128132818e+02 2.010385698045796588e+01
2.521749702268175213e+02 1.813015630920803289e+02 1.914967655497212107e+01
2.521591728468575866e+02 1.825567314458940018e+02 2.027882856060195849e+01
2.521169666540356218e+02 1.817946706003356212e+02 2.328440697233800805e+01
2.522191685162128465e+02 1.833762004005846507e+02 1.944066475396524751e+01
2.521534834623504651e+02 1.826458967141233245e+02 2.164817842256265834e+01
2.522399840307475642e+02 1.829920086071563787e+02 2.113156363341092359e+01
2.521470077951605049e+02 1.831614477886645318e+02 2.191781383640989489e+01
2.521951794510907803e+02 1.828045309370432392e+02 2.053206301088074426e+01
2.522027242461971639e+02 1.815028582255183380e+02 2.287643046608563679e+01
2.522610133708655837e+02 1.804367671737129797e+02 2.088481026362799753e+01
2.521561035024089108e+02 1.803839630812537109e+02 1.757689601039354699e+01
2.521628714881177871e+02 1.799566840794673226e+02 2.270248606073729292e+01
2.521418462079791993e+02 1.809371420451469703e+02 2.057226898717046382e+01
2.522203986899799588e+02 1.812845044118443241e+02 2.010075786282682841e+01
2.522287703675634702e+02 1.815286458615276217e+02 1.921779759649217922e+01
2.521661181183348788e+02 1.798701916310290585e+02 2.352169111676500890e+01
2.522024941806961635e+02 1.809755548638553648e+02 2.120811589887944493e+01
2.522633573323228404e+02 1.805734666811021611e+02 2.374428354896335236e+01
2.521307286309749429e+02 1.807845395983327137e+02 2.241825366751475102e+01
2.521958344611053917e+02 1.815721918475612995e+02 2.014114653819087408e+01
2.521430411952579504e+02 1.811434201266713444e+02 2.235863692957288862e+01
2.521835273101282837e+02 1.815353515942185822e+02 2.024704974828127391e+01
2.521361974232663954e+02 1.816598319168516298e+02 1.927670248470741043e+01
2.521113584691170786e+02 1.796546649163644247e+02 1.966555378119417696e+01
2.520136577708006200e+02 1.771995912954041046e+02 1.800723217669030518e+01
2.520937882314729563e+02 1.764276105667731258e+02 1.780586261029610640e+01
2.519995033291831419e+02 1.768730349699561657e+02 1.572177637633302716e+01
2.520343365993612395e+02 1.766875142099279969e+02 1.888076652411627876e+01
2.520058355437665796e+02 1.773155280679911243e+02 1.808807719374221890e+01
2.520379405077680985e+02 1.780330522925350465e+02 1.645129784009094465e+01
2.520583297244627374e+02 1.776960983597683139e+02 1.769783873761706161e+01
2.520333297244627317e+02 1.772837262491203489e+02 1.845255372706111530e+01
2.520577599740161361e+02 1.778003207383749213e+02 1.790813484545011747e+01
2.520946733069885681e+02 1.779756347101174754e+02 1.717580793590645882e+01
2.520882301196340620e+02 1.781141192551291113e+02 1.856925918908677531e+01
