2.545831265508684851e+02 1.832934968339799686e-01 1.473537088477561667e+02
2.527572392862616653e+02 2.898973750976912456e+01 1.947792867936621235e+02
2.525937791727941431e+02 3.222769631034216076e+01 1.933939975452103113e+02
2.524521765675250720e+02 2.901956105117691820e+01 1.932454840356337229e+02
2.521800774436747474e+02 2.966581167025764998e+01 1.928843107525615039e+02
2.520473136012828661e+02 3.215226282716279371e+01 1.921518359622889704e+02
2.517582779485659614e+02 3.092712137275690054e+01 1.922171399546788564e+02
2.517501915825286858e+02 2.917508679796878113e+01 1.914791197210305143e+02
2.516471765485251524e+02 2.825552232680622566e+01 1.920083308316771706e+02
2.516102217037355047e+02 2.908460031134535839e+01 1.911069264842421092e+02
2.516166753432968903e+02 2.746505091345283134e+01 1.913054591837380940e+02
2.515851557423458758e+02 2.696294255564126630e+01 1.914001218528215418e+02
2.515555880665301345e+02 2.934870426877540339e+01 1.902329402883174509e+02
2.516410180410575492e+02 2.719142419601837801e+01 1.900323492641331029e+02
2.516424911682037475e+02 3.000652330593544903e+01 1.904802673162106146e+02
2.515057753424102316e+02 2.809052701978651712e+01 1.916649668071394217e+02
2.516059226551248571e+02 2.864826714394466123e+01 1.907609075375216889e+02
2.516814802711161860e+02 2.863221601135941796e+01 1.903440961547961479e+02
2.516331888072736831e+02 2.686932488216882930e+01 1.906370381911062566e+02
2.515581682556933174e+02 2.808832429570462352e+01 1.904890693459087458e+02
2.515768464439115917e+02 2.532180038177173031e+01 1.912753506435273039e+02
2.515923858453127764e+02 2.605419283905674277e+01 1.910877517647759305e+02
2.516448078918068632e+02 2.482107521815074946e+01 1.909700472591348444e+02
2.516460048867794796e+02 2.476646944749498758e+01 1.907932682016068782e+02
2.516853309216101309e+02 2.624073025559959405e+01 1.897295082693985933e+02
2.515119338498778347e+02 2.671191560995443837e+01 1.903505345944213616e+02
2.516428673666237330e+02 2.503956416716383160e+01 1.908622797117585321e+02
2.516156556809127949e+02 2.454703050247189111e+01 1.905899221889934836e+02
2.515893927245505495e+02 2.583405343030892709e+01 1.903585677606820639e+02
2.516355055308767703e+02 2.859699649261473198e+01 1.902194427450071430e+02
2.516637280123423466e+02 2.566321374783559151e+01 1.907992088433228446e+02
2.516068181846969480e+02 2.733319653390789128e+01 1.904648203810877192e+02
2.516192339992172151e+02 2.434752627372298406e+01 1.914932860615318759e+02
2.516813776715471249e+02 2.639277521701075457e+01 1.915157921003398371e+02
2.516851257224719518e+02 2.324566896819033346e+01 1.916696357208633117e+02
2.515632019678850781e+02 2.490879531639300382e+01 1.908269981266078616e+02
2.516108613677155859e+02 2.712691820027689360e+01 1.907192394458610067e+02
2.516101419040706730e+02 2.562130752384173249e+01 1.909104217095621436e+02
2.515177997585743412e+02 2.636635646130286403e+01 1.900477974659173128e+02
2.516081545124177126e+02 2.740348737201970408e+01 1.900909171514813067e+02
2.515977146895982912e+02 2.424035279051827985e+01 1.904926261309702511e+02
2.517342886493210017e+02 2.573497771309360616e+01 1.906011055420233902e+02
2.516439516287364881e+02 2.499753127703530353e+01 1.908559286717662360e+02
2.516229301170268400e+02 2.416189072005897742e+01 1.904677045689741419e+02
2.515984670864382338e+02 2.694720682173134918e+01 1.900048069798106951e+02
2.517011033886990958e+02 2.561849300232939086e+01 1.903547513100444917e+02
2.516583016351331423e+02 2.762568003881050416e+01 1.894294919294672184e+02
2.516892816383504510e+02 2.454439584687077769e+01 1.903196597240958283e+02
2.515858574727319592e+02 2.500400138319418986e+01 1.894731892126053197e+02
2.516289543583916952e+02 2.480406648958740945e+01 1.911704229508902699e+02
2.516306086181104718e+02 2.624866335561390684e+01 1.890878290311180763e+02
2.516497048045731617e+02 2.484692524291397930e+01 1.900046195139313738e+02
2.516507358669093719e+02 2.595730971263254006e+01 1.897464903980736608e+02
2.515883363289874239e+02 2.464400609517440088e+01 1.898944693765619434e+02
2.517426866140495463e+02 2.406268960337033391e+01 1.908164367042991785e+02
2.515527912782766293e+02 2.581429984660731236e+01 1.898827755590093318e+02
2.515899994553356294e+02 2.846619850863293166e+01 1.896062051206051535e+02
2.517848740368623908e+02 2.434622794584262806e+01 1.904913024698629727e+02
2.517501649826403991e+02 2.620233395019740996e+01 1.900871602339270225e+02
2.516534971886451331e+02 2.536373447231521538e+01 1.904195993043495889e+02
2.515864350703060381e+02 2.572599581748423248e+01 1.901886464076850984e+02
2.516194176651124792e+02 2.274624086578836213e+01 1.904654575117451145e+02
2.515830214179767097e+02 2.375983340869968430e+01 1.904019154452884663e+02
2.516562661103490086e+02 2.331242962112892414e+01 1.896799742107749864e+02
2.515962491624201789e+02 2.567772715354595547e+01 1.898071761431935442e+02
2.516245337102917574e+02 2.745122910483776124e+01 1.902566141888870845e+02
2.515932826415462387e+02 2.449604738326765840e+01 1.901628761825867002e+02
2.517482117908438113e+02 2.389850115962846289e+01 1.894161349855664014e+02
2.516937656195177340e+02 2.451938941856444032e+01 1.899315635540997391e+02
2.517558497587643558e+02 2.388191676261626384e+01 1.895278063832132034e+02
2.516646121419623512e+02 2.491298289880515782e+01 1.887812475854267973e+02
2.517355527773449921e+02 2.412601760405939544e+01 1.882046126739600993e+02
2.516519581951089037e+02 2.462602710401949579e+01 1.898592612577693899e+02
2.516574529720308533e+02 2.452129194390716904e+01 1.895974600906676244e+02
2.516808963402353641e+02 2.453708847756172773e+01 1.892983177470654539e+02
2.516949043480684054e+02 2.406905077665340542e+01 1.896653366722526357e+02
2.517739262828429503e+02 2.557721250904079469e+01 1.897586756802288050e+02
2.517661401155448573e+02 2.285968685598187022e+01 1.893169009356827246e+02
2.516683766594846929e+02 2.598841258200048898e+01 1.888825513599509520e+02
2.516458224875455585e+02 2.346191719328112057e+01 1.895080958659973760e+02
2.515971712918805849e+02 2.461626874500460360e+01 1.894405904161869216e+02
2.516897553696941259e+02 2.282550473288012327e+01 1.902868519285552225e+02
2.516300892869583379e+02 2.445978920221868336e+01 1.893883406356359842e+02
2.517362874409260769e+02 2.456485369428115106e+01 1.895230830030513971e+02
2.517807687874377507e+02 2.612342854826676231e+01 1.890011425285347002e+02
2.516624930175293287e+02 2.416340691369096305e+01 1.884835948355683684e+02
2.516140039545167326e+02 2.593144195461045598e+01 1.896759905608396366e+02
2.517385446314458761e+02 2.224748916054552694e+01 1.899436069701840495e+02
2.516150210835781138e+02 2.562563570566337035e+01 1.890683414462992573e+02
2.516755624293044775e+02 2.873481684710257511e+01 1.891164213776968666e+02
2.516089461757593995e+02 2.471102261370502262e+01 1.894143679929877635e+02
2.517780847320441353e+02 2.452278533763491453e+01 1.898672462908989189e+02
2.516918808274338630e+02 2.475178124251878131e+01 1.901716731456394598e+02
2.517734297515950459e+02 2.681822143013665993e+01 1.893551832415637080e+02
2.517747952125267830e+02 2.603675724561956883e+01 1.894319948522882839e+02
2.516200991289169906e+02 2.950487474619273343e+01 1.891690207567794744e+02
2.516303856857134633e+02 3.057504905146064900e+01 1.893815310642361851e+02
2.515791416342717923e+02 2.614242086849901980e+01 1.901632739142495723e+02
2.517191165797103736e+02 3.085144342393762074e+01 1.893861885780079604e+02
2.516296282222281206e+02 2.911498371706838739e+01 1.888401802712428719e+02
2.516838286612529600e+02 2.642945772961087059e+01 1.900314043347684674e+02
2.515656694241884281e+02 2.527495671184847836e+01 1.902701497320377939e+02
2.517529111044400167e+02 3.019314938877256793e+01 1.896385037182843973e+02
2.515944479699851968e+02 3.075647168948557209e+01 1.905886428610333212e+02
2.515511458851872817e+02 2.996002416789849576e+01 1.899312038222772685e+02
2.515654730916796780e+02 2.736204347941738746e+01 1.900753777500801220e+02
2.516887167073898297e+02 2.657618904667267046e+01 1.902101517840291649e+02
2.516041075294150460e+02 2.982776192339992249e+01 1.892565280559155099e+02
2.517634509935058134e+02 2.749259193111388910e+01 1.891437001964591786e+02
2.515541035394317930e+02 2.825519679484012769e+01 1.900296373421898295e+02
2.517810246530297889e+02 2.501476167133431261e+01 1.893898821624949278e+02
2.516627438164759667e+02 2.445663268214273600e+01 1.888913027231952242e+02
2.515932231084629507e+02 2.703792510738121635e+01 1.886127537597675428e+02
2.516288517588226057e+02 2.496863239841059467e+01 1.890434338175779772e+02
2.516783047511200380e+02 2.734420382101061975e+01 1.890658296568487629e+02
2.516139342881426444e+02 2.576500265365552167e+01 1.897993773092819652e+02
2.515753302502796203e+02 2.864659641762838049e+01 1.896207805927215020e+02
2.516352395319939603e+02 2.981086466103509025e+01 1.897162944582299531e+02
2.516232987154787395e+02 3.272107990479773321e+01 1.887476481265445329e+02
2.516529436576366265e+02 3.221190864331703096e+01 1.906611807563741650e+02
2.516045685941452348e+02 3.038612524494063649e+01 1.903891563655432719e+02
2.515830568844944253e+02 3.241382332860868587e+01 1.907844079054868018e+02
2.516049523925332778e+02 3.120050109122875170e+01 1.914926691974560242e+02
2.515037119510764683e+02 3.523139876145853577e+01 1.905167180297842719e+02
2.516936262867695859e+02 3.151648116411244516e+01 1.905422919223739200e+02
2.516754610963967309e+02 3.042170322884643952e+01 1.911328398420726558e+02
2.515583949880743830e+02 2.726758220948805445e+01 1.901103768697504677e+02
2.517940585982872221e+02 2.510099470915555386e+01 1.884016253798400840e+02
2.517553861607114527e+02 2.933514465905910029e+01 1.877895568838610814e+02
2.516548347830272405e+02 2.776676964623415245e+01 1.897122968750198027e+02
2.515939223055263199e+02 3.235994588822727280e+01 1.897952201267421231e+02
2.515992270832462623e+02 3.102042871419940084e+01 1.896769063569932996e+02
2.516419769036970138e+02 2.961227496177849261e+01 1.895391746687997170e+02
2.516954148125911104e+02 3.180017910591442032e+01 1.897333766531513959e+02
2.515980896213569338e+02 3.113199371229307388e+01 1.896463456186817211e+02
2.515781574384054124e+02 2.924579816764769546e+01 1.903161396722133816e+02
2.515706182700699287e+02 3.106056034564654666e+01 1.894106465419511949e+02
2.515792265005820241e+02 3.298549166093502549e+01 1.888517182894498490e+02
2.515972726247883031e+02 3.382404173902469324e+01 1.902255011862283425e+02
2.517572025530826068e+02 3.219077566540887148e+01 1.906790267480876651e+02
2.515351365524264793e+02 3.128953218396482683e+01 1.907764114724051581e+02
2.517056608362244958e+02 3.309762792329605219e+01 1.905670158851999361e+02
2.516013132744842551e+02 3.347977078496270309e+01 1.900153139356814620e+02
2.516255280394489091e+02 3.414130873983662440e+01 1.897673776436805611e+02
2.515344829551715975e+02 3.037472529282043610e+01 1.904882992158099739e+02
2.516148538842803646e+02 3.442494588189396154e+01 1.908193791586075463e+02
2.515453053097176905e+02 3.058861119449964860e+01 1.910299565408491844e+02
2.515781067719515534e+02 2.979781804916419219e+01 1.909891155790479047e+02
2.515232679356080041e+02 3.265081946655823941e+01 1.905999098137121166e+02
2.517005295911090457e+02 3.834925146647717753e+01 1.900495910583842090e+02
2.516398704458774489e+02 3.450727126946066647e+01 1.907648113877921787e+02
2.515455966418274443e+02 3.142532841362066165e+01 1.906551818482362251e+02
2.516606943584170324e+02 3.453331762673263228e+01 1.908983466269441749e+02
2.516183232697089238e+02 3.295583151884095230e+01 1.917132380044003810e+02
2.516687971910517945e+02 3.609711112546660416e+01 1.906905242331315549e+02
2.516471094154737784e+02 3.520815679240813978e+01 1.906579355700039287e+02
2.515394330677144410e+02 3.324551443550603835e+01 1.903426876273786377e+02
2.516051385917512562e+02 3.539731619793863615e+01 1.903095530332105909e+02
2.515675706828697855e+02 3.352171754211965293e+01 1.905981580210696507e+02
2.516116124978941855e+02 3.428852898817824979e+01 1.904232333557532399e+02
2.516109095008467591e+02 3.382677139422681023e+01 1.919256811788057178e+02
2.516646222752531230e+02 3.509232947888285281e+01 1.896442606941050713e+02
2.516391737821367940e+02 3.683897314297946934e+01 1.901747916658750057e+02
2.515022185573487263e+02 3.820363861138449835e+01 1.900823101876305543e+02
2.516650884066286835e+02 3.541980577014909670e+01 1.912485214895430659e+02
2.513979723285162322e+02 3.667549022960770344e+01 1.902722359232757867e+02
2.515580681894469421e+02 3.587644985224395100e+01 1.907016341198033729e+02
2.514653257789650525e+02 3.583952034068123282e+01 1.904423244755705298e+02
2.516006457439545443e+02 3.662497704176308844e+01 1.896847089908889075e+02
2.515852811418191948e+02 3.670583183550628803e+01 1.901177235055612869e+02
2.515650284935470040e+02 3.626202916614416694e+01 1.899019958782839694e+02
2.517036531779899917e+02 3.554305318584328433e+01 1.902329162217518785e+02
2.516102090371220470e+02 3.814094014138473909e+01 1.904451820635686659e+02
2.515922376459352279e+02 3.823159636062862177e+01 1.900217878418243913e+02
2.516096200395958249e+02 3.749901263748025571e+01 1.914180147110048722e+02
2.515556095997730210e+02 4.062848316037072749e+01 1.902910838441145245e+02
2.515541124060612219e+02 3.943730469665360516e+01 1.905802537629342055e+02
2.516686185918019021e+02 4.021643442430875126e+01 1.900315145343056145e+02
2.514918990673572523e+02 3.964179070447904252e+01 1.907304797986515155e+02
2.515153601688206209e+02 4.273102826301462898e+01 1.900365672464175759e+02
2.514320341187900283e+02 4.123140382810392168e+01 1.909168208826856130e+02
2.515390518026490838e+02 4.143946182092702202e+01 1.905941414379392995e+02
2.514757478685256160e+02 4.198686218851214136e+01 1.900087437632761862e+02
2.515829897514430513e+02 3.947222401665913338e+01 1.914016342464694844e+02
2.515287031794466373e+02 4.045094790601879708e+01 1.908089925355646699e+02
2.515627738363498906e+02 4.161583174683999431e+01 1.900972770581030318e+02
2.516135580897226873e+02 3.815630474352007440e+01 1.910335462591057194e+02
2.515038702837448170e+02 4.055339420907765202e+01 1.897348003805050780e+02
2.515000728330274455e+02 3.839763792992069114e+01 1.900365786463696907e+02
2.515248297290484629e+02 3.858572067330650412e+01 1.904610216637090048e+02
2.514838266345948057e+02 3.678392530751370515e+01 1.902455524353464398e+02
2.515371657439038700e+02 3.945140517076495001e+01 1.900392297685683047e+02
2.516607868246953501e+02 4.036994997954342068e+01 1.897516558430454552e+02
2.516362617277007416e+02 3.944068414912657516e+01 1.897077381608330597e+02
2.516042658620833663e+02 3.697177118522768779e+01 1.893492147332981119e+02
2.515326386962508138e+02 3.748009505026745813e+01 1.901176639724779704e+02
2.515863489373344635e+02 4.012036576113047204e+01 1.907765267385877053e+02
2.515378991408236118e+02 3.671132787908957340e+01 1.914465829910181185e+02
2.514810336463253577e+02 4.348764688521641375e+01 1.896626412169068772e+02
2.514379874271194808e+02 3.709554806536479532e+01 1.907851387690838294e+02
2.516496832713302467e+02 3.770242704980638848e+01 1.904844992317698882e+02
2.515098717252054144e+02 3.820191088530761192e+01 1.898907023257168873e+02
2.516770482230641335e+02 3.641956637115457340e+01 1.904377024283164701e+02
2.515726677281288630e+02 3.770357464498648881e+01 1.907974139841946055e+02
2.515467543702983164e+02 3.744335047126135407e+01 1.904050086322970685e+02
2.515194578182771750e+02 3.912996958746106912e+01 1.903920430867523805e+02
2.515790175014598162e+02 4.102407163223247721e+01 1.900122346819476604e+02
2.515598136487826650e+02 3.726932133551705562e+01 1.902553551275084658e+02
2.516669744653739258e+02 3.644284254006133494e+01 1.905543480050717164e+02
2.515973042913219899e+02 3.600645110623868561e+01 1.903605538856736814e+02
2.515506683538595780e+02 3.907732967521536693e+01 1.901753730634331419e+02
2.515306715711793970e+02 4.061843600256879228e+01 1.900633229340436685e+02
2.515959046305338802e+02 3.807698640999041118e+01 1.911244342773760252e+02
2.514898838091546622e+02 4.076397539130335446e+01 1.911564187430412858e+02
2.515392278685762903e+02 4.135367971454520131e+01 1.914489630476885225e+02
2.516359805288817881e+02 4.331001029795675095e+01 1.907813476516732010e+02
2.515360257486918556e+02 4.096472601481740128e+01 1.911595271299860599e+02
2.516130539585066970e+02 3.882981391478156041e+01 1.914734020117115563e+02
2.516667261997499736e+02 3.952939477654194178e+01 1.904632547876632316e+02
2.516679510612722197e+02 3.600699197063372026e+01 1.910065283725808456e+02
2.515724979955084279e+02 3.901431960652431741e+01 1.909819298092281485e+02
2.516069283842341235e+02 3.829993527360518613e+01 1.913711039080302498e+02
2.515873077999738996e+02 4.008587077267608834e+01 1.896670656649908722e+02
2.515592803843557306e+02 3.593785506100874727e+01 1.909175416129918972e+02
2.515432685182722139e+02 4.067595636098328526e+01 1.894377834946426447e+02
2.514858114929250519e+02 4.132359650756133362e+01 1.891233183487296117e+02
2.515925809111601836e+02 3.655928798432380233e+01 1.901192371658705724e+02
2.516188172676341424e+02 3.491900334018597363e+01 1.909311632891141812e+02
2.515704688040310373e+02 3.771642745767134386e+01 1.901803852423819876e+02
2.516431992318965456e+02 3.716795676124826997e+01 1.896458060209480436e+02
2.515730135266765330e+02 3.818979780284922754e+01 1.905751073178826118e+02
2.515997704809639686e+02 3.730740857555064593e+01 1.901204328941818460e+02
2.514563210834514564e+02 3.921201377620880635e+01 1.897300846003113577e+02
2.514996016350064565e+02 3.572202356750101870e+01 1.908793923065523188e+02
2.515418967240337622e+02 3.352266500480698141e+01 1.911641010441089463e+02
2.515058640087044921e+02 3.818200910222843447e+01 1.900315791340343026e+02
2.514030643071299096e+02 3.672882553893273894e+01 1.901485768426439336e+02
2.515242457981676409e+02 3.544916191351996559e+01 1.900829802514829510e+02
2.514313247884358873e+02 3.480901660213027071e+01 1.901324193105055542e+02
2.515935689070105923e+02 3.746829736648439280e+01 1.911598045288209846e+02
2.514409526813320781e+02 3.708961882360094364e+01 1.906692265892483249e+02
2.515547381367665025e+02 3.672483555569066738e+01 1.909642041503425673e+02
2.514692359625422853e+02 3.925664458875939289e+01 1.900309534033290504e+02
2.515430949856677216e+02 3.632932815015509931e+01 1.904452542632654399e+02
2.515329502949420828e+02 3.710189530537304847e+01 1.899377283948740853e+02
2.515729742601747603e+02 3.359083545182443231e+01 1.901876786784162050e+02
2.516198774631813251e+02 3.210450209442453939e+01 1.902354077446208009e+02
2.515345082883985128e+02 2.914655525113461110e+01 1.907725000221665823e+02
2.516486167424763494e+02 3.145951433670645159e+01 1.901781457851210462e+02
2.515690843431790995e+02 3.324517243694243263e+01 1.895491800267772078e+02
2.515501097562056998e+02 3.317555419600571298e+01 1.891340001038662422e+02
2.515863540039798636e+02 3.150836819818690060e+01 1.894432858715326802e+02
2.516560115114183134e+02 2.791571128734592477e+01 1.895084188646407597e+02
2.517082232921288494e+02 2.704428628066428786e+01 1.886905242331315549e+02
2.515735328578286669e+02 2.901992711630611055e+01 1.890099255583126592e+02
2.514993381694463608e+02 3.005953814993976891e+01 1.889004606847317973e+02
2.516208160592392176e+02 2.933783884774350526e+01 1.892818131497181184e+02
2.516067168517892298e+02 2.811032873661930509e+01 1.888609978504756839e+02
2.516106219687210626e+02 2.904924019319118855e+01 1.888868124087212266e+02
2.516226387849171147e+02 2.920099002250857367e+01 1.889371837304950077e+02
2.515725967950934603e+02 2.610127590797452157e+01 1.893093985005262994e+02
2.515156591008984321e+02 2.634502335090192560e+01 1.883590984917863409e+02
2.516953451462170506e+02 2.846172592741777052e+01 1.888768703838110525e+02
2.515308704370108330e+02 2.730674484500498522e+01 1.882674479433852923e+02
2.517004333248466992e+02 2.724555496866913273e+01 1.898679847544640324e+02
2.517079522266006393e+02 2.814222073600624086e+01 1.890950730673597775e+02
2.516790039481834071e+02 2.949399539188602049e+01 1.889139544280580765e+02
2.516294635562530573e+02 2.911202226283982952e+01 1.893561674374300878e+02
2.514407816820502717e+02 2.927063486333357289e+01 1.900627086032905311e+02
2.516679510612722197e+02 2.960863457706810919e+01 1.897240033591859003e+02
2.516250213749102329e+02 2.658033229593769065e+01 1.900263262894295906e+02
2.516205880601968090e+02 2.973033539925798863e+01 1.902770505030545678e+02
2.516898757025220448e+02 2.966607893580180288e+01 1.898441056547562482e+02
2.516409141748271452e+02 2.838716137392222905e+01 1.909335484124300137e+02
2.517238260265973508e+02 2.932258191182263829e+01 1.896866938492191537e+02
2.516927434238109527e+02 2.750329141950937029e+01 1.902310086297637497e+02
2.517401760912604232e+02 2.945803487625352091e+01 1.886165892103253157e+02
2.516520278614829920e+02 2.856517162627917017e+01 1.887744950137876003e+02
2.516158469467761449e+02 2.751959841768664461e+01 1.894331893139382146e+02
2.515975791568342004e+02 2.656924394250877342e+01 1.890340047905132224e+02
2.516512273315118762e+02 3.148017104994825743e+01 1.885932066418654358e+02
2.517126300069539582e+02 2.729638608851176329e+01 1.896516529297243494e+02
2.515764677121689488e+02 3.085755759825808653e+01 1.889816790102814821e+02
2.516739360361353022e+02 3.001532026898820504e+01 1.891472937146997424e+02
2.516416678383284022e+02 2.856322983443469710e+01 1.895864021371110368e+02
2.516280714954330620e+02 2.882177188189142925e+01 1.888602631868946276e+02
2.517540422330226306e+02 2.939763539659800173e+01 1.899924443650670014e+02
2.516293495567318530e+02 2.910006877971112615e+01 1.895245548635362525e+02
2.516366556593795565e+02 3.046847976571831751e+01 1.891692892889849986e+02
2.515971092254745827e+02 2.717545792974336294e+01 1.899496514781304484e+02
2.516214075900881255e+02 2.899345389416031082e+01 1.896833853297816290e+02
2.516623131516180933e+02 3.062163052248513750e+01 1.896613910221577157e+02
2.516262918362409664e+02 3.081375771555092768e+01 1.892914739758093106e+02
2.516930828890518796e+02 2.787275753441835491e+01 1.891845753581168310e+02
2.516244551772882687e+02 2.850700020393247769e+01 1.887641451239238108e+02
2.516948106151287448e+02 2.916432144318327246e+01 1.893402429709795172e+02
2.516989728643139586e+02 2.950488614614485172e+01 1.894344002421856601e+02
2.515424958548507561e+02 3.150728900271952071e+01 1.877694005018512371e+02
2.516696711873809988e+02 2.738409225347920284e+01 1.897948122617885076e+02
2.516365581264558671e+02 2.714706318233463378e+01 1.888782839778739628e+02
2.515371872771467565e+02 2.854325838498144918e+01 1.881234019483784721e+02
2.516792344805485016e+02 2.819770810295930019e+01 1.885321864981500539e+02
2.516237483802568136e+02 3.058865806096947892e+01 1.886795156793674835e+02
2.516919846936642955e+02 2.940365963796285342e+01 1.888805031685533606e+02
2.516061797873782382e+02 2.819274279048028120e+01 1.887514392439551614e+02
2.516104737693435140e+02 2.967929401363181086e+01 1.878319951056205639e+02
2.516574187721744806e+02 3.011729790734878875e+01 1.899298991610901908e+02
2.516941000181132608e+02 3.017088401562046940e+01 1.892626447635586544e+02
2.517188518474889065e+02 2.919330138813417008e+01 1.893052628512293722e+02
2.516192732657189595e+02 3.197525450393108315e+01 1.887514215106963320e+02
2.516643942762107145e+02 3.013850941826044405e+01 1.891281873949462806e+02
2.515439043822682663e+02 3.067909641446172486e+01 1.893809851331957645e+02
2.516343693356487847e+02 2.949301879598772302e+01 1.896700220525740406e+02
2.515406110627668568e+02 3.073639384047920231e+01 1.889656798108114515e+02
2.516668553992073214e+02 3.232405250564614363e+01 1.888410542675720762e+02
2.515622494385523567e+02 3.134531468301166512e+01 1.883438884223352829e+02
2.517745368136120589e+02 2.837795527925449335e+01 1.900229595035700925e+02
2.516617089541557277e+02 2.793550920419467687e+01 1.894273158052736221e+02
2.516313369483848135e+02 2.648626242436448308e+01 1.903895604305128586e+02
2.515748223190796011e+02 2.881000079799664704e+01 1.891159565129826490e+02
2.517486880555101720e+02 3.053495288653121165e+01 1.884473087879697459e+02
2.515856928067568674e+02 2.963413246997695794e+01 1.883307645441222462e+02
2.516547195168446933e+02 2.718493382327794095e+01 1.893487676018427521e+02
2.515764094457470037e+02 2.918397116065445829e+01 1.881190940331383956e+02
2.515770237765001411e+02 2.765829530182639928e+01 1.893036934578207990e+02
2.516630718817647505e+02 2.992328212221508821e+01 1.886418730374665813e+02
2.516098809718332632e+02 3.010494795921857047e+01 1.886294230230899700e+02
2.516531450567907484e+02 2.937784887970137149e+01 1.898549698091267999e+02
2.517255752859171309e+02 2.767219944342900462e+01 1.898154398418193409e+02
2.516443835602557044e+02 3.102726361882613304e+01 1.890801695299546452e+02
2.516245451102438722e+02 2.930177446588057677e+01 1.898823474274741443e+02
2.516663082015055579e+02 3.017402660242160195e+01 1.894331677806953280e+02
2.516170882748959059e+02 2.948029518276023353e+01 1.894560766178115330e+02
2.516037515975766325e+02 2.807633914604225467e+01 1.897705924301784535e+02
2.515951991001637680e+02 2.758508607597181594e+01 1.893112224928655394e+02
2.515842184129493262e+02 2.827216625690171981e+01 1.903058594487236519e+02
2.516477478127925167e+02 2.960854084412845566e+01 1.890587249533552097e+02
2.516235216478757479e+02 3.113312610753701648e+01 1.892987218120350690e+02
2.516129209590652920e+02 2.969983926067510538e+01 1.892374711359545643e+02
2.517031604467261161e+02 2.684281492684397463e+01 1.905320788319355643e+02
2.515453977759960082e+02 3.038348045604875125e+01 1.896295243559977166e+02
2.516320868119020702e+02 3.065494498256440536e+01 1.896948004818379729e+02
2.516254001066528758e+02 3.073393651746662769e+01 1.890900912882832472e+02
2.516087612432027925e+02 2.865566064622528586e+01 1.895571979931017665e+02
2.516742717013922004e+02 2.939577847106375330e+01 1.890657739237495321e+02
2.516350381328398385e+02 2.801312894485843330e+01 1.895418625241773896e+02
2.516492386731975728e+02 2.864957053847040669e+01 1.896655304714387000e+02
2.517051972381715927e+02 3.180568021614309160e+01 1.900416934248876260e+02
2.516226071183834279e+02 2.773848003171719867e+01 1.898599287882991007e+02
2.515957285646067021e+02 2.769116009712759308e+01 1.894603414665658363e+02
2.516277953632594802e+02 2.810124297477950606e+01 1.894028046415538427e+02
2.516023215369162074e+02 2.772439475754201865e+01 1.893280500888562869e+02
2.516289214251966939e+02 2.632703295979490221e+01 1.892331695540212024e+02
2.516631212815572951e+02 2.674639539847266079e+01 1.890461444728598792e+02
2.517190722465632291e+02 2.806971324053772321e+01 1.888430847257108098e+02
2.516268631005083023e+02 3.122335419524571165e+01 1.885361473481811458e+02
2.516696217875884827e+02 3.010408662950282377e+01 1.884391692221559254e+02
2.515515676834157262e+02 3.134141463272520767e+01 1.881385892179252721e+02
2.516158178135651724e+02 2.907561714907464179e+01 1.896627906829457970e+02
2.516143953528728616e+02 2.956648262077299449e+01 1.884366447660919732e+02
2.515622798384246721e+02 2.976475058804753004e+01 1.884949390545893095e+02
2.516461936193201439e+02 2.969065976589564926e+01 1.883012564013897929e+02
2.516503140686808990e+02 3.029931587620665212e+01 1.883232063758665618e+02
2.516185373354765318e+02 2.915985392861350078e+01 1.895544316047206053e+02
2.515990750838846566e+02 3.057727204212408978e+01 1.889434549708224438e+02
2.516198457966476667e+02 2.763452386833308694e+01 1.889552767211711171e+02
2.516587487665885021e+02 2.817162754583097595e+01 1.898394329410483010e+02
2.515823361541881411e+02 2.861701354187645663e+01 1.900149010040824464e+02
2.516839249275153065e+02 3.289600203679144386e+01 1.900982498540172685e+02
2.516233835817889428e+02 3.471276300639537027e+01 1.893978735289311714e+02
2.517544158981199018e+02 3.231498701038788823e+01 1.889256406456426305e+02
2.516478238124733195e+02 3.161336809052068730e+01 1.895344664885740826e+02
2.516586905001665571e+02 3.196992185966152178e+01 1.895919577137775889e+02
2.516419984369399003e+02 3.042160696258408947e+01 1.891556853461215439e+02
2.516731393061482436e+02 2.989942455575019764e+01 1.888879042708020677e+02
2.516767923574720953e+02 3.133074301087935254e+01 1.889521772008557434e+02
2.515981554877469648e+02 3.267591582782019088e+01 1.879649096807126796e+02
2.517164249243486438e+02 3.141972977046829740e+01 1.884169899819754050e+02
2.516447914252093483e+02 3.167379543672583253e+01 1.887865029633542235e+02
2.516736206374599760e+02 3.113245984366865571e+01 1.889634808867135973e+02
2.515780409055615223e+02 3.249961683494262843e+01 1.878654324318504507e+02
2.516001872125470413e+02 2.873732103658498005e+01 1.884573356791901517e+02
2.515500945562695279e+02 3.099795054194105859e+01 1.885302181064172942e+02
2.516554554470871210e+02 2.915070610036771015e+01 1.893104498294440532e+02
2.516315256809254777e+02 3.343832942568307942e+01 1.881121780621854782e+02
2.515990750838846566e+02 3.421407083423582662e+01 1.878535384818050318e+02
2.516510233990350685e+02 3.326910853641081189e+01 1.891656755041628912e+02
2.516988081983388952e+02 3.272309642966165910e+01 1.884441104680693684e+02
2.516400465118046554e+02 3.204968099133983372e+01 1.886680751940841958e+02
2.517596142762866975e+02 2.705788262355964946e+01 1.899690529299776927e+02
2.516482380107336780e+02 3.032905328464287109e+01 1.883783960774031527e+02
2.517164198577032721e+02 2.837575382183394979e+01 1.884159741195753668e+02
2.517676791090810866e+02 3.002792228272641140e+01 1.881394746142066197e+02
2.516064647861812205e+02 3.078801915698620562e+01 1.890122042820753450e+02
2.517106008154765675e+02 2.983202550549287579e+01 1.893167476696597760e+02
2.515987913517429888e+02 2.778844602186004309e+01 1.888422626624968075e+02
2.515801397634130012e+02 3.181616310544828963e+01 1.881649788404222079e+02
2.516458959539036471e+02 3.104599880680501300e+01 1.891001637793121404e+02
2.515922693124688863e+02 2.845898867224757822e+01 1.883610466169375286e+02
2.516570527070452954e+02 2.754051859648856038e+01 1.891269042670020895e+02
2.516083508449264627e+02 3.090135748096524537e+01 1.891294477229862423e+02
2.515922097793855983e+02 3.016350571327600250e+01 1.888539248135157891e+02
2.515749160520192618e+02 2.751880295436092538e+01 1.896457654877849563e+02
2.516766137582222029e+02 2.935635743663209851e+01 1.889136440960281220e+02
2.516912981632143840e+02 3.144794465196579480e+01 1.885847706772964898e+02
2.516034551988215071e+02 2.976577911706104018e+01 1.883185323954972716e+02
2.515771656425709750e+02 3.190103448232184036e+01 1.884448742648614257e+02
2.515655756912487675e+02 3.366529107244416252e+01 1.882278014432339432e+02
2.516658889365997993e+02 3.023092629677622156e+01 1.887752271440459992e+02
2.516958366108195548e+02 3.196490081408324713e+01 1.884487198487099704e+02
2.516726491082070822e+02 3.157962803222893200e+01 1.890368459119138436e+02
2.515817661565821481e+02 3.054421218097550650e+01 1.889742171082881441e+02
2.516040935961402170e+02 3.224495963783618890e+01 1.891410655408580510e+02
2.515272414522525537e+02 3.462387757971416846e+01 1.883037795907923737e+02
2.516120710293016884e+02 3.165463971717985459e+01 1.900951237338136650e+02
2.515463807052010452e+02 3.236384213852968372e+01 1.888472203750077654e+02
2.515833507499268364e+02 3.536372560568578649e+01 1.889320195521845562e+02
2.516018655388313903e+02 3.381752603305732663e+01 1.897677158422601167e+02
2.515789681016673001e+02 3.069972272783120815e+01 1.902748933787811438e+02
2.516346695343879674e+02 3.343611403498771750e+01 1.896839084609177917e+02
2.514413529463176360e+02 3.446889903062407257e+01 1.902911091773414682e+02
2.515986684855923556e+02 3.380687467779301869e+01 1.904463739918959106e+02
2.515480336982584788e+02 3.612257481851909802e+01 1.899575896447901471e+02
2.516241929783894875e+02 2.955641266306681558e+01 1.908303433792244732e+02
2.516681651270397992e+02 3.271535839549473934e+01 1.897824078472203837e+02
2.517048337063650933e+02 3.320330421278897148e+01 1.894946945889493861e+02
2.515232679356080041e+02 3.404414061460941809e+01 1.895506468206166915e+02
2.516444481599843925e+02 3.147560220247074980e+01 1.899420097102258751e+02
2.515854521411010012e+02 3.548408756683222265e+01 1.881946263159028092e+02
2.516441745611334966e+02 3.245311136359894277e+01 1.902196783440176091e+02
2.515303751724242716e+02 3.499916780349522583e+01 1.891576296712887029e+02
2.515686321450783112e+02 3.259028065415458286e+01 1.898138691817494248e+02
2.515751022512372117e+02 3.278919461871593199e+01 1.894179399779854123e+02
2.516769000236865566e+02 3.128234768080640649e+01 1.894513266377614684e+02
2.515164089644156888e+02 3.114561538841536859e+01 1.892481478244457946e+02
2.516589146992249368e+02 3.297797022585838533e+01 1.896368241253386770e+02
2.516006888104403174e+02 3.289360171353946782e+01 1.893084839710339793e+02
2.515781207052263824e+02 3.226126156936807376e+01 1.908724383357590000e+02
2.515595172500275396e+02 3.484682391000624335e+01 1.889234518548355481e+02
2.516318005464377165e+02 3.527775856674735167e+01 1.894601464007184575e+02
2.515974638906516532e+02 3.520666339868039074e+01 1.901060714878330771e+02
2.515326868293819871e+02 3.529836714685798427e+01 1.892671857444865395e+02
2.516142813533516573e+02 3.680598041488225647e+01 1.894087870830942393e+02
2.515869202016018278e+02 3.708564024031099393e+01 1.893287467525969703e+02
2.515640696309075395e+02 3.170872109003808959e+01 1.901537574875518715e+02
2.515050394121678039e+02 3.717420393501014075e+01 1.891374973558444310e+02
2.515389188032077072e+02 3.209607372982366513e+01 1.900445649461605626e+02
2.516030600004813209e+02 3.717542246322565092e+01 1.897986679789278242e+02
2.515811125593272379e+02 3.371135701230054593e+01 1.901644531759633310e+02
2.515690678765815846e+02 3.588684534191622788e+01 1.898349464265583322e+02
2.516293292901503094e+02 3.526383542522454917e+01 1.900946880023103915e+02
2.515721635969129011e+02 3.597530897036899233e+01 1.897479356586702295e+02
2.516509917325013816e+02 3.285310275030177962e+01 1.899428001069062191e+02
2.515233325353366922e+02 3.313229011104819932e+01 1.897975115171182949e+02
2.515475979667552053e+02 3.418819674290701016e+01 1.892874459927268447e+02
2.515983720868372302e+02 3.224738782763778744e+01 1.893762326198229857e+02
2.517008399231390001e+02 3.323523547867765870e+01 1.888459195138047164e+02
2.516920176268592968e+02 3.341909263981091271e+01 1.889453638294719156e+02
2.517155813278917549e+02 2.974209128321660955e+01 1.895049266793079425e+02
2.517897747496127181e+02 2.851743876009054190e+01 1.884744546072906530e+02
2.516919796270188954e+02 2.937470755956158186e+01 1.881545782841045309e+02
2.516416399717787726e+02 2.890198574499320472e+01 1.876868813150984749e+02
2.517265784817037115e+02 2.799698661265622590e+01 1.891259036045381947e+02
2.517116445444262354e+02 3.043800896036236736e+01 1.881179426379742665e+02
2.515981757543285084e+02 3.062010672888507301e+01 1.880621335390391380e+02
2.516076275812974927e+02 3.109573173126006296e+01 1.882585027809549842e+02
2.516727415744854000e+02 2.941360672951840272e+01 1.886106245020437484e+02
2.516584207012997183e+02 3.163639979378753253e+01 1.887712713606602790e+02
2.516730544398380118e+02 2.833343973288645401e+01 1.894531354301645365e+02
2.516679079947864182e+02 3.091261176703057956e+01 1.880641386639509562e+02
2.516148741508619082e+02 2.929348163404380401e+01 1.894121361356949080e+02
2.516048789261751892e+02 2.846800730103600330e+01 1.892316318271463160e+02
2.517511517118294648e+02 3.078903755270894393e+01 1.882967052871711360e+02
2.516220459874068638e+02 3.077325875231323948e+01 1.885837890147527958e+02
2.516172377409348258e+02 2.900570504270548611e+01 1.879551893215381710e+02
2.517778060665478677e+02 3.008550090756285655e+01 1.878303535125152450e+02
2.516584650344468628e+02 2.918569255342460878e+01 1.888617793805265990e+02
2.516506168007427675e+02 3.018308449771177493e+01 1.884988479715051994e+02
2.517543297651483272e+02 2.984574851452290645e+01 1.889852193287454725e+02
2.516621459523203441e+02 2.914097940788648700e+01 1.882082593919772080e+02
2.516399274456380510e+02 3.138935649803604022e+01 1.880861051050252115e+02
2.517441990076974889e+02 2.978039765566317953e+01 1.879872396535934627e+02
2.516085041109494114e+02 2.691511215652894151e+01 1.878593714573065370e+02
2.517243364911200842e+02 2.792650450868106304e+01 1.882541973990375936e+02
2.516427318338596422e+02 2.710765988116183323e+01 1.880057658424501312e+02
2.516724325091167884e+02 2.441244393440214111e+01 1.882024656829774756e+02
2.515747982525140003e+02 2.837832641102907516e+01 1.877241654918382778e+02
2.516973692710490695e+02 2.883422949623611586e+01 1.871279479959517573e+02
2.517710344949884416e+02 2.645428302534462617e+01 1.881830236979671440e+02
2.516535351884855345e+02 2.907292929369696566e+01 1.878473647744012851e+02
2.517720617573406230e+02 2.684175473129679546e+01 1.880517291827374322e+02
2.517037773108019678e+02 2.799897907095456873e+01 1.877969934526275040e+02
2.517802899894487041e+02 2.966613466890105855e+01 1.867947628619959914e+02
2.517387688305042559e+02 2.770512503847483998e+01 1.878109533273293721e+02
2.516773800883369745e+02 2.802660622158720116e+01 1.874583338083313322e+02
2.517415567521283037e+02 2.940492249932550450e+01 1.883374778492596988e+02
2.516842200596090890e+02 2.905894661909086807e+01 1.874105439423821053e+02
2.516588931659820503e+02 2.994671029048344835e+01 1.883923850853159649e+02
2.515675238163999836e+02 2.952264347156408775e+01 1.873469360095354261e+02
2.516352534652687893e+02 2.834753640701375588e+01 1.886019972716114523e+02
2.516347176675191406e+02 2.882433053781173982e+01 1.874588797393717527e+02
2.516897566363554688e+02 2.795314366346327972e+01 1.870584944209900868e+02
2.518231297428550874e+02 2.508184152293226887e+01 1.887647163881911752e+02
2.517600196079176555e+02 2.749958010176357348e+01 1.871722887430539402e+02
2.516988094650002381e+02 2.561170243084978893e+01 1.876330583411549640e+02
2.517115976779564051e+02 2.541500132366110876e+01 1.874541234260149452e+02
2.516230010500622427e+02 2.644102234770613791e+01 1.870590010855287630e+02
2.516817538699670820e+02 2.557186973148046150e+01 1.878489291011644298e+02
2.515917651812528959e+02 2.681365384932049878e+01 1.870245162303651796e+02
2.518524808195805633e+02 2.487747964791881117e+01 1.869613313624082878e+02
2.517169949219546652e+02 2.670036492513398230e+01 1.865526975453369687e+02
2.516575948381016872e+02 2.787903384139119822e+01 1.873624171445146658e+02
2.517769244702505489e+02 2.828675946227692606e+01 1.866390825825198192e+02
2.518034559588183185e+02 2.617676132426910485e+01 1.883782339447507752e+02
2.516509106661752071e+02 2.682416207185262991e+01 1.880430918190143643e+02
2.518241658718366693e+02 3.183798388046770356e+01 1.867485765893116536e+02
2.518034268256073460e+02 2.828892038653437524e+01 1.869699598595019268e+02
2.516392383818654537e+02 2.825095474599006806e+01 1.873303731457661172e+02
2.517378251678009633e+02 3.033352586585802868e+01 1.875004794313197181e+02
2.517403559571716585e+02 2.725274707179563194e+01 1.877541118993966904e+02
2.517976065167192985e+02 2.898930177826586529e+01 1.878753199903227085e+02
2.517177460521332364e+02 2.994832528370047342e+01 1.883800123372815278e+02
2.517244327573824307e+02 2.969678280684554394e+01 1.882024948161884481e+02
2.516155885478614209e+02 2.890082928318367905e+01 1.883884229686235301e+02
2.517874846258979176e+02 2.757249292886303138e+01 1.876826810660728597e+02
2.517728584873276816e+02 2.619514184707090720e+01 1.877498825171601027e+02
2.518556196063976529e+02 2.504330841810464392e+01 1.871401776112540460e+02
2.517030857137066562e+02 2.654971075788148482e+01 1.874039104369094844e+02
2.517421862828176131e+02 2.878506530272573016e+01 1.867227670977115110e+02
2.516558506454272788e+02 2.745751301177868342e+01 1.874891149457172332e+02
2.517553722274366521e+02 2.716138532218164769e+01 1.879431243722109741e+02
2.516440377617080628e+02 2.829468242900046349e+01 1.876973946042759849e+02
2.516137670888448952e+02 2.981097106058821211e+01 1.871534357555698307e+02
2.516503964016684449e+02 3.015548774695146150e+01 1.865738216566157064e+02
2.517921522729604646e+02 2.595234186683082456e+01 1.877997902408809807e+02
2.518139211148646552e+02 2.761619654530784373e+01 1.871471265154019648e+02
2.517090846218445961e+02 2.834131203315612879e+01 1.872254973862443137e+02
2.516699194530049510e+02 2.587399759587676229e+01 1.882559694582616032e+02
2.516845316583003580e+02 2.641214120234028329e+01 1.878475687068780928e+02
2.516559177784786527e+02 3.026088663760945607e+01 1.870606363453273389e+02
2.516223309862098461e+02 2.988451848502236174e+01 1.874375630955683221e+02
2.516999988600047971e+02 3.083640055378434042e+01 1.879318916193885229e+02
2.517664137143957248e+02 3.053291736174708149e+01 1.881352148320977165e+02
2.516838438611891036e+02 3.373613670822582833e+01 1.877972353849447131e+02
2.517472605281724611e+02 3.167234637614522086e+01 1.882703270646263150e+02
2.515605989788176089e+02 3.252504126149337083e+01 1.884236006875437681e+02
2.516504762013332765e+02 3.286199471295553565e+01 1.892755583759881404e+02
2.515304549720891032e+02 3.577111936129868042e+01 1.887352044454746647e+02
2.516841871264140593e+02 3.463027675283763784e+01 1.894181553104143632e+02
2.515353670847915737e+02 3.538479398386526498e+01 1.894936052601912309e+02
2.515683927460837879e+02 3.299380602601468837e+01 1.891216387557838914e+02
2.516989297978281854e+02 3.620474440674016137e+01 1.889418171777011821e+02
2.515939590387053784e+02 3.258329501682759854e+01 1.889240028525213404e+02
2.516789342818093473e+02 3.676392219152679530e+01 1.871275439309821707e+02
2.516428230334765885e+02 3.263157508071799384e+01 1.883262868962617063e+02
2.516456958214108965e+02 3.189956262183698854e+01 1.887643959228704489e+02
2.516869585814406207e+02 3.380545855040742254e+01 1.879617126274736449e+02
2.516455400220652336e+02 3.276409065748590876e+01 1.881605404590634123e+02
2.516591350982992594e+02 3.496712760473072734e+01 1.878476586398337247e+02
2.516547929832028103e+02 3.513132111511798428e+01 1.879362793342934594e+02
2.517052086381237075e+02 3.485586280537621917e+01 1.886090145754721163e+02
2.516859604522994402e+02 3.400849803097493407e+01 1.875346412878399178e+02
2.516366543927182136e+02 3.374876152186827483e+01 1.867010261223569501e+02
2.516214772564621853e+02 3.122698318000397677e+01 1.881373250899012817e+02
2.516343490690672411e+02 3.514761418002044735e+01 1.862649133540305684e+02
2.516614416886115748e+02 3.443080165729970332e+01 1.872467836301754289e+02
2.515771770425230898e+02 3.577511694450883084e+01 1.870737665568471186e+02
2.515684738124099908e+02 3.383238017066994985e+01 1.875320218321749621e+02
2.516973084713044102e+02 3.185793126335536130e+01 1.871568975410303324e+02
2.517046196405975138e+02 3.564344876418185493e+01 1.872237633268607055e+02
2.516961178096385368e+02 3.463784758770680128e+01 1.877748420789966133e+02
2.516350799326642687e+02 3.612300675003831429e+01 1.881281683950260799e+02
2.515615287082461009e+02 3.465181379571539111e+01 1.880460431399521326e+02
2.517599081417191371e+02 3.722533398693058615e+01 1.888980451615436493e+02
2.515812430254459571e+02 3.797791195943644027e+01 1.878023463634786197e+02
2.515187294880028048e+02 3.741826930993556743e+01 1.880013337943980503e+02
2.516501101362040913e+02 3.413885648346943924e+01 1.878103225299787198e+02
2.516422251693209660e+02 3.427787383292989887e+01 1.878597856555669239e+02
2.516186019352051915e+02 3.517140081344991387e+01 1.871077194142451390e+02
2.516194898648092249e+02 3.272834800760503526e+01 1.878903286606196161e+02
2.515523834133229855e+02 3.559704589240725170e+01 1.877048932394483813e+02
2.516398577792639912e+02 3.442808720203375117e+01 1.882761929733228499e+02
2.516810356729835121e+02 3.219323805506683556e+01 1.875826604194928962e+02
2.516423936352800581e+02 3.507563614899483895e+01 1.881683684261859355e+02
2.517923764720188160e+02 3.805889215265295888e+01 1.873361035216985329e+02
2.515797445650728150e+02 3.405339610906967351e+01 1.878205799535641916e+02
2.516434563641499267e+02 3.487891477522460804e+01 1.876120786292697460e+02
2.516673873969729414e+02 3.349922036994111352e+01 1.881105808022273038e+02
2.516295623558381180e+02 3.446266832345970954e+01 1.885874813325783919e+02
2.516978708689423456e+02 3.584721910834640823e+01 1.879709491220136783e+02
2.515400765316785794e+02 3.456736801705432782e+01 1.878380307469375339e+02
2.517099788847553441e+02 3.467358517094228176e+01 1.873868358419561275e+02
2.516795346792876842e+02 3.556729201737352497e+01 1.873203424545616826e+02
2.516446432258317714e+02 3.424249471485553187e+01 1.872956222917196953e+02
2.515653920253535034e+02 3.572866087295766846e+01 1.873737968300533225e+02
2.515507088870226653e+02 3.598940817781898716e+01 1.877333931197489107e+02
2.516786138164886495e+02 3.499097123792080311e+01 1.883938113459923329e+02
2.516266262348364933e+02 3.409824605403323972e+01 1.881806917744278849e+02
2.515335430924523337e+02 3.728596653227389623e+01 1.873199586561736396e+02
2.516151591496649189e+02 3.675442476474932363e+01 1.879075286550463204e+02
2.516337486715889042e+02 3.552947204288408756e+01 1.873939291454975944e+02
2.517496253849067216e+02 3.420960205300470847e+01 1.872008152232427278e+02
2.517396263602359454e+02 3.255644052961644519e+01 1.869603230999763070e+02
2.515898588559261384e+02 3.227051579716698626e+01 1.870034592521378158e+02
2.517945627295032125e+02 3.405042578821169030e+01 1.869035488050950278e+02
2.516628071495433119e+02 3.185450494441256808e+01 1.869565953156329954e+02
2.516713140471476606e+02 3.434117650039203085e+01 1.877255182861565288e+02
2.515902249210553236e+02 3.147441154080486214e+01 1.873314143413930992e+02
2.516797690116368074e+02 3.439740359757155375e+01 1.863605728855938821e+02
2.516851890555392970e+02 3.196879199774027569e+01 1.879133008308031663e+02
2.517301010669088441e+02 3.192716697256538083e+01 1.876568994410223468e+02
2.516751735642710344e+02 3.328272007924233122e+01 1.864011820483687245e+02
2.516979620685593204e+02 3.119139252948470897e+01 1.870143880062370272e+02
2.516927104906159514e+02 3.293924838849009973e+01 1.870757121486756489e+02
2.517698324333704534e+02 3.011389058832619625e+01 1.870622513385443710e+02
2.516390281160819029e+02 3.161818773694483653e+01 1.864644695158947059e+02
2.517793121268890673e+02 3.130840923801453357e+01 1.865408415951319796e+02
2.517113861455115114e+02 3.181413518063224188e+01 1.876869129816321333e+02
2.516633758804879619e+02 2.958909885911812410e+01 1.880557672991106699e+02
2.517936912664966940e+02 2.997096812193388615e+01 1.875940578382904107e+02
2.516889371064641523e+02 3.556429889661129806e+01 1.861373732230324549e+02
2.515809947598220049e+02 3.571678845615515030e+01 1.870757704150975940e+02
2.516835715289995790e+02 3.531809413067131942e+01 1.877734322849177317e+02
2.517183882494360319e+02 3.596430801657299980e+01 1.871844284254006254e+02
2.515092257279186185e+02 3.357755197428171101e+01 1.875773961749360694e+02
2.516983180003977338e+02 3.384617791271943332e+01 1.876265401018649186e+02
2.516662486684222699e+02 3.563150034769854102e+01 1.874256210123917583e+02
2.516933222880464029e+02 3.444686418983707199e+01 1.878530432172184987e+02
2.516062570537203840e+02 3.636600306278713646e+01 1.877489793876198974e+02
2.516374954558524166e+02 3.562415624521043611e+01 1.876159748795721782e+02
2.516520278614829920e+02 3.568988583581282370e+01 1.870598472153083662e+02
2.516974769372635308e+02 3.404911099373382655e+01 1.879660990757172101e+02
2.516814194713715551e+02 3.463671392580150865e+01 1.874766573313725360e+02
2.516956998113941211e+02 3.413635229398703075e+01 1.873574834985693087e+02
2.516784022840437274e+02 3.340022318572928839e+01 1.874241618185203606e+02
2.516719195112713976e+02 3.453679967877468471e+01 1.868007009703892436e+02
2.516714103134100071e+02 3.564415049456792417e+01 1.862181228838838933e+02
2.516461708194158859e+02 3.605942288375722171e+01 1.869458704940105918e+02
2.516815702040718179e+02 3.522213313370750853e+01 1.877071960297766680e+02
2.516438224292791404e+02 3.313931881486097808e+01 1.868511026920353686e+02
2.516655646712950443e+02 3.627266785479501010e+01 1.867827726456882260e+02
2.517354894442776754e+02 3.318798521046211647e+01 1.882209108055079412e+02
2.517219615010950236e+02 3.668559058718619781e+01 1.875172880273902933e+02
2.516015412735266636e+02 3.511655691046097871e+01 1.868957221046338191e+02
2.515764499789100910e+02 3.532080731927592865e+01 1.879391939220521976e+02
2.516049650591467639e+02 3.577533101027642459e+01 1.882673706770431465e+02
2.515190980864547043e+02 3.764029604408995056e+01 1.882525102061237874e+02
2.516713013805342030e+02 3.818188876940050136e+01 1.881286053931906679e+02
2.515953764327523174e+02 3.785116855842538541e+01 1.888370148845374956e+02
2.515546000706796974e+02 3.839790139548080816e+01 1.884103944763431855e+02
2.516611009567093049e+02 3.483688188509608352e+01 1.883648466009776143e+02
2.515488038283572507e+02 3.863236674405967364e+01 1.886969550727886826e+02
2.516169894753108736e+02 3.873301945465162532e+01 1.883539381134599182e+02
2.515752504506147602e+02 4.145157363672405637e+01 1.876804935419271203e+02
2.516228807172343238e+02 3.733176773990882680e+01 1.887040027765216621e+02
2.516321704115509306e+02 3.824436177368055212e+01 1.881631067149517946e+02
2.516783769508168120e+02 3.896365695264079676e+01 1.889574743786075999e+02
2.517058356354903310e+02 3.741082514120107305e+01 1.880529857107933367e+02
2.515552866011296089e+02 3.794022498438840074e+01 1.877777642667234090e+02
2.515435079172667372e+02 3.859158151535763892e+01 1.886955237454669430e+02
2.515412241268586797e+02 3.956945420829232773e+01 1.867483650568667599e+02
2.516084838443678677e+02 3.847690686365783819e+01 1.879562849836030693e+02
2.516578418370642964e+02 4.035744676539025022e+01 1.875352100187845963e+02
2.515138769083836507e+02 3.882950104942892722e+01 1.886283362276545006e+02
2.516296535554550644e+02 3.965973802910027501e+01 1.885839118809034289e+02
2.516699397195865231e+02 3.817132861375315400e+01 1.885743701209788128e+02
2.516113110324936599e+02 4.049266539747199545e+01 1.887634269269402409e+02
2.515086303970856534e+02 4.085588433861911284e+01 1.887930136026762113e+02
2.515972840247404179e+02 4.008716276724970839e+01 1.880838048480196392e+02
2.517236613606222875e+02 3.969780753587501465e+01 1.892283537075811068e+02
2.515834115496714958e+02 3.772401602579935798e+01 1.887754006766504915e+02
2.515770136432093693e+02 3.825614679085014558e+01 1.887830399112323789e+02
2.516303730190999772e+02 3.899460655598579706e+01 1.881574662719749824e+02
2.516103990363240541e+02 3.821679162280851472e+01 1.878014318339862996e+02
2.516610895567571902e+02 4.011584631344548058e+01 1.877952074601286654e+02
2.515265739217228713e+02 4.068529672175376533e+01 1.882741384486185154e+02
2.515960034301189410e+02 3.945760294473429752e+01 1.880899456222283845e+02
2.516035438651157676e+02 3.987396339602040030e+01 1.884060004281315344e+02
2.515367490123208256e+02 3.870988388515434764e+01 1.892177745520135375e+02
2.516319538124606652e+02 3.988979286286997450e+01 1.887283822074614079e+02
2.516239611793630502e+02 3.921258377381481353e+01 1.884198817698299138e+02
2.515668626191769874e+02 3.953867940421316973e+01 1.878548798761711964e+02
2.516101127708597005e+02 3.889996795346792879e+01 1.881579704031909728e+02
2.516215963226287897e+02 3.858284281872683152e+01 1.880050527121119330e+02
2.515905099198583343e+02 4.095838764143856991e+01 1.880907904853466164e+02
2.516720284441472018e+02 3.997245138237086337e+01 1.877422394825941865e+02
2.515960008967962267e+02 3.904849159633529609e+01 1.877475189270871851e+02
2.515953004330715146e+02 3.678824208938322471e+01 1.872591867780822099e+02
2.516162282118415021e+02 3.480817300567337469e+01 1.881672094310537204e+02
2.516283159610729570e+02 3.969410761808133969e+01 1.871501120361961057e+02
2.516068625178440925e+02 3.956531982565672934e+01 1.880807078610269798e+02
2.515688842106863206e+02 4.165445605128458340e+01 1.876628742825946858e+02
2.516024988695047568e+02 3.932345084150646386e+01 1.888384436785365494e+02
2.514925931977752498e+02 3.939321221517536031e+01 1.885978134891833520e+02
2.516864747168062024e+02 3.821290803911956857e+01 1.887068122313886249e+02
2.516006381439864583e+02 3.996785720166641909e+01 1.881894824041739014e+02
2.516365593931172100e+02 4.037883560889044077e+01 1.879675316697003211e+02
2.515576995909950426e+02 4.124612876625918290e+01 1.878893381314465216e+02
2.515861640047778565e+02 4.252149460972263739e+01 1.878191967593735967e+02
2.515729463936251591e+02 4.206614758884679617e+01 1.878823398275060583e+02
2.516982926671707901e+02 4.378959615036283282e+01 1.872739522494005655e+02
2.516078758469214449e+02 4.158461867793488409e+01 1.874013327810689873e+02
2.516024912695366709e+02 4.000185945885694139e+01 1.880524271131394585e+02
2.516282209614719534e+02 3.859319524191331396e+01 1.884203377679147025e+02
2.515569725273820438e+02 4.096926319576124342e+01 1.885852608752376511e+02
2.516033969323995620e+02 4.235375698088734708e+01 1.882769833700031654e+02
2.515909266514414071e+02 4.205984468198566617e+01 1.886417552379613198e+02
2.514449477312195427e+02 4.185436307834173419e+01 1.883686263184361280e+02
2.516059657216106302e+02 4.044010655155248202e+01 1.879216151958828505e+02
2.516246198432633321e+02 4.058722166700233203e+01 1.886120900292218892e+02
2.515910571175600978e+02 4.011714084134180069e+01 1.883140015478601583e+02
2.516703691177830251e+02 3.962601697072872042e+01 1.885150511034520378e+02
2.515091699948193593e+02 3.994548162897715571e+01 1.881517599626081676e+02
2.515784272372722796e+02 4.162500490831271804e+01 1.884923626654101270e+02
2.516045090610619468e+02 4.103183499962633363e+01 1.881039536300614259e+02
2.515987774184681882e+02 4.194830755044161918e+01 1.881689282905011851e+02
2.515083352649918993e+02 3.845057804090556175e+01 1.889770772296089660e+02
2.516036831978639157e+02 3.902484556231530632e+01 1.884830527045119766e+02
2.516008661430288669e+02 3.939985965392278899e+01 1.890646301285534605e+02
2.514709890218460941e+02 3.628414633991870630e+01 1.884685418321243162e+02
2.514773501951291905e+02 3.980602981467477974e+01 1.881715464795047978e+02
2.515800840303137420e+02 4.241475812468254247e+01 1.882942226309316140e+02
2.516419021706775538e+02 3.934279909357714189e+01 1.885588712527407438e+02
2.515884921283330584e+02 3.985736886571743298e+01 1.887095862197378722e+02
2.516228933838477815e+02 3.888316949068813955e+01 1.882938046326871984e+02
2.515897461230662771e+02 3.756662955348920718e+01 1.890289064785928019e+02
2.515476435665636927e+02 4.109105141758404756e+01 1.882364350069729824e+02
2.515480311649357645e+02 3.943302844794718709e+01 1.884276831370641503e+02
2.515858726726681027e+02 3.640012311948289891e+01 1.891245989433511170e+02
2.515486087625098719e+02 3.824768295973156995e+01 1.890089628956891659e+02
2.515546152706158693e+02 3.968616438477624797e+01 1.893180003977316517e+02
2.516388685167522397e+02 4.167489616543610254e+01 1.884541766257915185e+02
2.515265435218505274e+02 4.246678877282048603e+01 1.886558291121843922e+02
2.516326023430701468e+02 4.061077776806670414e+01 1.900993670493250534e+02
2.515615540414730162e+02 4.180836047155268886e+01 1.898632107078483671e+02
2.516316814802711122e+02 4.245851494090391753e+01 1.900120459494070246e+02
2.517021129177924195e+02 3.246038959969701665e+01 1.873096150996165932e+02
2.516364884600818073e+02 3.225529939440921368e+01 1.881639490447473406e+02
2.516942507508135236e+02 3.440763062128472427e+01 1.886748454989822505e+02
2.516550754486831067e+02 3.770810422596225209e+01 1.886551755149295104e+02
2.515619961062830328e+02 3.696509334660794366e+01 1.889565155159681638e+02
2.516249783084244314e+02 3.562683776728137985e+01 1.889727376478352028e+02
2.515799383642588793e+02 3.861608127912529653e+01 1.879832661369488847e+02
2.516424113685389159e+02 3.311148393176748783e+01 1.891006641105440735e+02
2.516303134860166892e+02 3.131879332773468860e+01 1.893051425184014249e+02
2.516750190315867428e+02 3.463273660917290897e+01 1.882026822820677410e+02
2.515787616358678065e+02 3.565001006995770894e+01 1.882459273671050539e+02
2.516579153034223850e+02 3.358800699703727588e+01 1.892702801981565131e+02
2.516475793468333961e+02 3.456184917356680586e+01 1.885138997082878802e+02
2.515777977065829702e+02 3.566557100460178020e+01 1.879445176996923408e+02
2.515755354494177709e+02 3.462465910976506933e+01 1.880731572927393813e+02
2.516390407826953890e+02 3.017660172493942028e+01 1.890339807239476215e+02
2.516087701098321929e+02 3.292119466431574182e+01 1.882967964867880823e+02
2.516522799270909729e+02 3.184719250845813221e+01 1.879944228900905330e+02
2.517021965174412799e+02 3.199868140553809681e+01 1.880668695858144019e+02
2.516865887163273783e+02 3.182556046597937538e+01 1.876775270210531801e+02
2.516514793971198571e+02 3.242346135479564140e+01 1.872857448665382378e+02
2.516101355707639300e+02 3.188074890085461632e+01 1.874418900107286277e+02
2.516124624276578174e+02 3.292870596610161016e+01 1.868593321908047926e+02
2.517034872453535570e+02 3.102839981405411507e+01 1.874084754844029703e+02
2.515914181160439114e+02 2.947711586278004248e+01 1.876898997690876456e+02
2.516655596046496726e+02 2.991119817296767280e+01 1.879615454281758673e+02
2.517248266890612456e+02 2.722470318957993740e+01 1.885812924252384732e+02
2.517138054686836881e+02 2.939496780780187279e+01 1.881263380693800968e+02
2.517708305625116338e+02 3.061110583335549862e+01 1.877369068383246145e+02
2.515660886890941583e+02 3.211911809970398224e+01 1.878124353211049709e+02
2.516058390554759683e+02 3.455156768341572615e+01 1.866656216710556464e+02
2.516294192231059412e+02 3.206590565652957281e+01 1.880784709370887242e+02
2.515851874088795626e+02 3.217681705736836051e+01 1.876343326024697262e+02
2.515708488024350231e+02 3.422792177606187636e+01 1.867545298976411061e+02
2.516849293899632301e+02 2.836162801449567183e+01 1.883716270391664409e+02
2.515996400148452778e+02 3.193833385899779387e+01 1.884740822088547247e+02
2.516451372237569899e+02 3.237993887092341083e+01 1.875538375405489830e+02
2.516972616048345799e+02 3.193433880911033640e+01 1.882410899874220434e+02
2.516238965796343621e+02 3.046439224955255298e+01 1.872617669672453928e+02
2.516638546784770085e+02 3.152845998046808162e+01 1.866835436624499494e+02
2.515848226104116918e+02 3.140931021423043390e+01 1.877946463291520729e+02
2.516645602088471207e+02 3.086422783690975180e+01 1.878787070427637502e+02
2.516320944118701277e+02 3.294748295390492387e+01 1.871479295786957664e+02
2.516819679357346615e+02 3.239045469342362082e+01 1.870712281675083659e+02
2.516018896053969911e+02 3.224460497265911130e+01 1.880607516115098861e+02
2.516044976611098321e+02 3.308689550170556259e+01 1.867913694762482066e+02
2.516666400667783989e+02 3.335244598639352631e+01 1.881801306434512924e+02
2.516141610205237100e+02 3.182299421009098594e+01 1.882007544234980969e+02
2.516505078678669634e+02 3.228846185512687583e+01 1.884635423197889281e+02
2.516240017125261375e+02 3.076143826862593755e+01 1.888906871257807438e+02
2.517046082406453991e+02 3.223594860901584269e+01 1.879199343362757872e+02
2.516007977433161500e+02 3.291720088108963438e+01 1.864867450223375727e+02
2.515019867583222890e+02 3.033597685556387447e+01 1.876299271543059604e+02
2.516317663465813439e+02 3.140487563285567418e+01 1.874924969315128749e+02
2.516672619974996223e+02 3.117752258773846563e+01 1.877648721875368096e+02
2.516341565365425481e+02 3.433367659855828435e+01 1.886279372293303140e+02
2.515529964774148084e+02 3.812649133540305968e+01 1.881298733211987155e+02
2.516259561709840682e+02 3.537673295105494020e+01 1.898555575399916791e+02
2.515362372811367493e+02 4.132411710537482463e+01 1.887333259866975084e+02
2.514694069618240917e+02 4.129083431182922226e+01 1.897182210501382542e+02
2.515906568525745399e+02 3.649060833944497517e+01 1.899203941343446331e+02
2.515752580505828462e+02 4.015476701664519510e+01 1.895241609318574092e+02
2.515746437198297087e+02 3.839335788123023008e+01 1.899403136506826684e+02
2.515797154318618425e+02 3.688674400900849548e+01 1.898010480355982565e+02
2.515844160121194193e+02 3.765262825896131460e+01 1.883296916819616058e+02
2.516668047327534623e+02 3.669932246284565736e+01 1.885351986188324815e+02
2.514850400961649370e+02 3.679105914421825929e+01 1.888297138485351638e+02
2.515162518984086830e+02 3.653748114257920321e+01 1.882386845975246956e+02
2.515212463440986994e+02 3.704953025863957805e+01 1.888785411101273439e+02
2.516217736552173108e+02 3.925152981024146470e+01 1.878782915778420488e+02
2.515976247566426878e+02 3.827079066267921803e+01 1.890118534168823032e+02
2.515135868429352684e+02 3.718383182790632446e+01 1.891469073829889851e+02
2.514789955882185382e+02 3.651486363757272358e+01 1.889535426617874805e+02
2.515357166833232725e+02 3.507494708522224158e+01 1.889428799065710507e+02
2.515998401473380568e+02 4.089059972614781913e+01 1.885545570041939243e+02
2.515460209733785746e+02 3.855556399996453365e+01 1.886977277362101688e+02
2.515297203085080469e+02 3.522534285356001504e+01 1.899612566293888278e+02
2.516846659244031059e+02 3.624151811895723085e+01 1.894453454628823863e+02
2.515357445498729021e+02 3.903321312717153546e+01 1.886675799294976343e+02
2.515584532544963281e+02 4.101058802219697697e+01 1.889688109976604835e+02
2.515180632241344654e+02 4.055452913764428757e+01 1.892822235479944197e+02
2.515551954015126341e+02 4.182710579282233709e+01 1.895758305815115534e+02
2.515396332002072199e+02 3.971744205341003919e+01 1.901183517695892249e+02
2.515476992996629519e+02 4.005914421826094696e+01 1.898534840153671439e+02
2.514445791327676432e+02 4.326787354159779397e+01 1.878205191538195606e+02
2.515799269643067362e+02 3.928292907836453907e+01 1.889299396942532780e+02
2.515910292510104682e+02 3.754831743040012526e+01 1.893609060175280661e+02
2.515951864335503103e+02 3.943661436621966487e+01 1.882955589586523786e+02
2.515592968509532170e+02 3.712931345688348017e+01 1.892371494039724951e+02
2.515842969459528149e+02 3.698956271050328581e+01 1.891916344618019252e+02
2.515433204513874443e+02 3.762258938512458428e+01 1.892988142783133583e+02
2.515784082373520789e+02 3.679173047473200597e+01 1.888632829075451127e+02
2.515983796868053162e+02 3.737807307875973351e+01 1.884847474973938404e+02
2.516346910676308539e+02 3.542782246981229122e+01 1.894938877256715557e+02
2.516514274640046551e+02 3.271647685746386713e+01 1.885798268980603609e+02
2.516806316080139254e+02 3.524584503411752223e+01 1.886917807611874593e+02
2.514889566130488845e+02 3.583651835328958413e+01 1.878057777490667775e+02
2.515538565404691838e+02 3.599364389336231795e+01 1.881553116810242727e+02
2.515853191416595962e+02 3.701043602283537126e+01 1.883485738026566878e+02
2.515072269363135433e+02 3.755983264870287286e+01 1.886901239681459970e+02
2.514521639009116143e+02 3.937343709823085192e+01 1.886766023582700882e+02
2.516513793308734819e+02 3.846938796190389098e+01 1.882220191341862972e+02
2.515243889308998178e+02 3.897994621755921685e+01 1.889660674091835517e+02
2.515745385869379334e+02 4.022095767197777860e+01 1.888531597500623889e+02
2.514622072587295065e+02 4.158019422985090330e+01 1.888453938493458395e+02
2.516141470872489094e+02 3.886753888966999426e+01 1.895402880641234731e+02
2.516045128610459756e+02 3.941096067396517100e+01 1.897984007133836712e+02
2.515687081447591140e+02 4.244614472619215206e+01 1.893198091901347482e+02
2.514395048874127951e+02 4.290104208228991922e+01 1.895669766186981917e+02
2.515676960823431330e+02 4.408968215666827462e+01 1.898080514061840915e+02
2.513895844970784594e+02 4.075477689660370118e+01 1.898610333169933995e+02
2.515586584536345072e+02 4.217096761526934756e+01 1.891926110577002191e+02
2.514598322687044742e+02 4.337266696813206579e+01 1.893024901295414679e+02
2.516005342777560259e+02 3.954044766345314343e+01 1.886560001114661986e+02
2.515255846592110913e+02 3.984170026485888627e+01 1.885323422974956884e+02
2.514759391343889661e+02 3.982920591733514470e+01 1.883106626285502898e+02
2.516084635777862957e+02 4.156719068446579257e+01 1.875747146528651115e+02
2.515747387194307123e+02 4.059559936514933298e+01 1.874050909652846144e+02
2.515363094808335234e+02 4.014811957789777352e+01 1.886256965054080013e+02
2.514915976019567267e+02 4.148070178105251671e+01 1.885552891344522948e+02
2.514789322551511930e+02 4.164324483170504010e+01 1.891189838336012201e+02
2.513799122710351241e+02 4.595171613612556172e+01 1.883252786338297255e+02
2.515058880752700929e+02 4.282172374876025600e+01 1.895981415544721358e+02
2.514551164885107539e+02 5.049110233737017950e+01 1.889097136458693456e+02
2.513459936134934765e+02 4.917692092359878586e+01 1.887477912592767098e+02
2.515171968277733185e+02 4.966224601856671939e+01 1.893608971508986372e+02
2.514540461596727994e+02 4.837768421372630456e+01 1.896469194162717713e+02
2.514248572155997010e+02 4.974862345578148393e+01 1.898314985743726595e+02
2.514668166393701085e+02 5.055895991903500430e+01 1.892662876815917343e+02
2.514276793370801215e+02 4.965786463696852593e+01 1.903733344986617624e+02
2.515167154964615861e+02 5.489012726146550136e+01 1.895659962228158690e+02
2.515900627884029461e+02 5.425259380577268331e+01 1.902579125167674192e+02
2.514919662004086263e+02 5.613187971277186961e+01 1.905131270448664225e+02
2.515098565252692708e+02 5.442415041856823876e+01 1.905599263816425264e+02
2.513798818711628087e+02 5.078577589974121764e+01 1.913457491478535815e+02
2.515049874790526019e+02 5.050299882073828428e+01 1.913473970742656149e+02
2.514752475372936829e+02 4.714262100099179520e+01 1.902819575491116382e+02
2.516186779348859943e+02 3.743266111615664471e+01 1.874729118137703949e+02
2.516452018234856780e+02 3.571559272784387673e+01 1.883740932288084480e+02
2.516176861390515569e+02 3.789022732771189084e+01 1.876278143631796809e+02
2.515394419343438699e+02 3.586737929034031680e+01 1.877908146785783572e+02
2.516491816734369706e+02 3.491806854411211702e+01 1.875665662204218620e+02
2.515677315488608201e+02 3.613835108559210596e+01 1.880036074515153643e+02
2.516525484592964688e+02 3.689303171593346065e+01 1.880416072919160513e+02
2.515630968349933028e+02 3.705761155803145357e+01 1.873663437946893850e+02
2.514959257837783753e+02 3.432088458561807442e+01 1.879617544272980751e+02
2.516802972094183986e+02 3.671642745767134386e+01 1.871625785171702319e+02
2.515245979300220256e+02 3.465841436799298947e+01 1.876864468502565728e+02
2.516899048357330173e+02 3.326904140335943794e+01 1.879064443929335368e+02
2.516146284185606419e+02 3.486338044046881635e+01 1.876610692901756465e+02
2.515823652873991136e+02 3.428191954927122964e+01 1.870842621127657992e+02
2.516064166530500472e+02 3.403327392691617348e+01 1.869131120982625305e+02
2.516880137103424033e+02 3.269701587253333486e+01 1.868822106280486821e+02
2.516617165541238137e+02 3.545276049840590815e+01 1.876503128020195561e+02
2.516594656969107291e+02 3.490905751529177081e+01 1.869318827527590940e+02
2.515856421403030083e+02 3.273958456041151521e+01 1.873636724059092273e+02
2.515787312359954626e+02 3.264542728920538650e+01 1.875574842585661202e+02
