2.533352160739713952e+02 2.229798824437153826e+02 1.104392929058483332e+02
2.532286250180349043e+02 1.673710788956985880e+02 3.887828721622452122e+01
2.531041081969475499e+02 1.690252915383312597e+02 3.649507631121677775e+01
2.529941635876622286e+02 1.695826789534103227e+02 3.647152490700256777e+01
2.529926605734789575e+02 1.700266741106434267e+02 3.570699880185430430e+01
2.526573340944590598e+02 1.696900227710412707e+02 3.710495630845665005e+01
2.522363797180907454e+02 1.696620175268014634e+02 3.737266973207956511e+01
2.522804576791102420e+02 1.700227873510943368e+02 3.804905497042273765e+01
2.520729890284983128e+02 1.705682158920539848e+02 3.595631849347292786e+01
2.519570411446996161e+02 1.693804670886314057e+02 3.655414928519004292e+01
2.520317314146274157e+02 1.666898784917164846e+02 3.494012157101365545e+01
2.520314252915383406e+02 1.663503930043346486e+02 3.385132329232872905e+01
2.519815736483222963e+02 1.678789433735015280e+02 3.365678708762773397e+01
2.519770407683187727e+02 1.675590460000125574e+02 3.452033272066895364e+01
2.519286469735843355e+02 1.678098975616794064e+02 3.626991274237358454e+01
2.520388575586683544e+02 1.683749731828646361e+02 3.384771505460658858e+01
2.519588515365747980e+02 1.692972405010883676e+02 3.603014936046621131e+01
2.519685182513345865e+02 1.690644727845282489e+02 3.613659111866660822e+01
2.519197982598658712e+02 1.691511984593477393e+02 3.328206482532792165e+01
2.520128772433866686e+02 1.695076687597623675e+02 3.533226273892342562e+01
2.520448495417563208e+02 1.683476441695470385e+02 3.826513521481936664e+01
2.519812461969851825e+02 1.694134091949840979e+02 3.454717871189927791e+01
2.520131105995119469e+02 1.696999215873235016e+02 3.601330255374404743e+01
2.519991518884908999e+02 1.702105662649846636e+02 3.418123239635412602e+01
2.520244936109351102e+02 1.710845476843168456e+02 3.425620495191734705e+01
2.520281131400826666e+02 1.700668151280008544e+02 3.560378890052881218e+01
2.519681581803240533e+02 1.704536355253335671e+02 3.612472633975899328e+01
2.520036496396153325e+02 1.706875813139455431e+02 3.560202241975246551e+01
2.520398750415587301e+02 1.705081304536016376e+02 3.570400281031032819e+01
2.520065226800825542e+02 1.708967762980434486e+02 3.541610157264464220e+01
2.519471410738145494e+02 1.708109388820234358e+02 3.631841317834806659e+01
2.519492776624240093e+02 1.708262450364775873e+02 3.774624277819249585e+01
2.520093944659469400e+02 1.708886289073036835e+02 3.712930438546417378e+01
2.519946616649833970e+02 1.716101058257482066e+02 3.650593740786510466e+01
2.520324390106202088e+02 1.712238976745936725e+02 3.610845037732180174e+01
2.520030649946993151e+02 1.695186515528846485e+02 3.474227321485700770e+01
2.519964770752698939e+02 1.678445885843688927e+02 3.337108767791836073e+01
2.519868379617722383e+02 1.671726634590654328e+02 3.493207203929416238e+01
2.519926066255575279e+02 1.686700658039181349e+02 3.357925137849485253e+01
2.520056833507932197e+02 1.686683607986801690e+02 3.391298325732531538e+01
2.520518326610753093e+02 1.693159604298269301e+02 3.355636867758589403e+01
2.519604800110405165e+02 1.691133521105556099e+02 3.709336126915621890e+01
2.520173197919868642e+02 1.703850689717902469e+02 3.559654733302804885e+01
2.519805097451274492e+02 1.702884269162489943e+02 3.295718040561309436e+01
2.520684636761117474e+02 1.699318700482394888e+02 3.487843024094647149e+01
2.519605339589619462e+02 1.696600653648071386e+02 3.452493711303343815e+01
2.520566679003594572e+02 1.695096598144442339e+02 3.552617415141801160e+01
2.520189859045372600e+02 1.701074015293608568e+02 3.579457258818289489e+01
2.519504695351069188e+02 1.698743816376330642e+02 3.511997264965843613e+01
2.520072302760753473e+02 1.704189369750271226e+02 3.693666639483605252e+01
2.519586558185342540e+02 1.707413360265474012e+02 3.623004146462333352e+01
2.520432963434600708e+02 1.710937514506345281e+02 3.542193296657110579e+01
2.519186063871829901e+02 1.717606631830528272e+02 3.464756073845921946e+01
2.519585817969676214e+02 1.709720085563912733e+02 3.692427468274230762e+01
2.519770595873611398e+02 1.713818521701492443e+02 3.574567193390752351e+01
2.519883246661188139e+02 1.710706692678765251e+02 3.552054976695752231e+01
2.519785073990201454e+02 1.716167213464397605e+02 3.651480744983157223e+01
2.520486961540150332e+02 1.714556604542916887e+02 3.647962211362937524e+01
2.519533940142899269e+02 1.724090042844686366e+02 3.556021779905026392e+01
2.520133891213389177e+02 1.713719834643347895e+02 3.781165776944163781e+01
2.519511558028517015e+02 1.703730498767352799e+02 3.334548374348390354e+01
2.519621072309033707e+02 1.681866121332639068e+02 3.238876126790161436e+01
2.519867501395745535e+02 1.681993915176303176e+02 3.251439970391373180e+01
2.520382616223268997e+02 1.684386380031741339e+02 3.187019377340618220e+01
2.519967455602742632e+02 1.687147660479383831e+02 3.346598959934258488e+01
2.519689285064580702e+02 1.693456167313832736e+02 3.413716447215722383e+01
2.519401705005238057e+02 1.689527880411258707e+02 3.383864427618826909e+01
2.520281307045222263e+02 1.692481340919498507e+02 3.590314089817016452e+01
2.520233556861736588e+02 1.699971344871497365e+02 3.507276069078431391e+01
2.520270492368878195e+02 1.698715236523997305e+02 3.620111032349933566e+01
2.519846072779509711e+02 1.706963823527566717e+02 3.453903759417362096e+01
2.520346069643002807e+02 1.699456807161272991e+02 3.422916700645492938e+01
2.519465614473098185e+02 1.703095418817787845e+02 3.510407557727412353e+01
2.519748213759229145e+02 1.710704534761907780e+02 3.412991286783386613e+01
2.519532233883058439e+02 1.709425868655630438e+02 3.432883265480230506e+01
2.519605477595929983e+02 1.707680854133602679e+02 3.500027852182694943e+01
2.520085062071474624e+02 1.713504532252702006e+02 3.448970284732111224e+01
2.519888955104038075e+02 1.721929942978301540e+02 3.352199130560242679e+01
2.519872243794420683e+02 1.717011548618995960e+02 3.457154309874351839e+01
2.520169459203452789e+02 1.713583835697214113e+02 3.529759555368759294e+01
2.520237458676519395e+02 1.715798849529210202e+02 3.533071455903846925e+01
2.519945525145377019e+02 1.724424005570436407e+02 3.359760872701724566e+01
2.520346772220584342e+02 1.721044343936818279e+02 3.600121947394503508e+01
2.520403279531782346e+02 1.716431545733409507e+02 3.704637137498196608e+01
2.519839686851135241e+02 1.724379416986067497e+02 3.692615407777282854e+01
2.519676124280955776e+02 1.724714157565568655e+02 3.525236210346709242e+01
2.519962123540740038e+02 1.713970165544842530e+02 3.522976545200203446e+01
2.519352574758645744e+02 1.683705356526757555e+02 3.363310395011698972e+01
2.519684379567538315e+02 1.676327175324471739e+02 3.195262996117004306e+01
2.519869609128490140e+02 1.676234610728108692e+02 3.282763011799539754e+01
2.520104282586740112e+02 1.685610483461198328e+02 3.155810253868881432e+01
2.520229742869151153e+02 1.686689416797877072e+02 3.348696655856172555e+01
2.520304253730875246e+02 1.682067999473066777e+02 3.438465746206394869e+01
2.519953454235225365e+02 1.689494758896702251e+02 3.298167652575386199e+01
2.520273704152108110e+02 1.697578767101804829e+02 3.436585849334746712e+01
2.519854716992967951e+02 1.690853757221807427e+02 3.485820353421615891e+01
2.520298181453206325e+02 1.704513094916976570e+02 3.320802945807430717e+01
2.520038014465570484e+02 1.701266383544629264e+02 3.313222384623588113e+01
2.519533425755741405e+02 1.700958002170462748e+02 3.493762114758520454e+01
2.519618889300119804e+02 1.698290704020374733e+02 3.645951584877017382e+01
2.520298871484759786e+02 1.700878974738572254e+02 3.481923933430773843e+01
2.520695564351715348e+02 1.711366902322897090e+02 3.474755383814368770e+01
2.520135421828834410e+02 1.714991801170544363e+02 3.407945776065941601e+01
2.520505717852370822e+02 1.706632244547182609e+02 3.534927138940989977e+01
2.520430767879658447e+02 1.711655661708894627e+02 3.520789019716083601e+01
2.519979161047091623e+02 1.711259382860870915e+02 3.531469328097457350e+01
2.519628875938599606e+02 1.721867087376813572e+02 3.544136425511094046e+01
2.519809275278678626e+02 1.718321918538638613e+02 3.500738710142836396e+01
2.520052229115567854e+02 1.713904248712463811e+02 3.630558611907435562e+01
2.519758476410330275e+02 1.721340944590466222e+02 3.597753382722864757e+01
2.519573899242847119e+02 1.724730505040366779e+02 3.420691411616367361e+01
2.520386492945995656e+02 1.729433910659732874e+02 3.460283414777966726e+01
2.519930444819431159e+02 1.730214888371713755e+02 3.557095594462182930e+01
2.520252551548493614e+02 1.730194714358302122e+02 3.434682867771135051e+01
2.519887110837886439e+02 1.720596764379316710e+02 3.614000865675948404e+01
2.519888051790004511e+02 1.698466310777665456e+02 3.381519951321410389e+01
2.520652882763639013e+02 1.672293991079774003e+02 3.378336522115511542e+01
2.520298645656251324e+02 1.686180537346389485e+02 3.128253404678413929e+01
2.520816269689423166e+02 1.681643002766399206e+02 3.143114426050572874e+01
2.520464265775062245e+02 1.692083267989436308e+02 3.269133132178680512e+01
2.520382591131212564e+02 1.698084961703248723e+02 3.228396931241492496e+01
2.519838432248311051e+02 1.691019389886646707e+02 3.391815347556347149e+01
2.520178354337475639e+02 1.695732844874633827e+02 3.385449116445960982e+01
2.520503622665654575e+02 1.711906695187970797e+02 3.119783831933405693e+01
2.519230439173718707e+02 1.702006109915753314e+02 3.263942965755615688e+01
2.520429149442015273e+02 1.694743992020725898e+02 3.454682993231417498e+01
2.519859898502631665e+02 1.706704384209568843e+02 3.253889456945167780e+01
2.520181842133326597e+02 1.707774786247043721e+02 3.337960266728560299e+01
2.519890924830471874e+02 1.713230451719746839e+02 3.390042593765878820e+01
2.519785462917077155e+02 1.718623336867131286e+02 3.299196803272003820e+01
2.519967091767923648e+02 1.710252250443815853e+02 3.478620438734607490e+01
2.519539774046031368e+02 1.718859515848770059e+02 3.506868197700313061e+01
2.519952049080062579e+02 1.713429281175311871e+02 3.377754511865406073e+01
2.519951409232622268e+02 1.720671413247351325e+02 3.447780670334289255e+01
2.520007991819989570e+02 1.722139700024464730e+02 3.342915069661821548e+01
2.519837114915345637e+02 1.725808509970955811e+02 3.323689535985145227e+01
2.519401466630701520e+02 1.717772051212887163e+02 3.358406528953096881e+01
2.519817367466894211e+02 1.720125673564891144e+02 3.451228067974381020e+01
2.520312082452497577e+02 1.724093819199187010e+02 3.511498309422694319e+01
2.520757817743847795e+02 1.716162483611750531e+02 3.598736489495837532e+01
2.519752742875424190e+02 1.727420862790362150e+02 3.460295584425360715e+01
2.520101610282724778e+02 1.729893484220233120e+02 3.202628518376794631e+01
2.519733271439594091e+02 1.724150113227904910e+02 3.419887336666394617e+01
2.520699767271176199e+02 1.706203157835308275e+02 3.227981532246428742e+01
2.519658886038152446e+02 1.687585504318970209e+02 3.135081078707508340e+01
2.519635838984273448e+02 1.674410217485399528e+02 3.355772741244440738e+01
2.519901614046533211e+02 1.689119896118886288e+02 3.336446086580141213e+01
2.520031201972235522e+02 1.693747762102212562e+02 3.104768996255010549e+01
2.519812424331767033e+02 1.702754154303601410e+02 3.182439951572331083e+01
2.520089917384404146e+02 1.702149573748690443e+02 3.087453971758890603e+01
2.519751877199475700e+02 1.696261672511024869e+02 3.479177231467947706e+01
2.520659958723567229e+02 1.711401516814814272e+02 3.297520779359274457e+01
2.519734237483768595e+02 1.702667097413636270e+02 3.473639540062604425e+01
2.519996838400883234e+02 1.705042474578610268e+02 3.239417362448482862e+01
2.519798560970560857e+02 1.709072961427236237e+02 3.243201871867413644e+01
2.519926103893659786e+02 1.706372968327551689e+02 3.320391185160557512e+01
2.519708643586156711e+02 1.699273948799658740e+02 3.506604731107249506e+01
2.519942627012853507e+02 1.717073199801772887e+02 3.298879137836939179e+01
2.519773832748897462e+02 1.717389209161109704e+02 3.451156806533971633e+01
2.519434349770721440e+02 1.714339357517893632e+02 3.518494225690501764e+01
2.519787282091172074e+02 1.718113114990621852e+02 3.518856429525823160e+01
2.519625363050692215e+02 1.714768870794728173e+02 3.598664349833451581e+01
2.520536167062911943e+02 1.716870782182130597e+02 3.531064844146963821e+01
2.519971921988796453e+02 1.721945261678783936e+02 3.617989122593515106e+01
2.519853173831494360e+02 1.723104451958121217e+02 3.588658390470036608e+01
2.520136814437969406e+02 1.728239729507631068e+02 3.427231656138457794e+01
2.519969525697402446e+02 1.728121558467628063e+02 3.460832679894362229e+01
2.519909279669788589e+02 1.728286977849987238e+02 3.493467784935983644e+01
2.520278019985823050e+02 1.727929140032494217e+02 3.180890140703706592e+01
2.519224755822925488e+02 1.701133282731019563e+02 3.257109771474095794e+01
2.520517021823816037e+02 1.682977862533168434e+02 3.211700300477376402e+01
2.519894211889871087e+02 1.690389754913338436e+02 3.221652437379636780e+01
2.519734061839373283e+02 1.692495417563185072e+02 3.256905773054894837e+01
2.519727625726885378e+02 1.689823402106478056e+02 3.358918783286181053e+01
2.520207599129305720e+02 1.700453664381198564e+02 3.379231430309949502e+01
2.520293715067152505e+02 1.698086065753734033e+02 3.439546210158518846e+01
2.519877362573943174e+02 1.710306185819224254e+02 3.360597567325124402e+01
2.519648372466486421e+02 1.707533839774673368e+02 3.344276941027393946e+01
2.519986513019640881e+02 1.703815309918262528e+02 3.403275391592906374e+01
2.520137102996618808e+02 1.712341427612553559e+02 3.302042493397652834e+01
2.519577060841963885e+02 1.713993538795455720e+02 3.338680032368753103e+01
2.520288132084585300e+02 1.717470193773406208e+02 3.364446563329214257e+01
2.519911086297855149e+02 1.717016454116038346e+02 3.416654977950355487e+01
2.519242320262463011e+02 1.723221782414232166e+02 3.381161887675408906e+01
2.519786240770827987e+02 1.721713411076888463e+02 3.399044996330286494e+01
2.519625438326861797e+02 1.715111164083230335e+02 3.386676745309353720e+01
2.520314428559778719e+02 1.725841004184100314e+02 3.324435397364079137e+01
2.519868003236875325e+02 1.726677196966370502e+02 3.488918971476604725e+01
2.520480738710142816e+02 1.731349463343642014e+02 3.290704522215879280e+01
2.520362191289292468e+02 1.728267104941253365e+02 3.519594512367247319e+01
2.519869634220546573e+02 1.728971903169754114e+02 3.553779804658340424e+01
2.519087012978866085e+02 1.726931316768394140e+02 3.515977492425335527e+01
2.520974186546893918e+02 1.732608883842597436e+02 3.468241736872149517e+01
2.520219743684642992e+02 1.729275968710205689e+02 3.582540947099671769e+01
2.520525038735862324e+02 1.735507994956496702e+02 3.393644809394466222e+01
2.519647757711102543e+02 1.713481598113077382e+02 3.219221393487356409e+01
2.519948071989109906e+02 1.687363565079384955e+02 3.213294273365409026e+01
2.519671670440930029e+02 1.692935118214951160e+02 3.086445020167740338e+01
2.520171955863072526e+02 1.686123327457610230e+02 3.344918670371927050e+01
2.520336685213878525e+02 1.697160193961596519e+02 3.216580580002885625e+01
2.519995295239409643e+02 1.696964162270329268e+02 3.260217297209135978e+01
2.520188340975955441e+02 1.705307521971232063e+02 3.185447736382854700e+01
2.520378501126006086e+02 1.709091040253931624e+02 3.184516068325669735e+01
2.520063620909210726e+02 1.711571302215001253e+02 3.119356765132078380e+01
2.519454097219172866e+02 1.714096654601569583e+02 3.210470413328900463e+01
2.520016322382741691e+02 1.706856203697314527e+02 3.319280987121501880e+01
2.519660943586783901e+02 1.711171736307578328e+02 3.352060496948178780e+01
2.520400682503936309e+02 1.710582637551516996e+02 3.505671055685546378e+01
2.519943781247451682e+02 1.720425611462051450e+02 3.367657593797243720e+01
2.519778073306443105e+02 1.722985013769265947e+02 3.393846424068300394e+01
2.520255562595271499e+02 1.727092457955122882e+02 3.139814695162878877e+01
2.520720907328762337e+02 1.722759724740140257e+02 3.501032036283113769e+01
2.520111659651345803e+02 1.722785356275836932e+02 3.549435491459291114e+01
2.519577035749907452e+02 1.726366193472301518e+02 3.409589807606656819e+01
2.519917773330907664e+02 1.725417989749894900e+02 3.474817612114444643e+01
2.520138871986600861e+02 1.724963409508634697e+02 3.514262826745623158e+01
2.520229103021710841e+02 1.725666338378927662e+02 3.553885191295565704e+01
2.520554572086341807e+02 1.727600986117819843e+02 3.339016265925614846e+01
2.519652023360704618e+02 1.733657781987667192e+02 3.314353785450371248e+01
2.519827755578277788e+02 1.722241586319810835e+02 3.714340486660435658e+01
2.519648372466486421e+02 1.739224141067541609e+02 3.556652970585836471e+01
2.519966376644313755e+02 1.743277750246215874e+02 3.401677654896401037e+01
2.520097670829857179e+02 1.733315952902210029e+02 3.454256930112349977e+01
2.519928788743703478e+02 1.703978797212272411e+02 3.190329270511188042e+01
2.519933957707338834e+02 1.682674361563987873e+02 3.177459052900328018e+01
2.519971445239723096e+02 1.689096447592103516e+02 3.103862796635155163e+01
2.520456562513722076e+02 1.698113453733384404e+02 3.144781667743534115e+01
2.519279745064706049e+02 1.705959401052611781e+02 3.091757761286720552e+01
2.519704817047543202e+02 1.692472332871221283e+02 3.286606613011485933e+01
2.519886332984135606e+02 1.701151788122675157e+02 3.282166699077239969e+01
2.520038390846417826e+02 1.712892976106089122e+02 3.163984367648811613e+01
2.520237082295672337e+02 1.702646534473349220e+02 3.430124142949446053e+01
2.519314384648679948e+02 1.700790061036427403e+02 3.508338592210171214e+01
2.519692948504826973e+02 1.709777998030273523e+02 3.247159391015789254e+01
2.520104257494683679e+02 1.706115862570806598e+02 3.157509487933857173e+01
2.519867074830785327e+02 1.718031377616630948e+02 3.260579751965021700e+01
2.520181352838225166e+02 1.714271232584544578e+02 3.475349312791303191e+01
2.520103065622000713e+02 1.717591124939622205e+02 3.432539127925576850e+01
2.520232214436714742e+02 1.719261728968151886e+02 3.515716535037920210e+01
2.519709195611399366e+02 1.724588433816564645e+02 3.327933230037700696e+01
2.519949790794979094e+02 1.725336428020299593e+02 3.440251046025104387e+01
2.520749913746055881e+02 1.723414439223902832e+02 3.468056808415875736e+01
2.519197292567105535e+02 1.717109595829700197e+02 3.732863819136456840e+01
2.520066343397338926e+02 1.732077220803824105e+02 3.501203415028886923e+01
2.519420887882418754e+02 1.726650084999341459e+02 3.485737800555789079e+01
2.520557332212554797e+02 1.736614065352261207e+02 3.365640317916355428e+01
2.520174289424325593e+02 1.739288138357599394e+02 3.425048898145069387e+01
2.519994166096867900e+02 1.733030217109018736e+02 3.490329019590623005e+01
2.519739782828251009e+02 1.731672322834398585e+02 3.677551768049029590e+01
2.520261358860318808e+02 1.736346032004917959e+02 3.463419169076549764e+01
2.520203396209844868e+02 1.728748345492525686e+02 3.689009302879940577e+01
2.519962324277192067e+02 1.716461919667781046e+02 3.445330180098235218e+01
2.519943480142773922e+02 1.690989530339432747e+02 3.341366889776868732e+01
2.519809651659525969e+02 1.698528476347600247e+02 3.095061005062322224e+01
2.520124782796885938e+02 1.695389736094296040e+02 3.213263284675653608e+01
2.519849209286570044e+02 1.703399358897956972e+02 3.322271082032205669e+01
2.520164177325563060e+02 1.704609184947275367e+02 3.226700206382164282e+01
2.520259175851404905e+02 1.704686292836845212e+02 3.235998318832215404e+01
2.519758175305652514e+02 1.711195147196276309e+02 3.414772070031929729e+01
2.519794922622370734e+02 1.713682221650680901e+02 3.412271772063758846e+01
2.520543468851348337e+02 1.719897461311185509e+02 3.233608551372849149e+01
2.520782470689341608e+02 1.717245293671155935e+02 3.344049356075100832e+01
2.520245839423384666e+02 1.718236944289361645e+02 3.357085934020437179e+01
2.519821181459479362e+02 1.727049023605352147e+02 3.195538381436896458e+01
2.520591532685540130e+02 1.726755710011103133e+02 3.186422186396341516e+01
2.520301117223814913e+02 1.729910873015375046e+02 3.284131908940926792e+01
2.520055127248091367e+02 1.720796622609197470e+02 3.392670233920696887e+01
2.520466699704541043e+02 1.724541737499451131e+02 3.498402012382929627e+01
2.520029144423604066e+02 1.723496816445333764e+02 3.524962079629641210e+01
2.519647142955718664e+02 1.743135691568441814e+02 3.058165394290302430e+01
2.520361777270360619e+02 1.736274933662875810e+02 3.441667492613525781e+01
2.520147252733465848e+02 1.735316366921142048e+02 3.581153105455640429e+01
2.520735598727832780e+02 1.732345705808183709e+02 3.258404521588578007e+01
2.519535157107638668e+02 1.732724344940500600e+02 3.599858229880875626e+01
2.520414294944577875e+02 1.735747072070659272e+02 3.441110574419902690e+01
2.520098887794596294e+02 1.742736577318035529e+02 3.226744870242703200e+01
2.519823264100167535e+02 1.740329671984091533e+02 3.303052699591626862e+01
2.519241655322966267e+02 1.725692935958798842e+02 3.359688607579055741e+01
2.520503886132247544e+02 1.706026346659306228e+02 3.201601124124130138e+01
2.520031929641873489e+02 1.693629967443056614e+02 3.224641026766951057e+01
2.520313224141067678e+02 1.690286538738998843e+02 3.412857922503183516e+01
2.519906406629321225e+02 1.710739161799853321e+02 3.171052674499570401e+01
2.519602391272982800e+02 1.712252815015086469e+02 3.259414602322269872e+01
2.519805172727443789e+02 1.713249960793661728e+02 3.151801923306129538e+01
2.520111948209995489e+02 1.726226543631949824e+02 3.125060565951334013e+01
2.520360761042072966e+02 1.707995408153663845e+02 3.439478210685452098e+01
2.519883560311894257e+02 1.715629415417814130e+02 3.318392979242596397e+01
2.519566195981507235e+02 1.720649357329703264e+02 3.218136914806195392e+01
2.520378287843525982e+02 1.713540326071274080e+02 3.549092984888309132e+01
2.520273064304667798e+02 1.724403568090431804e+02 3.232417682372202705e+01
2.520592774742335962e+02 1.730812192230244762e+02 3.287547565129569449e+01
2.519679474070496212e+02 1.726520835816401416e+02 3.349801584563366674e+01
2.519839034457666571e+02 1.732419313355874237e+02 3.331652625570060167e+01
2.520341013593621540e+02 1.738871070740780169e+02 3.300421044707771756e+01
2.520153751576094692e+02 1.723847578302898853e+02 3.605632664839128410e+01
2.520157113911663487e+02 1.733679198057874942e+02 3.415087351721629005e+01
2.520034551761775958e+02 1.740474641340417747e+02 3.369144047223250027e+01
2.519690276200811638e+02 1.737556021152603591e+02 3.314843833313468480e+01
2.520404145207730835e+02 1.740056883692045062e+02 3.393150119500919004e+01
2.520072817147911337e+02 1.738946183811859783e+02 3.380544372165381617e+01
2.519725881828960041e+02 1.742594192443527277e+02 3.418938731471084225e+01
2.519383801822937983e+02 1.746630764115849956e+02 3.484102300314278011e+01
2.520103768199582248e+02 1.747594713103699178e+02 3.519083136256139710e+01
2.519746344401021361e+02 1.728357461436645792e+02 3.395319955085219021e+01
2.520437492550795753e+02 1.704592348177375811e+02 3.152864195517303969e+01
2.519704377936554636e+02 1.698347361883911617e+02 3.052503371745089922e+01
2.520135145816213367e+02 1.695813641296506660e+02 3.244131030718950370e+01
2.519482087408178757e+02 1.705665899267939380e+02 3.207353352612396691e+01
2.520054587768877070e+02 1.703832021227879920e+02 3.415823803579382201e+01
2.519829687666626796e+02 1.708363571352399219e+02 3.410595120849617246e+01
2.519666702213746703e+02 1.717798272411911285e+02 3.333226901193754799e+01
2.520236605546598980e+02 1.720338968591018158e+02 3.228285271590146266e+01
2.520157302102087158e+02 1.719960919122028997e+02 3.330689341521707547e+01
2.519956063809099760e+02 1.720335041684178918e+02 3.145891238481177865e+01
2.519834982090544599e+02 1.720668841311561721e+02 3.369688795769479128e+01
2.519939076486861040e+02 1.722265185398932203e+02 3.296424507411565941e+01
2.519861830590980674e+02 1.722798429237264202e+02 3.486621291864528160e+01
2.519663214417895745e+02 1.723914298081085121e+02 3.659497531568943884e+01
2.520054198842001654e+02 1.723776831249647046e+02 3.614595672874859389e+01
2.520133025537440403e+02 1.736658152095500327e+02 3.434645355146694357e+01
2.520078600866930572e+02 1.731773757472728050e+02 3.648506834448884462e+01
2.520461869483668238e+02 1.734233506677623495e+02 3.387683814996267273e+01
2.520307038949144669e+02 1.731036828865901782e+02 3.408234460175769698e+01
2.520144053496264291e+02 1.732919724238299182e+02 3.371829399107977565e+01
2.519865130196407961e+02 1.737756268309360053e+02 3.418323850626988047e+01
2.520494978452196619e+02 1.737268993118503602e+02 3.620001505523389085e+01
2.519694642218639729e+02 1.737239422129939328e+02 3.637735692823044786e+01
2.519343064869239015e+02 1.738632344915408510e+02 3.641764473411829783e+01
2.520021177695670929e+02 1.742887179841041814e+02 3.586916248988476497e+01
2.520115436005846448e+02 1.747023116057034144e+02 3.513719207341935657e+01
2.520011805812575005e+02 1.742260982479471636e+02 3.463061230890830444e+01
2.519630770388864107e+02 1.728974826394334343e+02 3.289806602974663008e+01
2.520107644922308623e+02 1.697491082910427735e+02 3.185682723491810719e+01
2.519579783330092368e+02 1.701099759743559048e+02 2.901985158048590918e+01
2.520387433898113727e+02 1.709996926223080891e+02 2.962252137529561580e+01
2.519459379097062310e+02 1.709042687861090428e+02 3.055342036094923230e+01
2.520256453363276421e+02 1.701675434249402485e+02 3.496142472696705994e+01
2.519816940901934004e+02 1.708255023116057032e+02 3.320678363746996808e+01
2.520032820409878696e+02 1.721316580203622095e+02 3.100787639652977035e+01
2.520196483348283891e+02 1.722351891000106718e+02 3.238785042625131183e+01
2.520005419884200251e+02 1.715860651264326009e+02 3.319193917685508666e+01
2.519674054186295962e+02 1.717837441112079944e+02 3.187000307377691755e+01
2.520261396498403599e+02 1.719437072258849639e+02 3.411632928305721890e+01
2.519506941090124315e+02 1.723988670936498409e+02 3.363774974437467336e+01
2.520085701918914936e+02 1.727497958133903637e+02 3.277262833018637167e+01
2.519991970541925639e+02 1.734800762798517155e+02 3.092381424350586272e+01
2.520005683350793220e+02 1.719278628468192665e+02 3.347741275805611849e+01
2.520374749863561874e+02 1.733168524524348584e+02 3.435944496371061518e+01
2.519871541216839148e+02 1.739004736125660884e+02 3.258949270134807108e+01
2.520257833426383058e+02 1.736331842446977305e+02 3.517160833809037257e+01
2.519899255393223996e+02 1.733820855262745226e+02 3.549366111923117728e+01
2.520262023799815552e+02 1.744519744311944578e+02 3.348269463594562723e+01
2.519423936567281146e+02 1.730770526870456081e+02 3.507187619579331539e+01
2.519812888534812032e+02 1.741867576671915003e+02 3.223398593590233929e+01
2.520673796992716973e+02 1.749182939910797643e+02 3.095260863292203268e+01
2.519993262782834620e+02 1.744213959965623815e+02 3.403277900798554612e+01
2.519839561390852793e+02 1.741526437618011016e+02 3.424185229560951882e+01
2.519361218972103984e+02 1.740638141180455705e+02 3.518235150207323159e+01
2.520186446525691224e+02 1.739674518389340960e+02 3.550629622427280196e+01
2.519797218545539010e+02 1.724452008305470656e+02 3.400930789835207690e+01
2.519965360416026385e+02 1.700923161850037388e+02 3.281366513396021389e+01
2.520146537609856239e+02 1.691233826601343821e+02 3.322362918958930322e+01
2.520308406466222948e+02 1.704245375220339724e+02 3.403262218263253658e+01
2.520000815491835624e+02 1.709832673621348249e+02 3.227647431514368037e+01
2.519539799138087801e+02 1.716705638812393033e+02 3.167861090375314603e+01
2.520622935394227682e+02 1.727797795662837927e+02 3.112321956176723248e+01
2.520324277191947999e+02 1.718894556905647732e+02 3.358244057887374368e+01
2.520162245237214051e+02 1.726957186678627352e+02 3.187897724777778308e+01
2.520151556021152714e+02 1.719166190963095744e+02 3.379653855080827896e+01
2.520088298946760972e+02 1.717592141167909858e+02 3.258264884294254671e+01
2.520157691028962574e+02 1.723427060528313177e+02 3.228366444392866441e+01
2.519806816257143396e+02 1.729002653484972996e+02 3.238603752517047241e+01
2.519900798554697587e+02 1.728138257231217096e+02 3.445128941805248246e+01
2.520690495756306007e+02 1.735477646114181312e+02 3.289473129544014540e+01
2.519742668414746731e+02 1.733122982441833528e+02 3.314335217328574146e+01
2.519831444110580776e+02 1.732398323850626980e+02 3.524620576740917954e+01
2.519437900296713622e+02 1.738211124563241299e+02 3.329931937796791885e+01
2.520356608306725263e+02 1.744224636635657077e+02 3.252685038234021420e+01
2.520100054575222828e+02 1.741336503296468834e+02 3.341905992610389120e+01
2.520459247363765769e+02 1.744384197022827436e+02 3.289121213451851133e+01
2.520142673433157938e+02 1.737404377309253221e+02 3.579074730417217864e+01
2.519569608501188611e+02 1.740201840502342918e+02 3.377988746212668048e+01
2.520144505153281216e+02 1.752226041790819977e+02 3.310970999855720720e+01
2.520631905804419830e+02 1.741781372911870562e+02 3.569962173724852761e+01
2.520287580059342645e+02 1.749804721070427149e+02 3.273385859371569495e+01
2.519635236774917928e+02 1.724294580743101335e+02 3.444009208784729026e+01
2.520248511727400000e+02 1.708731621636880220e+02 2.899456129675747817e+01
2.519565004108824269e+02 1.704966182180876046e+02 2.973725605816338557e+01
2.520202129060992604e+02 1.708020387295891851e+02 3.293806025857364261e+01
2.520110856705538538e+02 1.712056733139706353e+02 3.157913093662373782e+01
2.520099163807217622e+02 1.712896212981375470e+02 3.199378595221217836e+01
2.520465721114338180e+02 1.725659287511056164e+02 3.199024922685100947e+01
2.519608727017244405e+02 1.727262770288495801e+02 3.284966972580654954e+01
2.520048452761067210e+02 1.733203452666971884e+02 3.313952187086373158e+01
2.519875192111057345e+02 1.724228651364694258e+02 3.407981406786147005e+01
2.519993601525597171e+02 1.721261340041276355e+02 3.438783537101741672e+01
2.519892304893578228e+02 1.735175148827260045e+02 3.308381750547320621e+01
2.519779014258561176e+02 1.728551259934885991e+02 3.372341026139649500e+01
2.520050573039839890e+02 1.741643818258234830e+02 3.167293884438533880e+01
2.520091385269708155e+02 1.735109846750264921e+02 3.372253705783091959e+01
2.520989643253686836e+02 1.739132969080313273e+02 3.546243781874753154e+01
2.519990201551943585e+02 1.732339671168599864e+02 3.485235206664449947e+01
2.519741200529442438e+02 1.744405763645374066e+02 3.401318963948988028e+01
2.520047499262920780e+02 1.740110756337312523e+02 3.516958717294072301e+01
2.520501954043898536e+02 1.744180336609937569e+02 3.453742793875029093e+01
2.520228111885479905e+02 1.742796647701254074e+02 3.395283822523884254e+01
2.520236567908514473e+02 1.739993689347794827e+02 3.505868279249496311e+01
2.520263228218526592e+02 1.749482589249308262e+02 3.402193045736545685e+01
2.520360171378745804e+02 1.741961621699610419e+02 3.603899305577336776e+01
2.519316668025819865e+02 1.745135152089227404e+02 3.551767296268183571e+01
2.519844278697471225e+02 1.747625764523595819e+02 3.473357003506615115e+01
2.520643259959978195e+02 1.754907303670340468e+02 3.452639997992635301e+01
2.520204010965228747e+02 1.756811853487482153e+02 3.390756713693362201e+01
2.519580962656746976e+02 1.732881534128333385e+02 3.493572544271797398e+01
2.520224222616725172e+02 1.709538180700444627e+02 3.311313631886985576e+01
2.520248085162439793e+02 1.709577826149686643e+02 2.980825905039112200e+01
2.520104031666175217e+02 1.711684166285058382e+02 3.236755220716001702e+01
2.520448119036715866e+02 1.714742335944998217e+02 3.184135672749399504e+01
2.519848883089835851e+02 1.704641001674894767e+02 3.352365992735849431e+01
2.520251259307584633e+02 1.720430128032218136e+02 3.127541166655166194e+01
2.519356915684417118e+02 1.728594455910120189e+02 3.223586784013851059e+01
2.520335530979280350e+02 1.721804043584902217e+02 3.498984900855011659e+01
2.519955461599743956e+02 1.724184577167483212e+02 3.357204744907880922e+01
2.520395074429312672e+02 1.730697797544742400e+02 3.161324233280848972e+01
2.520133088267581627e+02 1.724622195178561412e+02 3.444189495210553531e+01
2.520083794922622360e+02 1.737100211400575915e+02 3.155649664707395274e+01
2.521096786334865953e+02 1.734197323932176289e+02 3.368824248963384349e+01
2.520057460809344150e+02 1.729874389165250079e+02 3.465790744794966827e+01
2.520177626667837671e+02 1.733916757102620352e+02 3.473160407244076708e+01
2.520049406259213356e+02 1.730995314058451982e+02 3.525464422600415304e+01
2.519104025393161237e+02 1.728032117832297274e+02 3.603015437887750494e+01
2.520479898126250760e+02 1.743867187745039473e+02 3.402943549145928870e+01
2.520089189714766178e+02 1.743614033987190624e+02 3.501248706190837368e+01
2.520302810937627385e+02 1.742423052072290091e+02 3.571613732882512693e+01
2.520048565675321299e+02 1.744401083976840141e+02 3.536727619453871085e+01
2.520107971119043100e+02 1.741854528802544451e+02 3.742342970774026867e+01
2.520271634057448296e+02 1.746706203383663762e+02 3.446274394183661371e+01
2.520121182086780891e+02 1.746479245732782033e+02 3.465168085413360188e+01
2.520317941447686110e+02 1.743056551222296662e+02 3.525199952325093022e+01
2.520672893678683693e+02 1.752114193949050502e+02 3.494504588709828852e+01
2.520568410355491835e+02 1.751204243066751189e+02 3.569708743954382868e+01
2.520924692465482622e+02 1.752611719244980009e+02 3.679958974487651346e+01
2.520917917610232450e+02 1.731695181697853911e+02 3.537603583145665453e+01
2.519734776962982892e+02 1.712156310965856107e+02 3.134035492713893944e+01
2.519399446720154572e+02 1.705782727882920540e+02 3.191703311524154074e+01
2.519665673439430975e+02 1.719034394936423098e+02 3.057418152848262238e+01
2.520024527485211365e+02 1.717828370333661496e+02 3.260455044444304917e+01
2.520215641133408155e+02 1.722392552677636104e+02 3.144399139342462490e+01
2.520266678376293044e+02 1.719699158788806415e+02 3.293830114231587203e+01
2.520031603445139297e+02 1.726974274369091518e+02 3.378921292491829576e+01
2.519434989618161751e+02 1.730795531104740519e+02 3.234339608438458669e+01
2.520153814306235915e+02 1.733185950957575585e+02 3.232954025079510529e+01
2.520253216487990358e+02 1.737013355247062520e+02 3.244772509142917727e+01
2.520023548895008503e+02 1.728710268296813979e+02 3.478381436896614787e+01
2.519796340323562163e+02 1.730228801917033081e+02 3.381463494194325392e+01
2.520452522692628463e+02 1.735470783436733484e+02 3.301357605715970323e+01
2.520392314303099397e+02 1.731034658403015953e+02 3.508748847333655618e+01
2.519925965887349264e+02 1.743110461505648914e+02 3.312600603463958748e+01
2.519694955869345563e+02 1.736070370672404408e+02 3.458532240156072390e+01
2.520038290478191811e+02 1.743349275153218230e+02 3.555063890648818159e+01
2.520735736734143302e+02 1.746411534818364828e+02 3.349554176886451984e+01
2.519996574934290265e+02 1.742254571459040449e+02 3.403314158820171542e+01
2.520280202994736953e+02 1.747961546423441064e+02 3.419574689642626453e+01
2.520428346496208007e+02 1.751523363841091907e+02 3.409831444110580634e+01
2.519960480011040431e+02 1.751430686330475055e+02 3.334288295182952311e+01
2.519560111157810240e+02 1.750736564772007284e+02 3.440350410568774464e+01
2.520066857784496790e+02 1.751015801722569734e+02 3.377878592084710618e+01
2.520347487344193951e+02 1.756396467038447327e+02 3.277911839059549948e+01
2.520754217033742464e+02 1.744582261170669994e+02 3.458465495285830116e+01
2.519796691612352788e+02 1.718307390237935408e+02 3.055875493215735261e+01
2.519781034169107841e+02 1.706559113748565153e+02 3.278157615752792964e+01
2.520758859064191881e+02 1.717817467835120055e+02 3.258511162828627761e+01
2.519390024652945499e+02 1.718763237628047875e+02 3.399687352976231836e+01
2.519900798554697587e+02 1.728022168831901979e+02 3.422487375559082068e+01
2.519842083142529248e+02 1.728824562614090325e+02 3.248719740548136059e+01
2.519718028015280993e+02 1.726922371450258140e+02 3.629474133226273835e+01
2.520192957914348142e+02 1.737692973596883519e+02 3.361431376362028089e+01
2.520207247840514810e+02 1.737169741489088040e+02 3.283392696956961032e+01
2.520100594054437124e+02 1.732859540940826548e+02 3.452418058753050190e+01
2.520158694711221870e+02 1.733385671181145824e+02 3.472772233130297082e+01
2.519495536750453084e+02 1.741157935676513091e+02 3.411722757867927669e+01
2.519536512078688588e+02 1.736541950781931121e+02 3.581650555475400211e+01
2.520078400130478826e+02 1.745696461392734591e+02 3.221647293508057430e+01
2.519439631648610884e+02 1.736234924378814810e+02 3.490565010381838107e+01
2.520284267907886999e+02 1.750193484847534364e+02 3.326041790820070787e+01
2.520757303356689931e+02 1.750045918463362398e+02 3.260432587053753650e+01
2.520169772854158623e+02 1.748265825246372742e+02 3.430402413855833288e+01
2.520244998839492325e+02 1.748778844887179957e+02 3.481042574946836510e+01
2.520064975880260647e+02 1.748853506301242646e+02 3.534346508753991145e+01
2.519897260574733480e+02 1.750234221801233332e+02 3.474998525841681385e+01
2.520339344971865501e+02 1.742896175343290679e+02 3.494419526638354512e+01
2.520704860958641973e+02 1.752803008537572111e+02 3.393933242583729282e+01
2.520591545231568205e+02 1.757619754976068407e+02 3.361347819813942550e+01
2.520508628530922692e+02 1.727351947457233621e+02 3.399776555237026088e+01
2.519566823282919188e+02 1.710227835872858577e+02 3.158019483981858500e+01
2.520137604837748597e+02 1.712158907993701860e+02 2.972703982736665296e+01
2.520894443991393530e+02 1.709754449135265020e+02 3.247901488586251162e+01
2.520201125378733309e+02 1.712194877456669246e+02 3.239064693594625055e+01
2.519468926624553831e+02 1.723958849027369240e+02 3.088958491465564293e+01
2.519555682409841211e+02 1.722080369856912512e+02 3.093406685778449727e+01
2.520445961119858396e+02 1.721152804350962526e+02 3.435279055033152673e+01
2.519644545927872912e+02 1.732553493127913100e+02 3.333378331754624924e+01
2.519633154134230040e+02 1.729238882650724918e+02 3.175588314629296249e+01
2.519967894713730914e+02 1.728171479113999567e+02 3.416934503459567196e+01
2.519726120203496578e+02 1.731536813183366519e+02 3.243940582010250040e+01
2.520311329690803177e+02 1.733272920025343069e+02 3.271553888327802895e+01
2.520730229027745679e+02 1.735401604637011985e+02 3.351521519574940555e+01
2.520033008600302367e+02 1.743333630256001641e+02 3.181838244057887266e+01
2.520301895077565746e+02 1.735388506583528283e+02 3.499220515265379561e+01
2.520748307854441066e+02 1.738270392000652294e+02 3.399189777496189180e+01
2.520296186634716094e+02 1.742646659933631383e+02 3.311055936466912897e+01
2.519665472702978946e+02 1.740032306022720832e+02 3.409872720543494040e+01
2.520672241285215023e+02 1.749454987987178072e+02 3.295793693111603062e+01
2.520700670585209480e+02 1.747093423999297386e+02 3.323189074918607844e+01
2.519903194846091594e+02 1.748426891156931902e+02 3.424130905258667923e+01
2.520388751231079141e+02 1.754766248674825704e+02 3.193378457214907229e+01
2.520260254809833498e+02 1.749631309868078404e+02 3.380189821407287809e+01
2.520240582637551654e+02 1.746063884375803639e+02 3.449355196878548213e+01
2.520163951497054882e+02 1.744451393550086777e+02 3.259927609417048444e+01
2.519064191753495550e+02 1.718539403938198404e+02 3.657832171780218999e+01
2.520259627508421545e+02 1.698653999360152511e+02 3.277903433220627960e+01
2.520328881584312342e+02 1.708891520766813130e+02 3.055086849880499145e+01
2.520795066901695520e+02 1.705595440773337259e+02 3.143552031515622858e+01
2.519393775915389710e+02 1.703776241586319884e+02 3.277446255951522147e+01
2.519864277066487546e+02 1.708743678370020120e+02 3.368850219241843291e+01
2.519734638956672370e+02 1.709579883698318099e+02 3.223520415524455274e+01
2.520116151129456057e+02 1.715400023837453602e+02 3.389751149529837448e+01
2.520400983608614069e+02 1.726960774842704041e+02 2.960857897411127126e+01
2.519746720781868419e+02 1.719593583961157606e+02 3.393203565581226400e+01
2.519664669757171680e+02 1.724774792520057929e+02 3.089227603771336206e+01
2.520098649420059758e+02 1.718129274274996305e+02 3.425085532547533518e+01
2.520229404126388602e+02 1.721123785387640908e+02 3.214261572142798684e+01
2.519981005313242974e+02 1.726598533369298707e+02 3.409140408875060047e+01
2.519675810630249657e+02 1.733044808139863164e+02 3.325615978621567592e+01
2.519338573391128762e+02 1.729371669813628785e+02 3.486382917327946984e+01
2.520341553072835836e+02 1.737777885116019263e+02 3.308346998049092491e+01
2.519792325594524982e+02 1.735727399898377143e+02 3.402770915797331241e+01
2.520072378036923055e+02 1.747396837146280291e+02 3.239530778543782219e+01
2.520358327112594452e+02 1.736491227189752351e+02 3.342328919222396877e+01
2.520547232659820622e+02 1.737470519970140401e+02 3.321862959733522302e+01
2.519492839354381317e+02 1.738403731188798815e+02 3.519060427945023406e+01
2.520747831105367709e+02 1.740582938656195040e+02 3.285060315030769118e+01
2.519699171334834773e+02 1.740918645279870418e+02 3.407090638781028247e+01
2.520086943975710767e+02 1.748272662831764137e+02 3.337422418497864385e+01
2.520280905572318488e+02 1.748099753470545181e+02 3.403184683808723321e+01
2.519918400632319901e+02 1.750834348516118553e+02 3.433028924868109755e+01
2.519876647450333280e+02 1.746153312465106353e+02 3.378350950047988732e+01
2.520400695049964668e+02 1.718631466693431662e+02 3.413086385677453904e+01
2.520402275849523051e+02 1.708792984261007462e+02 3.095640004265649736e+01
2.520595108303588745e+02 1.704943084942884184e+02 3.120553028924868144e+01
2.519798736614956169e+02 1.703235093750195972e+02 3.126254822379605258e+01
2.520609837340743979e+02 1.710570806646885842e+02 3.318988915584048982e+01
2.520383005150144697e+02 1.711084039570173161e+02 3.095848644715299258e+01
2.519550601268403511e+02 1.709184646170638473e+02 3.092226355441525953e+01
2.519643316417105154e+02 1.721487896219254310e+02 3.149670227647682452e+01
2.520088687873636388e+02 1.719482488881082531e+02 3.208464428873429597e+01
2.519948172357335920e+02 1.719302917578867493e+02 3.123572481541656032e+01
2.519567274939935828e+02 1.719954671199964764e+02 3.288945443596193741e+01
2.520064963334232573e+02 1.712567870876277425e+02 3.291425040617766484e+01
2.519787608287906266e+02 1.725975221594223683e+02 3.391217529310658563e+01
2.520506156963359388e+02 1.727947645424149812e+02 3.090435911751237441e+01
2.520219768776699425e+02 1.730176572801465511e+02 3.212751281263134473e+01
2.519812650160275496e+02 1.726644150727983344e+02 3.342549227478311025e+01
2.520035906732826163e+02 1.736125937031484341e+02 3.318412049205522862e+01
2.520817637206501445e+02 1.729216161793580113e+02 3.340047423986751340e+01
2.520343271878705025e+02 1.738966044174565297e+02 3.339000583390313182e+01
2.520103241266396026e+02 1.734951929892794169e+02 3.356717582631278418e+01
2.520549804595610226e+02 1.747221330757215583e+02 3.224051488899901585e+01
2.520286852389704677e+02 1.733613030304931328e+02 3.445645210867369457e+01
2.520071587637143864e+02 1.736940776473687720e+02 3.353829486930175108e+01
2.519756280855388297e+02 1.744111157810216355e+02 3.131678595848519109e+01
2.520200071512360864e+02 1.740989015952274883e+02 3.439888716729501539e+01
2.519961182588621966e+02 1.738905898515177455e+02 3.364874508352518490e+01
2.520686556303438124e+02 1.739431652374649389e+02 3.343221067290622273e+01
2.520098937978709444e+02 1.722785757748740707e+02 3.124284468644339086e+01
2.520057724275937403e+02 1.692304843394202578e+02 3.118485318010450769e+01
2.520445020167740324e+02 1.699433948297817665e+02 3.078280315908991227e+01
2.519834317151047856e+02 1.706841349199877129e+02 2.959372196746814865e+01
2.520289248681098684e+02 1.700280052442398073e+02 3.147925326039909066e+01
2.520257118302773165e+02 1.705350178467251681e+02 3.266616398913514274e+01
2.519713059788097667e+02 1.713981256233807642e+02 3.222169208282888064e+01
2.520205102469685698e+02 1.704111760019571875e+02 3.294751118164766979e+01
2.520373796365415728e+02 1.715317985358784938e+02 2.999829750396768091e+01
2.519929830064047565e+02 1.709930369543261861e+02 2.983104891069109854e+01
2.520377346891407910e+02 1.712604392364487182e+02 3.066822279236950521e+01
2.519995533613946179e+02 1.720838990546567686e+02 3.154361563987880501e+01
2.519727086247671082e+02 1.717906444267406130e+02 3.318317075771737734e+01
2.520139587110210471e+02 1.721374643222321765e+02 3.153032437756017359e+01
2.520720091836926713e+02 1.721826789534103170e+02 3.361348070734506877e+01
2.520366883503854751e+02 1.729114400958516455e+02 3.223104012847132793e+01
2.520172834085049658e+02 1.727772026120830731e+02 3.334042894870556495e+01
2.520323235871603913e+02 1.734340260831927196e+02 3.240511250650825303e+01
2.520350661489339075e+02 1.731838683168875832e+02 3.399173091278628789e+01
2.519620683382158290e+02 1.734841725580724301e+02 3.374974688388023480e+01
2.520409151072998952e+02 1.739508622257908712e+02 3.408562162433427289e+01
2.520819381104426782e+02 1.741373802638429709e+02 3.442149385558266772e+01
2.519601375044695146e+02 1.739071330443564705e+02 3.487714301844893328e+01
2.519852007050867826e+02 1.744603413774284491e+02 3.300900553907146673e+01
2.519745152528338394e+02 1.740575411039250184e+02 3.446716767139442794e+01
2.520632583289944932e+02 1.752567745415994978e+02 3.265991230326259398e+01
2.520214185794132220e+02 1.732110342318380560e+02 3.413006969318688277e+01
2.519737963654156090e+02 1.715698443665196748e+02 3.062965253774786234e+01
2.520144040950236217e+02 1.701424338040184807e+02 2.904495492839354398e+01
2.520569363853637981e+02 1.706218664726214342e+02 2.926783261089120813e+01
2.520704095650919214e+02 1.706548901281576889e+02 2.924978514926637274e+01
2.520314704572400046e+02 1.702656621480055037e+02 3.200748370584582148e+01
2.519965724250845369e+02 1.704318706755408925e+02 3.047186490436789796e+01
2.519836876540809101e+02 1.704872977737072972e+02 3.147326253191396006e+01
2.519985973540426301e+02 1.706254458544786132e+02 3.249930934114532732e+01
2.520731132341778959e+02 1.709390739776555108e+02 3.253020142648340851e+01
2.519548606449912995e+02 1.709568052793686945e+02 3.229472125861754961e+01
2.520941190492619910e+02 1.712489884764730732e+02 3.075603244402903158e+01
2.520162282875298843e+02 1.718489169641120782e+02 3.128394547496126421e+01
2.519792363232609773e+02 1.726220596814563351e+02 3.152149071907560796e+01
2.520258937476868368e+02 1.721151198459347711e+02 3.305502687986550825e+01
2.520094496684712055e+02 1.727787169176917814e+02 3.346136513333291163e+01
2.519997390426125889e+02 1.730040159836399880e+02 3.312067397263711399e+01
2.519812901080840390e+02 1.723944119990214006e+02 3.336784076580956082e+01
2.519949715518809512e+02 1.736652932947752106e+02 3.140064988426289005e+01
2.519902278986029955e+02 1.735885141111452583e+02 3.237487406924152822e+01
2.520755208169973685e+02 1.731572080068752371e+02 3.338330750942520098e+01
2.519936504551071721e+02 1.739609442140854298e+02 3.376020399841920039e+01
2.520101785927120090e+02 1.738641252595459719e+02 3.258612158355968802e+01
2.520226782006486417e+02 1.738541586947112307e+02 3.524171052549039018e+01
2.521227139568291307e+02 1.740895522949822123e+02 3.371853612942482670e+01
2.520440390683319549e+02 1.741018586940839157e+02 3.442635920533457039e+01
2.520570179345473605e+02 1.748614843206011926e+02 3.048496044864597110e+01
2.519908915834969605e+02 1.735857665309604556e+02 3.342899763507367794e+01
2.520046871961508828e+02 1.713959739795374162e+02 3.086965554879463980e+01
2.520653723347531354e+02 1.701917020569213435e+02 3.066200121696473957e+01
2.520140214411622708e+02 1.705224442172219312e+02 3.000711359801270817e+01
2.519962110994711963e+02 1.705882995740623471e+02 3.158622571559408598e+01
2.520431144260505789e+02 1.704693745177620485e+02 3.200014929773607264e+01
2.519991870173699624e+02 1.704089039162427071e+02 3.219902893741414118e+01
2.519944044714044651e+02 1.714409427085620337e+02 2.992894807826212400e+01
2.520034965780708092e+02 1.724533846047687575e+02 2.845353013869634395e+01
2.520313813804394840e+02 1.717723723912102400e+02 3.058351326428835648e+01
2.520206457440735619e+02 1.715021848908181994e+02 3.367610420731057275e+01
2.520434243129481331e+02 1.717995119595014160e+02 3.083646879489125681e+01
2.519580385539447889e+02 1.723211043014057964e+02 3.235549923782878778e+01
2.520443351545984285e+02 1.727490066682140082e+02 3.107462628518376846e+01
2.520951892254709605e+02 1.725848155420197827e+02 3.195850401159253096e+01
2.519750509682397421e+02 1.733796014126827743e+02 3.231107124262136665e+01
2.520336459385370063e+02 1.734965002854221439e+02 3.364885548857370168e+01
2.519747159892856985e+02 1.732212667724714947e+02 3.349330606663195908e+01
2.520054525038735846e+02 1.739191345749719346e+02 3.322853970504287702e+01
2.519875054104746823e+02 1.733186114055942824e+02 3.469290710293388713e+01
2.520133740661050297e+02 1.740796998990044813e+02 3.227899983062862077e+01
2.520133590108711417e+02 1.741588578095889375e+02 3.285382371575718707e+01
2.519803014810586319e+02 1.736545175111189110e+02 3.594483135001537022e+01
2.520317276508189366e+02 1.738664437655649238e+02 3.526831061456719141e+01
2.520083682008368271e+02 1.737595503503478369e+02 3.637107011347882235e+01
2.519752441770746429e+02 1.747742329671984010e+02 3.234151167094277213e+01
2.520432009936454278e+02 1.750116527510303399e+02 3.364700369480531350e+01
2.520262262174352088e+02 1.748974813848305985e+02 3.383125717475989802e+01
2.520205629402871921e+02 1.737410223758413679e+02 3.313241956427643942e+01
2.519514656897492557e+02 1.710695238154981155e+02 3.327291626153450466e+01
2.520033811546109916e+02 1.698416653597887205e+02 2.867798611154673694e+01
2.520260380270115945e+02 1.703538017602077730e+02 3.136805781209813659e+01
2.520815818032406526e+02 1.707387916920201008e+02 3.138709264614554684e+01
2.519993237690777903e+02 1.714150552338893192e+02 3.211204355981005421e+01
2.519819337193328010e+02 1.715269394591407206e+02 3.123757911839059531e+01
2.519815523200742859e+02 1.722878987284600498e+02 3.130358502756989836e+01
2.519770896978289159e+02 1.724045642450741127e+02 3.067571778964074625e+01
2.520134317778349384e+02 1.729539021284336968e+02 3.133759480092589556e+01
2.520208715725819104e+02 1.730622408461041459e+02 3.114564433264539289e+01
2.520422776059668877e+02 1.727264376180110901e+02 3.132955656063181848e+01
2.520172507888315181e+02 1.730069454812342826e+02 3.068294304730479993e+01
2.519836650712300639e+02 1.728944502644075385e+02 3.175544027149605242e+01
2.520268459912303172e+02 1.727240588910565577e+02 3.380903188573077500e+01
2.520520283791158818e+02 1.734305006492569703e+02 3.326244032795317906e+01
2.520384761594098393e+02 1.743039689360340674e+02 3.164715550174703296e+01
2.519940218175431141e+02 1.731940970937125712e+02 3.366741859195924746e+01
2.520114294317276631e+02 1.741436194036872678e+02 3.160393694366205963e+01
2.520064837873950125e+02 1.735366776862614699e+02 3.377437850112600870e+01
2.520536317615250823e+02 1.743158864082602975e+02 3.510204688450753707e+01
2.520097294449009837e+02 1.741332802218137772e+02 3.466844485706937462e+01
2.520216607177582659e+02 1.743100675603620857e+02 3.303281288226180124e+01
2.520679229422945298e+02 1.749775953027670141e+02 3.305513226650273140e+01
2.519987867990690802e+02 1.741624171178009419e+02 3.700602711196702899e+01
2.519681857815861861e+02 1.746167075458086799e+02 3.219406949245042426e+01
2.520001681167784398e+02 1.724283615514418386e+02 3.122056168568435552e+01
2.520012332745760943e+02 1.709830616072716793e+02 3.069376023285428445e+01
2.520199544579174926e+02 1.708294756387496705e+02 3.082913940519280160e+01
2.520053358258109313e+02 1.709281514054688103e+02 3.345076123026353088e+01
2.520159710939509239e+02 1.714912221713411213e+02 3.323952375276796545e+01
2.519885429670102326e+02 1.725802876804275741e+02 3.217821131275366753e+01
2.520539805411102066e+02 1.739549271389410023e+02 3.200694297202863225e+01
2.519839097187807795e+02 1.730688425661646193e+02 3.246408762146123905e+01
2.520213633768889565e+02 1.730491565932514959e+02 3.269535985145502366e+01
2.520156913175211457e+02 1.733006906588546769e+02 3.375638122361413451e+01
2.520448006122461777e+02 1.737343654532566291e+02 3.334901795963942561e+01
2.519597862156787755e+02 1.741630143087452041e+02 3.373336678940864175e+01
2.519678244559728455e+02 1.736614981212322846e+02 3.410388989605615251e+01
2.520192380797049054e+02 1.744610866115059764e+02 3.368302961489966663e+01
2.519790556604542928e+02 1.742624390733503503e+02 3.201903734325306061e+01
2.520429199626128423e+02 1.742110354864408919e+02 3.380643987629616021e+01
2.520064423855017992e+02 1.746698362116013072e+02 3.439695256974023607e+01
2.520007213966238737e+02 1.741813390375941708e+02 3.452216694999780344e+01
2.519964783298727298e+02 1.745068808691888478e+02 3.602530032055101827e+01
2.520218250707282266e+02 1.751687139693751476e+02 3.451863649765075337e+01
2.520503484659344053e+02 1.754641766982617526e+02 3.415137661294875926e+01
2.520004780036759939e+02 1.749605239221393447e+02 3.503969312414922399e+01
2.520219329665711143e+02 1.750084660598571134e+02 3.196266678376293058e+01
2.519866384799232151e+02 1.721785826751896025e+02 3.163431715104790598e+01
2.519479490380332720e+02 1.714112738609774738e+02 2.922891357668446233e+01
2.519448639696887824e+02 1.713718504764354122e+02 3.167597623782251048e+01
2.519721264890567340e+02 1.718344112462597195e+02 3.132085212623813675e+01
2.520106754154303701e+02 1.724081950656471065e+02 3.119769654921493185e+01
2.520241235031020040e+02 1.720618029897185295e+02 3.261104803246912098e+01
2.519800141770119239e+02 1.733180982730392259e+02 3.304802870531261760e+01
2.519893960969306193e+02 1.729848569439129733e+02 3.212017213150746642e+01
2.520332344288106867e+02 1.733748615232132977e+02 3.364298143815121733e+01
2.520311743709735026e+02 1.738545714590403577e+02 3.237974694661037489e+01
2.519678457842208559e+02 1.734277467960580452e+02 3.145417876835640669e+01
2.519920897291939923e+02 1.729983351420524116e+02 3.417168612346546297e+01
2.519696260656282618e+02 1.733982360284292952e+02 3.524521337657530751e+01
2.519936630011354168e+02 1.742701448438960483e+02 3.384916537547125870e+01
2.520700231474220914e+02 1.740271307860714103e+02 3.321243185938411813e+01
2.519833501659212232e+02 1.749890008970410236e+02 3.178911381129518787e+01
2.520120554785368938e+02 1.747591400952243532e+02 3.472389579268942583e+01
2.520032682403568174e+02 1.742785419005978156e+02 3.419339326152822878e+01
2.520375628085538722e+02 1.744742248122800561e+02 3.362313111226813334e+01
2.520728961878893131e+02 1.751215496854083540e+02 3.409194356796496805e+01
2.520142071223802418e+02 1.752937100487413318e+02 3.352188591896520364e+01
2.520453526374887758e+02 1.748831324923312422e+02 3.462574821375923051e+01
2.520322294919485842e+02 1.752565424400770269e+02 3.550366155834216642e+01
2.519464522968641234e+02 1.741898289349049378e+02 3.272413165802036161e+01
2.519496741169164409e+02 1.715921298764843641e+02 2.981874125698656997e+01
2.520050146474879682e+02 1.707274362818590703e+02 3.157407363263974531e+01
2.520075715280435134e+02 1.715785186904455770e+02 3.135960806207774709e+01
2.519819224279073921e+02 1.714183623669336782e+02 2.973856460890893416e+01
2.520166686531211440e+02 1.726943611876070293e+02 2.966122587241943975e+01
2.520524637262958549e+02 1.716769372635857849e+02 3.082906663822900128e+01
2.520153801760207841e+02 1.725883397213527246e+02 3.328740817875581115e+01
2.520235902969017445e+02 1.727603984618569370e+02 3.292202141607020849e+01
2.519990879037468687e+02 1.729059148250142641e+02 3.247641158500248082e+01
2.520269501232647258e+02 1.730903765690376588e+02 3.317346013185875364e+01
2.520691148149774392e+02 1.726059794370597160e+02 3.396102701787181388e+01
2.519865155288464678e+02 1.737071117161084715e+02 3.261707012602485634e+01
2.520631291049036236e+02 1.740056946422186286e+02 3.260962280366093324e+01
2.519988570568272337e+02 1.739359211607585394e+02 3.444821689573623047e+01
2.520322357649627065e+02 1.742038303024220056e+02 3.245886094609598871e+01
2.519818872990283012e+02 1.740593866246792913e+02 3.321064028655128197e+01
2.520185254653008258e+02 1.740892148068225254e+02 3.462768657512248183e+01
2.520045140609611565e+02 1.741385959739795339e+02 3.432762949069398672e+01
2.519918814651251751e+02 1.752334050547947868e+02 3.252796572425084776e+01
2.520420881609404375e+02 1.750480964538651278e+02 3.237341120234861336e+01
2.520019973276959888e+02 1.751488548612722980e+02 3.257896909285943110e+01
2.520155595842246328e+02 1.751449944483825050e+02 3.399431664920678031e+01
2.520720142021039578e+02 1.751417387540539323e+02 3.486525565669048632e+01
2.520762384498127631e+02 1.746091184533256353e+02 3.324233531769679928e+01
2.519701115969212140e+02 1.734595183579758100e+02 3.381988169095368590e+01
2.519790920439361912e+02 1.709459379097062310e+02 3.124111207994329220e+01
2.520192506257331502e+02 1.701747849924410048e+02 3.112771480368602184e+01
2.520038353208333035e+02 1.717628035354707663e+02 2.912883892781642814e+01
2.520386292209543626e+02 1.713129970579563803e+02 2.985308600929660727e+01
2.520519744311944521e+02 1.714441896206708407e+02 3.014696919322765467e+01
2.519637219047380086e+02 1.707909518044325239e+02 3.347444562237709675e+01
2.519747272807111074e+02 1.714959683338247203e+02 3.440256817198095263e+01
2.520431169352562222e+02 1.727053615451688415e+02 3.130603526688538452e+01
2.520443527190379598e+02 1.729607572782646230e+02 3.133430397771825326e+01
2.520312069906469219e+02 1.727537716497399742e+02 3.147899481221732287e+01
2.520152597341496516e+02 1.728208527535395547e+02 3.051637695796453187e+01
2.519548606449912995e+02 1.732022407206438572e+02 3.152059869646766543e+01
2.520226957650881729e+02 1.741467885304209915e+02 2.991787369913369687e+01
2.520495204280704797e+02 1.739829173279468932e+02 3.263376763501094757e+01
2.520363834818992075e+02 1.745714188930639352e+02 3.148378614040260359e+01
2.520085074617502983e+02 1.736638605383500646e+02 3.405840803447648568e+01
2.520923199488122179e+02 1.743881992058364006e+02 3.263122706429211917e+01
2.519885291663791520e+02 1.745850350975140088e+02 3.229488310238186699e+01
2.520128345868906479e+02 1.748394396943787399e+02 3.151585629779252784e+01
2.519696047373802514e+02 1.745531568943561638e+02 3.190219116383230968e+01
2.520465043628813078e+02 1.742318706755409039e+02 3.368049782640060386e+01
2.520900215164384406e+02 1.751507944772383780e+02 3.358499745942928172e+01
2.520199343842722897e+02 1.752010137190818853e+02 3.341398129387189186e+01
2.520225339213238556e+02 1.755534943825158507e+02 3.247257500956634857e+01
2.519977141136544674e+02 1.752995828445609732e+02 3.391331196326522956e+01
2.520657637708342520e+02 1.744410418221851558e+02 3.525728892875737586e+01
2.519793680565574903e+02 1.741023442253768394e+02 3.171160695802726082e+01
2.519544491352650084e+02 1.711065082521500642e+02 2.950852439888842227e+01
2.519738139298551687e+02 1.706712564219982085e+02 3.199130685703173427e+01
2.519923782878435361e+02 1.710792582788103857e+02 3.136784954802933356e+01
2.519657518521074167e+02 1.711126821526475226e+02 3.236229793053264103e+01
2.520011956364913885e+02 1.723527215471762020e+02 3.268880957011034383e+01
2.519945638059631392e+02 1.720655341785174244e+02 3.083873711679725105e+01
2.519805649476516862e+02 1.726124004943135049e+02 3.070988940676105372e+01
2.520485092181942548e+02 1.727374179019276994e+02 3.267224003061230775e+01
2.520428484502518529e+02 1.723949188585623631e+02 3.271060202116515114e+01
2.520368527033554358e+02 1.727296079993475928e+02 3.090765244992566352e+01
2.519843701580172137e+02 1.723340781492099154e+02 3.242014013913545512e+01
2.520551862144241682e+02 1.729910860469346972e+02 3.263455176177601658e+01
2.520582236078613505e+02 1.732839003092595931e+02 3.315127624472282974e+01
2.519952550921192085e+02 1.732117669198873386e+02 3.299159541568128162e+01
2.520185392659318779e+02 1.732934277631058819e+02 3.413408442222403494e+01
2.520125949577512472e+02 1.739386060108021184e+02 3.309857163468475250e+01
2.520236141343554266e+02 1.746804764981525864e+02 3.211152289963804662e+01
2.520481014722764144e+02 1.738547997967543495e+02 3.264246328718486012e+01
2.520088361676902196e+02 1.736069981745528992e+02 3.418685929002025858e+01
2.521407287987805148e+02 1.751606355817907001e+02 3.211680101371908336e+01
2.520433565643956229e+02 1.744622408461041516e+02 3.297230840646622596e+01
2.520107243449405132e+02 1.745011523526939357e+02 3.090638530107331405e+01
2.520425511093825435e+02 1.744224837372108823e+02 3.564586326083819756e+01
2.520625946441005567e+02 1.754054073381719263e+02 3.434196207335662621e+01
2.520108723880737500e+02 1.724267418591959142e+02 3.350052630588471203e+01
2.520090494501703233e+02 1.711999046501853741e+02 3.082792494965906016e+01
2.520235777508735282e+02 1.714431984844397903e+02 3.116345216513082406e+01
2.520015682535301380e+02 1.718062052655680532e+02 3.158776511325926961e+01
2.520504275059123245e+02 1.716849341019866699e+02 3.273546448533055298e+01
2.519887273936253678e+02 1.729372422575323185e+02 3.159608814839442203e+01
2.520564031791635671e+02 1.735008913953065246e+02 3.172359594261446603e+01
2.520100594054437124e+02 1.732668590390996997e+02 3.291366199745315413e+01
2.520143802575699681e+02 1.736791629289957655e+02 3.294552012696580334e+01
2.520309560700821123e+02 1.734644790575423485e+02 3.286746375766092143e+01
2.519847992321830645e+02 1.730256315356965899e+02 3.277848857997779675e+01
2.520006749763193739e+02 1.736575135026629084e+02 3.335074303852258026e+01
2.520677548255161184e+02 1.749616455370641006e+02 3.215355083964293925e+01
2.520570869377027066e+02 1.741671281514054783e+02 3.261323605979436735e+01
2.520094195580034295e+02 1.736253567776780926e+02 3.606401359989461497e+01
2.520293790343322087e+02 1.748395526086329141e+02 3.379464911895516366e+01
2.520227610044350115e+02 1.747579206212793110e+02 3.318354086555049065e+01
2.520282172721170753e+02 1.746067798736615089e+02 3.370678677397702927e+01
2.520176346972957049e+02 1.753596457001624742e+02 3.205246121709019747e+01
2.520197800681249305e+02 1.744809181183466933e+02 3.315211306480650677e+01
2.520188692264746351e+02 1.751630042719226026e+02 3.390686581395494414e+01
2.520092702602673569e+02 1.749823841217466622e+02 3.385418755057617801e+01
2.520607265404954376e+02 1.758980484653070846e+02 3.212998312559201253e+01
2.519941723698819942e+02 1.737166140778982992e+02 3.178641641522334993e+01
2.520424055754549499e+02 1.719393537540852890e+02 3.036235187845407779e+01
2.520179985321146887e+02 1.709896445082897856e+02 2.983314158820171613e+01
2.520002120278772679e+02 1.702442761882657010e+02 3.274341364882412364e+01
2.520942821476291158e+02 1.711681882907918464e+02 3.350553969876985860e+01
2.520022821225370535e+02 1.724074673960091104e+02 3.057579996612572515e+01
2.519472201137924685e+02 1.718035053602905577e+02 3.259419369813001310e+01
2.520134255048208161e+02 1.725303720524674986e+02 3.358615043942464240e+01
2.519520014051551584e+02 1.732486848625896130e+02 3.140943586784013775e+01
2.520121897210390500e+02 1.733771549371757601e+02 3.187674280014804395e+01
2.520408410857332910e+02 1.729460044036559054e+02 3.224194262701285396e+01
2.519875229749142136e+02 1.730085676826858503e+02 3.144409928926749842e+01
2.519848469070904002e+02 1.733157935676513262e+02 3.293407689460708809e+01
2.519806464968352770e+02 1.745948297817618311e+02 3.091791259182124563e+01
2.520310438922797971e+02 1.734640888760640678e+02 3.327993576433540568e+01
2.520274657650254255e+02 1.741616555738866907e+02 3.276441946390821158e+01
2.520185493027544794e+02 1.749440622784841821e+02 3.244590968114269458e+01
2.521379975284324360e+02 1.741854177513753541e+02 3.315412419313356196e+01
2.521154109137899582e+02 1.748502204964463260e+02 3.421659463155451419e+01
2.520345454887618928e+02 1.747047141701116004e+02 3.482368188290791977e+01
2.519674970046357600e+02 1.746988238098523993e+02 3.308413241078205402e+01
2.520275548418259461e+02 1.750426376769774208e+02 3.100599323769077742e+01
2.520350573667141418e+02 1.747322125548104736e+02 3.416019396159660459e+01
2.520435133897486537e+02 1.720633712432486675e+02 3.387370289750522545e+01
2.520011504707896961e+02 1.702237759781197326e+02 3.097655021861454117e+01
2.520736213483216659e+02 1.703900560180160824e+02 3.050418974613111800e+01
2.519850074962518818e+02 1.712243719144611873e+02 2.965105229811872434e+01
2.520648127818935791e+02 1.705102457139631156e+02 3.194694786497964500e+01
2.520796434418773799e+02 1.709749932565098334e+02 3.171880837823766086e+01
2.519550475808121064e+02 1.707157007270423321e+02 3.319848318518565122e+01
2.520202831638574139e+02 1.707892116703154670e+02 3.246525942049895264e+01
2.520077408994247605e+02 1.720043622540194406e+02 3.132619798887167306e+01
2.520066882876553223e+02 1.721911186666081051e+02 3.215463481648297517e+01
2.519384266025982697e+02 1.711479226913739922e+02 3.282082264307177155e+01
2.520003663440246271e+02 1.717138715161247831e+02 3.340422801151725452e+01
2.520339094051300606e+02 1.733163167370289841e+02 3.180407745917836237e+01
2.520199331296694822e+02 1.736055691819362323e+02 3.086389441262632261e+01
2.520130892712639366e+02 1.727592417180531186e+02 3.279397916104709054e+01
2.520215352574758754e+02 1.735869057103247428e+02 3.269227854691900603e+01
2.520638806119952449e+02 1.734839291651245503e+02 3.250523232107795479e+01
2.520152145684479876e+02 1.741344520208515121e+02 3.251668559025926442e+01
2.520024765859747902e+02 1.739105618738747694e+02 3.257457421916656415e+01
2.520626373005965775e+02 1.738943925526776297e+02 3.283947356865500211e+01
2.520309962173724898e+02 1.752187550576176420e+02 3.170055892555814125e+01
2.520605634421283128e+02 1.742513483843852100e+02 3.323034758771242281e+01
2.519774384774140117e+02 1.731231706322570858e+02 3.151520014051551755e+01
2.519879031195699213e+02 1.706144053496264519e+02 3.036581458224862473e+01
2.520151719119519669e+02 1.699223601588327313e+02 2.808487639025675620e+01
2.519968220910465391e+02 1.688413956201815438e+02 2.904847785312364650e+01
2.520477476742800036e+02 1.697386097746106088e+02 2.964999466793799598e+01
2.520991688256290217e+02 1.689853098555324777e+02 3.176930488730530300e+01
2.521000445384002546e+02 1.704331804808892628e+02 2.999948561284211479e+01
2.520108058941240756e+02 1.701761236536543436e+02 3.127993827354105250e+01
2.520952193359387365e+02 1.702975591702056875e+02 3.211768049029878114e+01
2.520149812123227093e+02 1.716602359907912216e+02 2.789200504350335308e+01
2.520253254126075149e+02 1.713745729645637539e+02 2.852940726289574869e+01
2.520230382716591464e+02 1.709040341753809287e+02 2.971975058495856814e+01
2.520745234077521957e+02 1.712409138526970764e+02 3.070422989342149123e+01
2.520258761832472771e+02 1.716062454128584136e+02 3.075397489539749074e+01
2.519748364311568025e+02 1.721972047449078786e+02 3.206290829480656868e+01
2.520026083192713315e+02 1.728464441419457671e+02 3.152297993262782683e+01
2.520343259332676666e+02 1.726538074059204746e+02 3.100133238819920578e+01
2.519883108654877617e+02 1.733982121909756415e+02 3.125819224279073794e+01
2.520461731477357432e+02 1.732132172407520159e+02 3.232942482733528777e+01
2.519526349795813474e+02 1.737433484094772780e+02 3.053396899876421600e+01
2.520624390733503617e+02 1.734493698757315769e+02 3.279732142297052633e+01
